5 0.45357897343750003 0.7803570609375 0.699131171875 0.7464439234375 0.6012839484375 0.2235884875 0.3006071359375 0.267060725 0.3598406203125 0.5843502609375 0.3828438875 0.7234519500000001 0.39837113281250003 0.751042253125 0.425975053125 0.7746090828125001 0.45357897343750003 0.7803570609375
4 0.6161492515625 0.5294326984375 0.5509552328125 0.5415191953125 0.5504294984375 0.536264184375 0.5136264203125 0.542570178125 0.5173067312499999 0.5483507109375 0.3995369046875 0.5672687234375 0.41636111875 0.6681646890625 0.49259608593750004 0.6576547296874999 0.5046885328124999 0.657129178125 0.5183582453125 0.6655372296875 0.6340250265625 0.64504268125 0.6324477374999999 0.588288703125 0.6161492515625 0.5294326984375
0 0.4920193140625 0.6585760296875 0.424929875 0.6663769953124999 0.44166497656250003 0.781571625 0.5086053875000001 0.7743127875 0.49976420781249997 0.7411746109374999 0.4920193140625 0.6585760296875
7 0.49534361875000005 0.709614453125 0.5763408734375 0.6970384953125001 0.5730197703125001 0.6565933484375 0.5540743625 0.6603805828125 0.5512325515625001 0.6865755203125 0.4943963359375 0.696043571875 0.49534361875000005 0.709614453125
1 0.509990328125 0.77518615 0.44190232656250006 0.780489121875 0.440133834375 0.825858840625 0.486999578125 0.8176097609375 0.5226647234375 0.8128960296875001 0.509990328125 0.77518615
3 0.3262814578125 0.623693525 0.3420498625 0.702496859375 0.353468365625 0.7622787375 0.3594494890625 0.7780394171875 0.3425936078125 0.783474109375 0.3567308078125 0.8079303234375 0.3795678125 0.8231475406250001 0.3953362015625 0.79216964375 0.3763053703125 0.7715177343749999 0.3099693078125 0.38619649843750004 0.28278236875 0.2709805421875 0.26483902812500004 0.2747848625 0.270276390625 0.303588828125 0.294200825 0.43728280937499997 0.3116005125 0.5416293484375 0.3262814578125 0.623693525
2 0.314862940625 0.62967168125 0.3251939828125 0.69977954375 0.336612484375 0.7649961140625 0.344768559375 0.7818437828125 0.3594494890625 0.7758655015625 0.34911844687500004 0.7524962765625001 0.339331165625 0.6927143984375 0.32791266406249997 0.62967168125 0.314319209375 0.5497814187500001 0.2985507890625 0.466086790625 0.2838698609375 0.390000803125 0.2740825640625 0.327501578125 0.2628095828125 0.2771257125 0.2507017984375 0.2802195703125 0.2697326296875 0.3769574703125 0.28604478125 0.4622824875 0.2990945203125 0.5459771156250001 0.314862940625 0.62967168125
2 0.340962371875 0.5682594140624999 0.352924634375 0.650867115625 0.36814929375 0.736735596875 0.37793659062499996 0.7736917109375 0.3969674390625 0.7899958546875 0.3795678125 0.820973625 0.3953362015625 0.828582234375 0.423610615625 0.829125696875 0.4415539640625 0.8242344671874999 0.4415539640625 0.7802132687500001 0.4198044421875 0.7709743328124999 0.3996861359375 0.7524962765625001 0.38446144531250004 0.728583525 0.3005114515625 0.27254035 0.28658854218749996 0.2726109625 0.293657125 0.3144582765625 0.3137754484375 0.40521798750000004 0.32791266406249997 0.489456078125 0.340962371875 0.5682594140624999
2 0.5269551734375 0.8166387500000001 0.7002115296875 0.7879679875 0.6952418421875 0.7466288125 0.5085969046875001 0.7747794515625 0.5269551734375 0.8166387500000001
6 0.5843927421874999 0.692624221875 0.6006758828125001 0.6861898296875 0.613550921875 0.6752135625 0.6082494390625001 0.6718071453125 0.6305914171875 0.6710501734375 0.6358929 0.6509901124999999 0.6245325703125 0.6468267015625 0.573789778125 0.6574244609375001 0.5771978468750001 0.685054371875 0.5775765390625 0.692624221875 0.5843927421874999 0.692624221875
6 0.495544828125 0.6941208125 0.5545431171875 0.6858056171875 0.5533552328125 0.659672146875 0.5173227203125 0.6652156109375 0.5101954109375 0.6636317640625 0.5034640625 0.654128684375 0.49396098125 0.656900415625 0.495544828125 0.6941208125