5 0.751042253125 0.6016288671875001 0.7746090828125001 0.574024946875 0.7803570609375 0.5464210265625 0.7464439234375 0.300868828125 0.2235884875 0.3987160515625 0.267060725 0.6993928640625 0.5843502609375 0.6401593796875 0.7234519500000001 0.6171561125 0.751042253125 0.6016288671875001
4 0.64504268125 0.3659749734375 0.588288703125 0.3675522625 0.5294326984375 0.3838507484375 0.5415191953125 0.44904476718749997 0.536264184375 0.4495705015625 0.542570178125 0.4863735796875 0.5483507109375 0.48269326875 0.5672687234375 0.6004630953125 0.6681646890625 0.58363888125 0.6576547296874999 0.5074039140625 0.657129178125 0.4953114671875 0.6655372296875 0.4816417546875 0.64504268125 0.3659749734375
0 0.7743127875 0.4913946125 0.7411746109374999 0.5002357921875 0.6585760296875 0.5079806859375 0.6663769953124999 0.575070125 0.781571625 0.5583350234375 0.7743127875 0.4913946125
7 0.6865755203125 0.4487674484375 0.696043571875 0.5056036640625 0.709614453125 0.50465638125 0.6970384953125001 0.4236591265625 0.6565933484375 0.42698022968749993 0.6603805828125 0.44592563749999997 0.6865755203125 0.4487674484375
1 0.8176097609375 0.513000421875 0.8128960296875001 0.47733527656249997 0.77518615 0.49000967187500005 0.780489121875 0.5580976734374999 0.825858840625 0.559866165625 0.8176097609375 0.513000421875
3 0.43728280937499997 0.705799175 0.5416293484375 0.6883994875 0.623693525 0.6737185421875 0.702496859375 0.6579501375000001 0.7622787375 0.6465316343749999 0.7780394171875 0.6405505109375 0.783474109375 0.6574063921875 0.8079303234375 0.6432691921875 0.8231475406250001 0.6204321875 0.79216964375 0.6046637984375 0.7715177343749999 0.6236946296875 0.38619649843750004 0.6900306921875 0.2709805421875 0.71721763125 0.2747848625 0.735160971875 0.303588828125 0.7297236093749999 0.43728280937499997 0.705799175
2 0.4622824875 0.71395521875 0.5459771156250001 0.7009054796874999 0.62967168125 0.6851370593749999 0.69977954375 0.6748060171875 0.7649961140625 0.663387515625 0.7818437828125 0.6552314406249999 0.7758655015625 0.6405505109375 0.7524962765625001 0.650881553125 0.6927143984375 0.660668834375 0.62967168125 0.6720873359375 0.5497814187500001 0.685680790625 0.466086790625 0.7014492109375 0.390000803125 0.7161301390625 0.327501578125 0.7259174359375 0.2771257125 0.7371904171875 0.2802195703125 0.7492982015625 0.3769574703125 0.7302673703125 0.4622824875 0.71395521875
2 0.40521798750000004 0.6862245515625001 0.489456078125 0.6720873359375 0.5682594140624999 0.659037628125 0.650867115625 0.647075365625 0.736735596875 0.6318507062500001 0.7736917109375 0.622063409375 0.7899958546875 0.6030325609375 0.820973625 0.6204321875 0.828582234375 0.6046637984375 0.829125696875 0.576389384375 0.8242344671874999 0.5584460359375 0.7802132687500001 0.5584460359375 0.7709743328124999 0.5801955578125 0.7524962765625001 0.6003138640625 0.728583525 0.6155385546875001 0.27254035 0.6994885484375 0.2726109625 0.7134114578124999 0.3144582765625 0.706342875 0.40521798750000004 0.6862245515625001
2 0.7466288125 0.3047581578125 0.7747794515625 0.4914030953125 0.8166387500000001 0.4730448265625 0.7879679875 0.2997884703125 0.7466288125 0.3047581578125
6 0.685054371875 0.42280215312499997 0.692624221875 0.42242346093750005 0.692624221875 0.4156072578125 0.6861898296875 0.3993241171875 0.6752135625 0.38644907812499996 0.6718071453125 0.3917505609375 0.6710501734375 0.3694085828125 0.6509901124999999 0.3641071 0.6468267015625 0.3754674296875 0.6574244609375001 0.426210221875 0.685054371875 0.42280215312499997
6 0.654128684375 0.4965359375 0.656900415625 0.50603901875 0.6941208125 0.504455171875 0.6858056171875 0.44545688281249995 0.659672146875 0.44664476718749996 0.6652156109375 0.48267727968749996 0.6636317640625 0.4898045890625 0.654128684375 0.4965359375