5 0.714686221875 0.5308935078125 0.7107030984375 0.45123102968750006 0.7050129218750001 0.388639084375 0.2867849171875 0.4210730921875 0.30044134218749996 0.6145391078125 0.69249453125 0.583812153125 0.7107030984375 0.5508091265624999 0.714686221875 0.5308935078125
4 0.5060354203124999 0.577661446875 0.5063102500000001 0.5608884609375 0.5831397734375 0.555118534375 0.5821102359375 0.54327335 0.5903465406249999 0.541728334375 0.589317003125 0.49640765781249996 0.577992046875 0.49692268124999994 0.57284435625 0.420701540625 0.5676966296875 0.420701540625 0.56718184375 0.4160664625 0.4750378390625 0.4104013828125 0.4328265953125 0.41967152968750004 0.43179709375 0.4093713796875 0.3874313546875 0.4163825484375 0.39936648125 0.57005376875 0.48514754687500006 0.5669377359375 0.4848726984375 0.57711150625 0.5060354203124999 0.577661446875
6 0.389125475 0.54380359375 0.3922056765625 0.5310368765625 0.389565515625 0.5209115640624999 0.3785648015625 0.5156288015625 0.3653639375 0.519590878125 0.36038011875 0.5301486843750001 0.3627237765625 0.5442437921875001 0.3772447359375 0.54952655625 0.389125475 0.54380359375
0 0.7090073968749999 0.423089646875 0.57406051875 0.4308618 0.5780823328125 0.49002960937499995 0.711539075 0.484963878125 0.7090073968749999 0.423089646875
1 0.7614690937499999 0.4120123859375 0.709832684375 0.4229455515625 0.711448109375 0.48570350624999997 0.76311815 0.48680335 0.7614690937499999 0.4120123859375
7 0.52197618125 0.584535609375 0.5469866359375 0.58343575625 0.5873882109374999 0.577661446875 0.5917856421875001 0.5754617109375 0.5989314859375 0.5677626328125001 0.6041534640624999 0.5595136328125 0.6044283125 0.5454903234375 0.603878615625 0.52706754375 0.602229596875 0.508644771875 0.6014050515625 0.489672075 0.59151079375 0.48994703125 0.5926101515625 0.5116694140625 0.5893120781250001 0.512219340625 0.5901365875 0.5232180125 0.5948089046875 0.5232180125 0.5961831109375 0.5333917828125 0.5961831109375 0.5545642296875 0.5893120781250001 0.564738 0.5690176921875 0.570155728125 0.541764696875 0.5749117796875 0.5035806578125 0.57470786875 0.5035806578125 0.5627584984375 0.4870791453125 0.5627584984375 0.48764816250000004 0.5843811703124999 0.52197618125 0.584535609375
2 0.3026879078125 0.610596940625 0.303251421875 0.65543709375 0.3543717625 0.6532373781249999 0.3532723859375 0.6084177734375 0.3026879078125 0.610596940625
2 0.691817790625 0.62679746875 0.7058346296875 0.616623709375 0.7204012046875 0.5990258265625 0.7500840140625 0.6133241015625 0.7522826921875 0.6102994500000001 0.7561304625 0.59627615 0.7577794796874999 0.5800531046875 0.758878875 0.5632801374999999 0.758878875 0.5443074265625001 0.7572298203125001 0.5308340578124999 0.7572298203125001 0.5148859796874999 0.7550311046875 0.500037771875 0.7531072 0.48656440468750006 0.7116467921875 0.48381473750000004 0.7127461875 0.49453843906249995 0.713295846875 0.50691194375 0.7138455453125 0.5214851953124999 0.7138455453125 0.5341336562500001 0.7088984171875 0.55479925625 0.7036764390625 0.56854759375 0.692407975 0.58312083125 0.39750414375 0.6067679781249999 0.3931242640625 0.6103425515625001 0.3926492828125 0.649858434375 0.576659625 0.6399958812500001 0.663509225 0.6328467343749999 0.691817790625 0.62679746875
2 0.6349407796875 0.6706904265625 0.684660790625 0.66629095625 0.6973034609375001 0.660516665625 0.7069229078125 0.6566671078125 0.6997769875000001 0.64594340625 0.6893330703125 0.6500679109374999 0.67531623125 0.65391745 0.65937545 0.6572170390625 0.63354045 0.6577669890625 0.596436984375 0.6594167843750001 0.5557605984375 0.660791621875 0.5087628765625001 0.6640912109375 0.47165941250000004 0.6665659125000001 0.43373141875 0.668215725 0.3051239765625 0.6761914578125 0.3062315859375 0.689938103125 0.4917489 0.6778395546875 0.5810720640625 0.674265009375 0.6349407796875 0.6706904265625
2 0.7032738046875 0.3894199046875 0.7065189703125 0.4232623484375 0.7521943265625 0.41107573124999996 0.7497207625 0.3885284515625 0.7032738046875 0.3894199046875
3 0.6987537265625 0.6464040984375 0.7067199734375 0.65949150625 0.7186693453124999 0.652094275 0.748258265625 0.613970090625 0.7186693453124999 0.5986066125 0.7107030984375 0.610555984375 0.694770603125 0.624212409375 0.684528284375 0.6316096390625 0.66916480625 0.6316096390625 0.3027174125 0.6560774 0.3027174125 0.677700071875 0.6708718593749999 0.6543703468750001 0.6987537265625 0.6464040984375