5 0.388639084375 0.294987078125 0.4210730921875 0.7132150828125 0.6145391078125 0.6995586578124999 0.583812153125 0.30750546875 0.5508091265624999 0.2892969015625 0.5308935078125 0.28531377812500003 0.45123102968750006 0.2892969015625 0.388639084375 0.294987078125
4 0.555118534375 0.4168602265625 0.54327335 0.4178897640625 0.541728334375 0.40965345937500003 0.49640765781249996 0.410682996875 0.49692268124999994 0.42200795312499995 0.420701540625 0.42715564375000004 0.420701540625 0.4323033703125 0.4160664625 0.43281815625000003 0.4104013828125 0.5249621609374999 0.41967152968750004 0.5671734046875 0.4093713796875 0.56820290625 0.4163825484375 0.6125686453125 0.57005376875 0.60063351875 0.5669377359375 0.5148524531249999 0.57711150625 0.5151273015625 0.577661446875 0.4939645796875 0.5608884609375 0.49368975 0.555118534375 0.4168602265625
6 0.5209115640624999 0.610434484375 0.5156288015625 0.6214351984375 0.519590878125 0.6346360625 0.5301486843750001 0.63961988125 0.5442437921875001 0.6372762234375 0.54952655625 0.6227552640625 0.54380359375 0.6108745250000001 0.5310368765625 0.6077943234375 0.5209115640624999 0.610434484375
0 0.49002960937499995 0.4219176671875 0.484963878125 0.288460925 0.423089646875 0.29099260312499997 0.4308618 0.42593948125000003 0.49002960937499995 0.4219176671875
1 0.48570350624999997 0.28855189062500003 0.48680335 0.23688185 0.4120123859375 0.23853090625 0.4229455515625 0.29016731562500003 0.48570350624999997 0.28855189062500003
7 0.577661446875 0.4126117890625 0.5754617109375 0.4082143578125 0.5677626328125001 0.4010685140625 0.5595136328125 0.39584653593749997 0.5454903234375 0.3955716875 0.52706754375 0.396121384375 0.508644771875 0.397770403125 0.489672075 0.3985949484375 0.48994703125 0.40848920624999996 0.5116694140625 0.40738984843750004 0.512219340625 0.410687921875 0.5232180125 0.4098634125 0.5232180125 0.40519109531249997 0.5333917828125 0.4038168890625 0.5545642296875 0.4038168890625 0.564738 0.410687921875 0.570155728125 0.4309823078125 0.5749117796875 0.45823530312500005 0.57470786875 0.49641934218749995 0.5627584984375 0.49641934218749995 0.5627584984375 0.5129208546874999 0.5843811703124999 0.5123518375 0.584535609375 0.47802381875 0.58343575625 0.45301336406250003 0.577661446875 0.4126117890625
2 0.6532373781249999 0.6456282375 0.6084177734375 0.6467276140625 0.610596940625 0.6973120921875 0.65543709375 0.696748578125 0.6532373781249999 0.6456282375
2 0.5990258265625 0.2795987953125 0.6133241015625 0.24991598593750003 0.6102994500000001 0.24771730781249998 0.59627615 0.2438695375 0.5800531046875 0.2422205203125 0.5632801374999999 0.241121125 0.5443074265625001 0.241121125 0.5308340578124999 0.2427701796875 0.5148859796874999 0.2427701796875 0.500037771875 0.2449688953125 0.48656440468750006 0.2468928 0.48381473750000004 0.2883532078125 0.49453843906249995 0.28725381250000004 0.50691194375 0.28670415312499997 0.5214851953124999 0.2861544546875 0.5341336562500001 0.2861544546875 0.55479925625 0.2911015828125 0.56854759375 0.2963235609375 0.58312083125 0.307592025 0.6067679781249999 0.60249585625 0.6103425515625001 0.6068757359375 0.649858434375 0.6073507171875 0.6399958812500001 0.423340375 0.6328467343749999 0.336490775 0.62679746875 0.308182209375 0.616623709375 0.2941653703125 0.5990258265625 0.2795987953125
2 0.660516665625 0.3026965390625 0.6566671078125 0.2930770921875 0.64594340625 0.3002230125 0.6500679109374999 0.3106669296875 0.65391745 0.32468376875 0.6572170390625 0.34062454999999997 0.6577669890625 0.36645954999999997 0.6594167843750001 0.40356301562499997 0.660791621875 0.4442394015625 0.6640912109375 0.4912371234375 0.6665659125000001 0.5283405875 0.668215725 0.56626858125 0.6761914578125 0.6948760234375 0.689938103125 0.6937684140625 0.6778395546875 0.5082511000000001 0.674265009375 0.4189279359375 0.6706904265625 0.3650592203125 0.66629095625 0.315339209375 0.660516665625 0.3026965390625
2 0.41107573124999996 0.24780567343749998 0.3885284515625 0.2502792375 0.3894199046875 0.2967261953125 0.4232623484375 0.2934810296875 0.41107573124999996 0.24780567343749998
3 0.652094275 0.28133065468749996 0.613970090625 0.251741734375 0.5986066125 0.28133065468749996 0.610555984375 0.2892969015625 0.624212409375 0.305229396875 0.6316096390625 0.315471715625 0.6316096390625 0.33083519375 0.6560774 0.6972825874999999 0.677700071875 0.6972825874999999 0.6543703468750001 0.329128140625 0.6464040984375 0.3012462734375 0.65949150625 0.2932800265625 0.652094275 0.28133065468749996