5 0.611360915625 0.7050129218750001 0.5789269078125 0.2867849171875 0.3854608921875 0.30044134218749996 0.41618784687500004 0.69249453125 0.4491908734375 0.7107030984375 0.4691064921875 0.714686221875 0.5487689703124999 0.7107030984375 0.611360915625 0.7050129218750001
4 0.44488146562499997 0.5831397734375 0.45672664999999996 0.5821102359375 0.458271665625 0.5903465406249999 0.5035923421875 0.589317003125 0.5030773187500001 0.577992046875 0.579298459375 0.57284435625 0.579298459375 0.5676966296875 0.5839335375 0.56718184375 0.5895986171875001 0.4750378390625 0.5803284703125 0.4328265953125 0.5906286203125 0.43179709375 0.5836174515625 0.3874313546875 0.42994623125000003 0.39936648125 0.43306226406250004 0.48514754687500006 0.42288849375000004 0.4848726984375 0.422338553125 0.5060354203124999 0.4391115390625 0.5063102500000001 0.44488146562499997 0.5831397734375
6 0.4790884359375 0.389565515625 0.4843711984375 0.3785648015625 0.480409121875 0.3653639375 0.469851315625 0.36038011875 0.4557562078125 0.3627237765625 0.45047344375 0.3772447359375 0.45619640625 0.389125475 0.46896312343749996 0.3922056765625 0.4790884359375 0.389565515625
0 0.509970390625 0.5780823328125 0.5150361218749999 0.711539075 0.5769103531249999 0.7090073968749999 0.5691382 0.57406051875 0.509970390625 0.5780823328125
1 0.5142964937500001 0.711448109375 0.51319665 0.76311815 0.5879876140625 0.7614690937499999 0.5770544484375 0.709832684375 0.5142964937500001 0.711448109375
7 0.422338553125 0.5873882109374999 0.42453828906249996 0.5917856421875001 0.4322373671875 0.5989314859375 0.4404863671875 0.6041534640624999 0.45450967656249996 0.6044283125 0.47293245625 0.603878615625 0.49135522812500004 0.602229596875 0.510327925 0.6014050515625 0.51005296875 0.59151079375 0.48833058593749995 0.5926101515625 0.487780659375 0.5893120781250001 0.4767819875 0.5901365875 0.4767819875 0.5948089046875 0.4666082171875 0.5961831109375 0.4454357703125 0.5961831109375 0.435262 0.5893120781250001 0.42984427187499996 0.5690176921875 0.42508822031250004 0.541764696875 0.42529213125 0.5035806578125 0.4372415015625 0.5035806578125 0.4372415015625 0.4870791453125 0.4156188296875 0.48764816250000004 0.41546439062499996 0.52197618125 0.41656424375 0.5469866359375 0.422338553125 0.5873882109374999
2 0.346762621875 0.3543717625 0.3915822265625 0.3532723859375 0.389403059375 0.3026879078125 0.34456290625 0.303251421875 0.346762621875 0.3543717625
2 0.40097417343749997 0.7204012046875 0.3866758984375 0.7500840140625 0.38970055000000003 0.7522826921875 0.40372385 0.7561304625 0.41994689531249996 0.7577794796874999 0.43671986250000006 0.758878875 0.45569257343749997 0.758878875 0.4691659421875 0.7572298203125001 0.48511402031250006 0.7572298203125001 0.49996222812499996 0.7550311046875 0.5134355953124999 0.7531072 0.5161852625 0.7116467921875 0.5054615609375 0.7127461875 0.49308805624999996 0.713295846875 0.4785148046875 0.7138455453125 0.46586634374999997 0.7138455453125 0.44520074374999996 0.7088984171875 0.43145240625000003 0.7036764390625 0.41687916875 0.692407975 0.393232021875 0.39750414375 0.3896574484375 0.3931242640625 0.350141565625 0.3926492828125 0.36000411875 0.576659625 0.367153265625 0.663509225 0.37320253124999997 0.691817790625 0.383376290625 0.7058346296875 0.40097417343749997 0.7204012046875
2 0.339483334375 0.6973034609375001 0.34333289218749996 0.7069229078125 0.35405659375 0.6997769875000001 0.3499320890625 0.6893330703125 0.34608255 0.67531623125 0.3427829609375 0.65937545 0.34223301093749997 0.63354045 0.340583215625 0.596436984375 0.33920837812500004 0.5557605984375 0.3359087890625 0.5087628765625001 0.33343408750000003 0.47165941250000004 0.331784275 0.43373141875 0.3238085421875 0.3051239765625 0.310061896875 0.3062315859375 0.3221604453125 0.4917489 0.325734990625 0.5810720640625 0.3293095734375 0.6349407796875 0.33370904375 0.684660790625 0.339483334375 0.6973034609375001
2 0.58892426875 0.7521943265625 0.6114715484375 0.7497207625 0.6105800953125 0.7032738046875 0.5767376515625 0.7065189703125 0.58892426875 0.7521943265625
3 0.347905725 0.7186693453124999 0.38602990937500004 0.748258265625 0.40139338750000003 0.7186693453124999 0.389444015625 0.7107030984375 0.375787590625 0.694770603125 0.3683903609375 0.684528284375 0.3683903609375 0.66916480625 0.3439226 0.3027174125 0.32229992812499997 0.3027174125 0.345629653125 0.6708718593749999 0.3535959015625 0.6987537265625 0.34050849375 0.7067199734375 0.347905725 0.7186693453124999