5 0.6836027812500001 0.74501684375 0.749069428125 0.14746928125 0.3403569328125 0.10771150468749999 0.2496949625 0.8935318562499999 0.40118202968750005 0.8950551515624999 0.6714227546875 0.8912470453125 0.6836027812500001 0.74501684375
0 0.679098134375 0.27223371093750004 0.6684093359375 0.28389994375 0.6348854562499999 0.2955661921875 0.6290551265625 0.3577860828125 0.6737537640625 0.36264699375 0.6727820140625 0.37722978125 0.7296270453125 0.3791741515625 0.7383723453125 0.1468217296875 0.687382371875 0.141624225 0.685438928125 0.2539117171875 0.679098134375 0.27223371093750004
1 0.7354875843750001 0.145750815625 0.7483080859375 0.114748265625 0.6762133734375 0.1102659890625 0.6883597124999999 0.14380641875 0.7354875843750001 0.145750815625
2 0.6839870359375 0.12873757187499998 0.6776709140625 0.11221035937499999 0.3438500515625 0.076488721875 0.33757289375 0.104918965625 0.687873921875 0.142348134375 0.6839870359375 0.12873757187499998
7 0.6639724625000001 0.257310215625 0.6474534453125 0.24272742812499998 0.6289909859375 0.2310611953125 0.605669946875 0.2257141703125 0.5823489625 0.2227976296875 0.5546553000000001 0.2237698 0.5264757078125 0.22765856874999998 0.5080132203125001 0.235436034375 0.49198005 0.24710228125000003 0.48809319218749997 0.26654599375 0.48566392968749994 0.2791843984375 0.49489515937500006 0.2889062609375 0.5070415265625 0.28550360625 0.5055839578125 0.2607128703125 0.5177303249999999 0.250018821875 0.531334259375 0.24467181093749998 0.55271185625 0.2407830578125 0.5857499453125 0.2407830578125 0.60615579375 0.2436996125 0.62413240625 0.24564398281250002 0.63919388125 0.2553658453125 0.6523119703125 0.2694625484375 0.663486615625 0.2791843984375 0.66591590625 0.28404533593750003 0.67709055 0.27335128750000004 0.6639724625000001 0.257310215625
6 0.6641252453125001 0.460702871875 0.6728706015625 0.3629981953125 0.6262285765625 0.3566790078125 0.6155397781249999 0.455841946875 0.6641252453125001 0.460702871875
4 0.48469344375 0.27872094999999997 0.44259975 0.275913353125 0.4271655 0.288547628125 0.40471551406249995 0.443668590625 0.5366088296875 0.45840860625 0.6151835796875 0.46823524531249994 0.6397382140625 0.2738076109375 0.5878227484375 0.2618752515625 0.547132234375 0.26678857031250003 0.5450275859375 0.28223048125 0.49591839687499994 0.289249521875 0.48469344375 0.27872094999999997
6 0.4264638703125 0.2857399921875 0.44259975 0.275913353125 0.4874996421875 0.27872094999999997 0.49030592031250003 0.255558084375 0.46575128593750004 0.2513466796875 0.445406028125 0.2485390421875 0.41734364687500003 0.26047142343749996 0.394893740625 0.279422884375 0.36683131874999997 0.31311428281250003 0.36683131874999997 0.3531228875 0.364726590625 0.36926669218749997 0.3661297296875 0.3903238359375 0.359815703125 0.4268228515625 0.373846934375 0.435947634375 0.4031184109375 0.43534509374999997 0.4229561234375 0.321537171875 0.40962644062500003 0.3074990703125 0.4264638703125 0.2857399921875
6 0.4524219484375 0.4635815484375 0.4493769421875 0.48795326250000004 0.46231802499999997 0.5031855562499999 0.5125599843749999 0.5100401 0.5034250515625 0.5214643531250001 0.5239786078125 0.5267956234375 0.52550106875 0.513848184375 0.596296671875 0.5267956234375 0.5994069125 0.46809784062500004 0.41207606406249997 0.441494709375 0.4265396953125 0.45825025625000004 0.4524219484375 0.4635815484375
6 0.537934209375 0.1989341609375 0.499365340625 0.2121287734375 0.4567365921875 0.2405479390625 0.44963180156250004 0.25171261093749997 0.49124557968750004 0.258817403125 0.50951504375 0.23851799843750002 0.533874328125 0.22735332656249999 0.56229349375 0.224308415625 0.5876677484374999 0.224308415625 0.619131825 0.2303982359375 0.6587156640625 0.24765272968750002 0.6587156640625 0.25171261093749997 0.672925246875 0.2618623125 0.6800300375 0.26998207500000004 0.6871348296875001 0.24156290937499997 0.655670753125 0.21720362343750002 0.60187733125 0.202994040625 0.537934209375 0.1989341609375
6 0.431092609375 0.6992227390625 0.3012910984375 0.7020651078125 0.271919953125 0.7020651078125 0.251075915625 0.8943987328125 0.66606176875 0.8915563640625 0.68595835 0.7257515140625 0.577000878125 0.7030125640625 0.431092609375 0.6992227390625