5 0.8922884953124999 0.3403569328125 0.10646814375 0.2496949625 0.1049448484375 0.40118202968750005 0.10875295468749999 0.6714227546875 0.25498315625 0.6836027812500001 0.85253071875 0.749069428125 0.8922884953124999 0.3403569328125
0 0.7044338078125 0.6348854562499999 0.6422139171875 0.6290551265625 0.63735300625 0.6737537640625 0.62277021875 0.6727820140625 0.6208258484375 0.7296270453125 0.8531782703124999 0.7383723453125 0.8583757750000001 0.687382371875 0.7460882828125001 0.685438928125 0.7277662890625 0.679098134375 0.71610005625 0.6684093359375 0.7044338078125 0.6348854562499999
1 0.8897340109374999 0.6762133734375 0.85619358125 0.6883597124999999 0.854249184375 0.7354875843750001 0.8852517343749999 0.7483080859375 0.8897340109374999 0.6762133734375
2 0.9235112781250001 0.3438500515625 0.895081034375 0.33757289375 0.8576518656250001 0.687873921875 0.8712624281249999 0.6839870359375 0.8877896406250001 0.6776709140625 0.9235112781250001 0.3438500515625
7 0.7689388046875 0.6289909859375 0.7742858296875 0.605669946875 0.7772023703125 0.5823489625 0.7762302 0.5546553000000001 0.77234143125 0.5264757078125 0.7645639656250001 0.5080132203125001 0.75289771875 0.49198005 0.73345400625 0.48809319218749997 0.7208156015625 0.48566392968749994 0.7110937390625 0.49489515937500006 0.71449639375 0.5070415265625 0.7392871296875 0.5055839578125 0.749981178125 0.5177303249999999 0.7553281890625 0.531334259375 0.7592169421875 0.55271185625 0.7592169421875 0.5857499453125 0.7563003875 0.60615579375 0.7543560171875 0.62413240625 0.7446341546874999 0.63919388125 0.7305374515625 0.6523119703125 0.7208156015625 0.663486615625 0.7159546640625 0.66591590625 0.7266487125000001 0.67709055 0.742689784375 0.6639724625000001 0.757272571875 0.6474534453125 0.7689388046875 0.6289909859375
6 0.6433209921875 0.6262285765625 0.544158053125 0.6155397781249999 0.5392971281250001 0.6641252453125001 0.6370018046875 0.6728706015625 0.6433209921875 0.6262285765625
4 0.711452371875 0.4271655 0.556331409375 0.40471551406249995 0.54159139375 0.5366088296875 0.5317647546875001 0.6151835796875 0.7261923890624999 0.6397382140625 0.7381247484375 0.5878227484375 0.7332114296875 0.547132234375 0.7177695187500001 0.5450275859375 0.710750478125 0.49591839687499994 0.7212790499999999 0.48469344375 0.724086646875 0.44259975 0.711452371875 0.4271655
6 0.7212790499999999 0.4874996421875 0.7444419156250001 0.49030592031250003 0.7486533203125 0.46575128593750004 0.7514609578125 0.445406028125 0.7395285765625 0.41734364687500003 0.720577115625 0.394893740625 0.6868857171875 0.36683131874999997 0.6468771125 0.36683131874999997 0.6307333078124999 0.364726590625 0.6096761640625 0.3661297296875 0.5731771484375 0.359815703125 0.564052365625 0.373846934375 0.56465490625 0.4031184109375 0.678462828125 0.4229561234375 0.6925009296875 0.40962644062500003 0.7142600078125 0.4264638703125 0.724086646875 0.44259975 0.7212790499999999 0.4874996421875
6 0.49681444375000006 0.46231802499999997 0.4899599 0.5125599843749999 0.478535646875 0.5034250515625 0.4732043765625 0.5239786078125 0.486151815625 0.52550106875 0.4732043765625 0.596296671875 0.531902159375 0.5994069125 0.558505290625 0.41207606406249997 0.54174974375 0.4265396953125 0.5364184515625 0.4524219484375 0.5120467375 0.4493769421875 0.49681444375000006 0.46231802499999997
6 0.7594520609375001 0.4567365921875 0.7482873890625 0.44963180156250004 0.741182596875 0.49124557968750004 0.7614820015625 0.50951504375 0.7726466734375 0.533874328125 0.775691584375 0.56229349375 0.775691584375 0.5876677484374999 0.7696017640624999 0.619131825 0.7523472703125 0.6587156640625 0.7482873890625 0.6587156640625 0.7381376875 0.672925246875 0.7300179250000001 0.6800300375 0.758437090625 0.6871348296875001 0.7827963765625 0.655670753125 0.7970059593750001 0.60187733125 0.8010658390625001 0.537934209375 0.7878712265625001 0.499365340625 0.7594520609375001 0.4567365921875
6 0.29793489218749997 0.271919953125 0.1056012671875 0.251075915625 0.10844363593749999 0.66606176875 0.2742484859375 0.68595835 0.2969874359375 0.577000878125 0.3007772609375 0.431092609375 0.29793489218749997 0.3012910984375 0.29793489218749997 0.271919953125