5 0.6596430671875 0.8922884953124999 0.7503050375 0.10646814375 0.5988179703125 0.1049448484375 0.3285772453125 0.10875295468749999 0.31639721875000004 0.25498315625 0.250930571875 0.85253071875 0.6596430671875 0.8922884953124999
0 0.36511454374999996 0.7044338078125 0.3709448734375 0.6422139171875 0.3262462359375 0.63735300625 0.3272179859375 0.62277021875 0.2703729546875 0.6208258484375 0.2616276546875 0.8531782703124999 0.312617628125 0.8583757750000001 0.314561071875 0.7460882828125001 0.320901865625 0.7277662890625 0.33159066406250004 0.71610005625 0.36511454374999996 0.7044338078125
1 0.3237866265625 0.8897340109374999 0.3116402875 0.85619358125 0.264512415625 0.854249184375 0.2516919140625 0.8852517343749999 0.3237866265625 0.8897340109374999
2 0.6561499484375 0.9235112781250001 0.66242710625 0.895081034375 0.31212607812500004 0.8576518656250001 0.3160129640625 0.8712624281249999 0.3223290859375 0.8877896406250001 0.6561499484375 0.9235112781250001
7 0.37100901406250003 0.7689388046875 0.39433005312499997 0.7742858296875 0.41765103750000004 0.7772023703125 0.4453447 0.7762302 0.4735242921875 0.77234143125 0.4919867796875 0.7645639656250001 0.50801995 0.75289771875 0.5119068078125 0.73345400625 0.5143360703125001 0.7208156015625 0.5051048406249999 0.7110937390625 0.4929584734375 0.71449639375 0.4944160421875 0.7392871296875 0.48226967500000006 0.749981178125 0.468665740625 0.7553281890625 0.44728814375 0.7592169421875 0.4142500546875 0.7592169421875 0.39384420625 0.7563003875 0.37586759375 0.7543560171875 0.36080611875 0.7446341546874999 0.3476880296875 0.7305374515625 0.336513384375 0.7208156015625 0.33408409375 0.7159546640625 0.32290945 0.7266487125000001 0.33602753750000003 0.742689784375 0.3525465546875 0.757272571875 0.37100901406250003 0.7689388046875
6 0.37377142343749997 0.6433209921875 0.384460221875 0.544158053125 0.3358747546875 0.5392971281250001 0.3271293984375 0.6370018046875 0.37377142343749997 0.6433209921875
4 0.5728345 0.711452371875 0.5952844859375 0.556331409375 0.46339117031250004 0.54159139375 0.3848164203125 0.5317647546875001 0.3602617859375 0.7261923890624999 0.41217725156249996 0.7381247484375 0.45286776562500003 0.7332114296875 0.4549724140625 0.7177695187500001 0.504081603125 0.710750478125 0.51530655625 0.7212790499999999 0.5574002499999999 0.724086646875 0.5728345 0.711452371875
6 0.5125003578125 0.7212790499999999 0.5096940796875 0.7444419156250001 0.5342487140625 0.7486533203125 0.5545939718749999 0.7514609578125 0.582656353125 0.7395285765625 0.6051062593750001 0.720577115625 0.63316868125 0.6868857171875 0.63316868125 0.6468771125 0.635273409375 0.6307333078124999 0.6338702703125 0.6096761640625 0.640184296875 0.5731771484375 0.626153065625 0.564052365625 0.5968815890625 0.56465490625 0.5770438765625 0.678462828125 0.5903735593749999 0.6925009296875 0.5735361296875 0.7142600078125 0.5574002499999999 0.724086646875 0.5125003578125 0.7212790499999999
6 0.537681975 0.49681444375000006 0.487440015625 0.4899599 0.49657494843750005 0.478535646875 0.47602139218749995 0.4732043765625 0.47449893125 0.486151815625 0.40370332812500004 0.4732043765625 0.4005930875 0.531902159375 0.5879239359375 0.558505290625 0.5734603046875 0.54174974375 0.5475780515625 0.5364184515625 0.5506230578125 0.5120467375 0.537681975 0.49681444375000006
6 0.5432634078125 0.7594520609375001 0.5503681984375 0.7482873890625 0.5087544203125 0.741182596875 0.49048495625 0.7614820015625 0.466125671875 0.7726466734375 0.43770650624999996 0.775691584375 0.41233225156250003 0.775691584375 0.380868175 0.7696017640624999 0.3412843359375 0.7523472703125 0.3412843359375 0.7482873890625 0.327074753125 0.7381376875 0.3199699625 0.7300179250000001 0.3128651703125 0.758437090625 0.344329246875 0.7827963765625 0.39812266875 0.7970059593750001 0.462065790625 0.8010658390625001 0.500634659375 0.7878712265625001 0.5432634078125 0.7594520609375001
6 0.7280800468749999 0.29793489218749997 0.748924084375 0.1056012671875 0.33393823125 0.10844363593749999 0.31404165 0.2742484859375 0.42299912187500005 0.2969874359375 0.568907390625 0.3007772609375 0.6987089015625 0.29793489218749997 0.7280800468749999 0.29793489218749997