5 0.7828111703125 0.40403105625 0.6783292125 0.3212394515625 0.488022825 0.2036395578125 0.2883877265625 0.08043960781250001 0.21842208125 0.7913641499999999 0.34436009218749997 0.9229640874999999 0.4441776421875 0.7988308046875 0.7828111703125 0.40403105625
0 0.4231463 0.3230363546875 0.49338142500000004 0.20474078437499998 0.45423673124999997 0.1809178421875 0.3170357203125 0.3897672015625 0.3903025296875 0.44436519375000005 0.45599006875 0.34477443281250003 0.4231463 0.3230363546875
7 0.5631112109374999 0.3857229125 0.5833227875 0.398361309375 0.5984814421875 0.41656066875000003 0.5929232390625 0.42464921875000006 0.577764584375 0.44739836874999994 0.5934285187499999 0.45346483125 0.611618915625 0.41807725625 0.6030290265625 0.40291115624999996 0.5575530640624999 0.369040196875 0.5262252515625 0.34780766406249997 0.483780915625 0.3230363546875 0.44083141562500006 0.297254003125 0.4327468078125 0.3043314953125 0.52723575625 0.3655014359375 0.5631112109374999 0.3857229125
6 0.32815209843750004 0.26995500781250004 0.3387631390625 0.26944949218750003 0.3513953328125 0.25276676249999996 0.3579640984375 0.2391172796875 0.358974659375 0.22546778125000003 0.3493741796875 0.2158625859375 0.3321943734375 0.2143459703125 0.325120328125 0.22748992499999998 0.3236044859375 0.2396228078125 0.3210780234375 0.2633830296875 0.32815209843750004 0.26995500781250004
6 0.281050446875 0.5824818859375 0.26835773125 0.734788290625 0.286062375 0.736502459375 0.2991980796875 0.583367696875 0.281050446875 0.5824818859375
6 0.5801467109375 0.42528046406250003 0.5824311468750001 0.4092812453125 0.577862209375 0.398996084375 0.5704376609375 0.39671047812500004 0.5584442390625 0.3961391046875 0.5482161390625 0.41329479375 0.551019690625 0.42528046406250003 0.5687243328125 0.42870880156249996 0.5801467109375 0.42528046406250003
4 0.38596664999999997 0.5553291671875 0.4944790421875 0.6296109750000001 0.5013324156250001 0.6216113562500001 0.5435951421875 0.654752475 0.6281205937500001 0.5104187546875 0.6075603390625 0.4978479875 0.6189827171875 0.48013464843750003 0.5744354890625 0.4441365484375 0.529888328125 0.4249887171875 0.5184659500000001 0.443565159375 0.5076147468750001 0.434994184375 0.5224637796875 0.4269946 0.5481640796875 0.3812827296875 0.4679058109375 0.3281658453125 0.3539840515625 0.49761795312499996 0.39967346406250004 0.5319018515625 0.38596664999999997 0.5553291671875
1 0.506419284375 0.1802975140625 0.518137375 0.1724816140625 0.47083106875 0.1438233765625 0.4698980875 0.1472567953125 0.46822704374999996 0.159455140625 0.453904953125 0.1820343640625 0.49296521093749995 0.207218878125 0.506419284375 0.1802975140625
2 0.592785821875 0.2584563484375 0.662660215625 0.30231216562499996 0.7229865984375 0.3431284203125 0.7893889749999999 0.39653696250000003 0.8106551234375001 0.3709182265625 0.6787183140625 0.276259221875 0.6357521187499999 0.2519431125 0.513839146875 0.17533025 0.505645475 0.18243446875 0.49383325312500004 0.1994030015625 0.592785821875 0.2584563484375
3 0.6762083 0.319271696875 0.7180973109375001 0.3516564765625 0.7821628546875 0.401993690625 0.7865319171875 0.393126403125 0.70769715 0.3313837859375 0.5685768984374999 0.24172981718750003 0.495806334375 0.201400821875 0.4917558546875 0.20662898125 0.5667336609375 0.25203807500000003 0.6762083 0.319271696875
2 0.45764573437499995 0.1762851609375 0.466444525 0.162138709375 0.469988184375 0.1477886640625 0.4296379265625 0.12071699531249999 0.3693499734375 0.0893708375 0.3105956515625 0.054263009375000004 0.2900736453125 0.07417270468750001 0.39640840625 0.13686500937499999 0.45764573437499995 0.1762851609375
3 0.3770010875 0.13552326718750002 0.4519788953125 0.1823403953125 0.4571240109375 0.1761263296875 0.4105970515625 0.14626497656249998 0.3209190515625 0.09186335625 0.291366115625 0.0756755578125 0.28829495 0.08025793437499999 0.34250425624999997 0.1133467328125 0.3770010875 0.13552326718750002
6 0.5874619796875 0.29371648125 0.599917921875 0.2919975734375 0.5721433078125 0.27055608750000004 0.567274815625 0.28641115625 0.5668453078125 0.295005634375 0.577583175 0.29371648125 0.5874619796875 0.29371648125
6 0.4008961359375 0.6350387484375 0.3917508421875 0.6430448265625001 0.410041428125 0.655625796875 0.4231877953125 0.636754375 0.47005746875 0.6659193203125 0.49400575 0.630108290625 0.38260554999999996 0.5532624921875 0.3511685328125 0.6018707640625001 0.4008961359375 0.6350387484375
6 0.33973695 0.64247300625 0.3768896921875 0.6710661 0.39060769687499997 0.65505394375 0.3511685328125 0.6276045578125 0.33973695 0.64247300625
6 0.41404250156250005 0.65905695 0.4031824265625 0.672781659375 0.4409068078125 0.7002310453125 0.4529100296875 0.68193144375 0.41404250156250005 0.65905695
6 0.5032092046875001 0.7093808296875 0.49775660781250003 0.69869539375 0.48606176406249996 0.7053778234375 0.4854901921875 0.7150994625 0.4974934125 0.7122401296875001 0.5032092046875001 0.7093808296875
7 0.28829495 0.08025793437499999 0.286886915625 0.0932822484375 0.4459947515625 0.191844625 0.45338692968750005 0.1823403953125 0.28829495 0.08025793437499999
7 0.6762083 0.3185676796875 0.4938679046875 0.2059249640625 0.48541970156250003 0.21507718437499998 0.5642696015625 0.2629503390625 0.6357273250000001 0.3073034078125 0.6959207765625 0.3456723328125 0.7747706765625 0.4072738171875 0.7772347359375 0.405865784375 0.7811068296875 0.40234569843749995 0.6762083 0.3185676796875
6 0.6055149734375 0.49615529843750006 0.6260657843749999 0.5115684078125 0.5460644125 0.6466165953125 0.5849641609375 0.6312034859375 0.610652675 0.598175396875 0.6363411890624999 0.5776245859375 0.6517542984375 0.5541379453124999 0.686984259375 0.523311728125 0.6847823875 0.50055904375 0.6664334484375 0.47707240312500004 0.6385430624999999 0.45138388906250004 0.610652675 0.42642933281250006 0.587166034375 0.4550536765625 0.6179922515625 0.47780636093749995 0.6055149734375 0.49615529843750006