4 0.5107421875 0.33984375 0.4306640625 0.3359375 0.40625 0.5126953125 0.391637165625 0.620095234375 0.4580078125 0.625 0.5382036703125 0.6394012328125 0.5927401046874999 0.646215125 0.603515625 0.6298828125 0.61328125 0.5576171875 0.62909775625 0.3509457125 0.5107421875 0.33984375
7 0.4745778890625 0.6507577484375 0.5546875 0.6572265625 0.5529739796875 0.63826555625 0.505254665625 0.6348586093749999 0.47116941562500003 0.6291803515625001 0.4745778890625 0.6507577484375
5 0.46575996562500005 0.7068504609375 0.494123553125 0.719539434375 0.52944599375 0.7466231453125001 0.5509183109375 0.77177643125 0.5809795546875 0.7932487484374999 0.6024518718749999 0.799997190625 0.6220837046875001 0.801837675 0.6392615578124999 0.6147217671874999 0.6539854328125 0.539261909375 0.6650283390625 0.46012108281249997 0.688341140625 0.363802403125 0.718402384375 0.25030586875 0.5429428781250001 0.2128826875 0.4134954796875 0.199999296875 0.2828894671875 0.2112340875 0.36947304999999997 0.697147128125 0.40306150937499996 0.6941614875 0.43664996875 0.69640071875 0.46575996562500005 0.7068504609375
0 0.40430196562500004 0.6958158296875 0.4685044234375 0.707094640625 0.47344173125 0.6291803515625001 0.4465907765625 0.6223841859375 0.41663298125 0.6257734921875 0.40430196562500004 0.6958158296875
1 0.4025395828125 0.6953917546875 0.4006894328125 0.7149504734375001 0.3890391578125 0.736247459375 0.3877383890625 0.7471959296875 0.4284416703125 0.7485174640625 0.4654446515625 0.757503903125 0.4680743703125 0.7066356703125 0.45031418125 0.701375765625 0.4286072390625 0.6974308546875 0.4025395828125 0.6953917546875
3 0.514389646875 0.7504292609375 0.4794921875 0.728515625 0.46439795781250004 0.7247873828125 0.466796875 0.7451171875 0.49662940781250003 0.7616064171875 0.5341232125 0.7977679546875 0.5597768578125 0.8207798421874999 0.58740388125 0.8299846078125 0.6275287374999999 0.835901959375 0.624897634375 0.816177484375 0.5939817359374999 0.8102601328124999 0.568328040625 0.801712840625 0.514389646875 0.7504292609375
2 0.4814453125 0.751953125 0.467029059375 0.745826828125 0.46439795781250004 0.7550315921874999 0.49531385781250004 0.7727836 0.5282031328125 0.8063152468749999 0.5610924093749999 0.8312995531249999 0.592666084375 0.8398468453125 0.623582084375 0.8437917296874999 0.6275287374999999 0.8372169046875 0.5867460546875 0.8306420796875 0.5518834015625 0.8155199625 0.49794500937499997 0.7635788859375 0.4814453125 0.751953125
3 0.3808591671875 0.7366220875 0.3907997484375 0.7348413265625 0.3996322046875 0.7152147796875 0.379551628125 0.7148538921875 0.3740234375 0.716796875 0.3808591671875 0.7366220875
2 0.3912163390625 0.7435858359374999 0.390625 0.7373046875 0.380859375 0.7373046875 0.3825214515625 0.744178096875 0.3912163390625 0.7435858359374999
6 0.6279368953125 0.29859936249999997 0.6707507734375 0.33702207500000003 0.689413234375 0.3479999921875 0.7201514046875 0.25358990000000003 0.5477980953125 0.2151671875 0.4127697078125 0.199798103125 0.2821324859375 0.21077602031249998 0.2975015703125 0.27115456875 0.44350787656249996 0.2612744421875 0.5236466765625 0.2678611921875 0.6279368953125 0.29859936249999997
2 0.5087910015625 0.74349563125 0.519891896875 0.754596525 0.5291426421875001 0.7649044984375 0.5465869046875 0.7823487625000001 0.564295475 0.7971499546875 0.5854400359375 0.807457928125 0.607641825 0.8138012968749999 0.6250860890625 0.8135369890625 0.6242931671874999 0.7963570328125 0.6047344484375 0.794242578125 0.590990484375 0.792392428125 0.567731465625 0.78023430625 0.552137353125 0.768340490625 0.539186309375 0.753539296875 0.5206848171875 0.733980578125 0.504826396875 0.7228796843749999 0.48738213437500005 0.7128360171875 0.467823415625 0.7046425000000001 0.46518034531249997 0.7249941390625 0.4733738625 0.7260513671875 0.4921396609375 0.7342448859374999 0.5087910015625 0.74349563125
2 0.40148235468750004 0.693012990625 0.36738675 0.693012990625 0.37373011875 0.7149504734375001 0.39989651249999997 0.7149504734375001 0.40148235468750004 0.693012990625