4 0.5126953125 0.59375 0.620095234375 0.608362834375 0.625 0.5419921875 0.6394012328125 0.46179632968749995 0.646215125 0.40725989531250006 0.6298828125 0.396484375 0.5576171875 0.38671875 0.3509457125 0.37090224374999997 0.33984375 0.4892578125 0.3359375 0.5693359375 0.5126953125 0.59375
7 0.63826555625 0.4470260203125 0.6348586093749999 0.494745334375 0.6291803515625001 0.528830584375 0.6507577484375 0.5254221109375 0.6572265625 0.4453125 0.63826555625 0.4470260203125
5 0.7466231453125001 0.47055400625 0.77177643125 0.4490816890625 0.7932487484374999 0.41902044531250004 0.799997190625 0.397548128125 0.801837675 0.37791629531250004 0.6147217671874999 0.3607384421875 0.539261909375 0.3460145671875 0.46012108281249997 0.3349716609375 0.363802403125 0.311658859375 0.25030586875 0.281597615625 0.2128826875 0.45705712187499997 0.199999296875 0.5865045203125 0.2112340875 0.7171105328125 0.697147128125 0.6305269499999999 0.6941614875 0.596938490625 0.69640071875 0.5633500312499999 0.7068504609375 0.534240034375 0.719539434375 0.505876446875 0.7466231453125001 0.47055400625
0 0.6291803515625001 0.52655826875 0.6223841859375 0.5534092234375 0.6257734921875 0.58336701875 0.6958158296875 0.595698034375 0.707094640625 0.5314955765625 0.6291803515625001 0.52655826875
1 0.736247459375 0.6109608421875 0.7471959296875 0.6122616109375 0.7485174640625 0.5715583296875 0.757503903125 0.5345553484375001 0.7066356703125 0.5319256296875 0.701375765625 0.54968581875 0.6974308546875 0.5713927609375 0.6953917546875 0.5974604171875 0.7149504734375001 0.5993105671875 0.736247459375 0.6109608421875
3 0.7247873828125 0.5356020421875 0.7451171875 0.533203125 0.7616064171875 0.5033705921875 0.7977679546875 0.46587678749999994 0.8207798421874999 0.4402231421875 0.8299846078125 0.41259611874999996 0.835901959375 0.3724712625 0.816177484375 0.375102365625 0.8102601328124999 0.4060182640625 0.801712840625 0.431671959375 0.7504292609375 0.48561035312499995 0.728515625 0.5205078125 0.7247873828125 0.5356020421875
2 0.7550315921874999 0.5356020421875 0.7727836 0.5046861421875 0.8063152468749999 0.4717968671875 0.8312995531249999 0.43890759062500007 0.8398468453125 0.40733391562500004 0.8437917296874999 0.376417915625 0.8372169046875 0.3724712625 0.8306420796875 0.41325394531250004 0.8155199625 0.4481165984375 0.7635788859375 0.502054990625 0.751953125 0.5185546875 0.745826828125 0.5329709406250001 0.7550315921874999 0.5356020421875
3 0.7152147796875 0.6003677953125 0.7148538921875 0.620448371875 0.716796875 0.6259765625 0.7366220875 0.6191408328125 0.7348413265625 0.6092002515625 0.7152147796875 0.6003677953125
2 0.7373046875 0.619140625 0.744178096875 0.6174785484374999 0.7435858359374999 0.6087836609374999 0.7373046875 0.609375 0.7373046875 0.619140625
6 0.3479999921875 0.310586765625 0.25358990000000003 0.2798485953125 0.2151671875 0.4522019046875 0.199798103125 0.5872302921875 0.21077602031249998 0.7178675140624999 0.27115456875 0.7024984296875 0.2612744421875 0.5564921234375 0.2678611921875 0.47635332343750003 0.29859936249999997 0.3720631046875 0.33702207500000003 0.3292492265625 0.3479999921875 0.310586765625
2 0.7649044984375 0.4708573578125 0.7823487625000001 0.45341309531249996 0.7971499546875 0.43570452499999995 0.807457928125 0.4145599640625 0.8138012968749999 0.392358175 0.8135369890625 0.37491391093750004 0.7963570328125 0.3757068328125 0.794242578125 0.3952655515625 0.792392428125 0.40900951562500004 0.78023430625 0.432268534375 0.768340490625 0.447862646875 0.753539296875 0.46081369062500005 0.733980578125 0.47931518281249996 0.7228796843749999 0.49517360312500003 0.7128360171875 0.512617865625 0.7046425000000001 0.5321765843749999 0.7249941390625 0.5348196546875 0.7260513671875 0.5266261375 0.7342448859374999 0.5078603390625 0.74349563125 0.4912089984375 0.754596525 0.48010810312499996 0.7649044984375 0.4708573578125
2 0.7149504734375001 0.62626988125 0.7149504734375001 0.6001034875 0.693012990625 0.5985176453125 0.693012990625 0.63261325 0.7149504734375001 0.62626988125