5 0.2036395578125 0.511977175 0.08043960781250001 0.7116122734375 0.7913641499999999 0.7815779187499999 0.9229640874999999 0.6556399078124999 0.7988308046875 0.5558223578125 0.40403105625 0.21718882968750003 0.3212394515625 0.3216707875 0.2036395578125 0.511977175
0 0.1809178421875 0.54576326875 0.3897672015625 0.6829642796875001 0.44436519375000005 0.6096974703125 0.34477443281250003 0.54400993125 0.3230363546875 0.5768537 0.20474078437499998 0.506618575 0.1809178421875 0.54576326875
7 0.41656066875000003 0.4015185578125 0.42464921875000006 0.4070767609375 0.44739836874999994 0.422235415625 0.45346483125 0.40657148125000003 0.41807725625 0.388381084375 0.40291115624999996 0.3969709734375 0.369040196875 0.4424469359375 0.34780766406249997 0.4737747484375 0.3230363546875 0.5162190843750001 0.297254003125 0.5591685843749999 0.3043314953125 0.5672531921874999 0.3655014359375 0.47276424375000003 0.3857229125 0.43688878906250006 0.398361309375 0.41667721249999995 0.41656066875000003 0.4015185578125
6 0.25276676249999996 0.6486046671875 0.2391172796875 0.6420359015625 0.22546778125000003 0.6410253406249999 0.2158625859375 0.6506258203125 0.2143459703125 0.6678056265625 0.22748992499999998 0.6748796718750001 0.2396228078125 0.6763955140625 0.2633830296875 0.6789219765625 0.26995500781250004 0.6718479015625001 0.26944949218750003 0.6612368609375 0.25276676249999996 0.6486046671875
6 0.736502459375 0.713937625 0.583367696875 0.7008019203125 0.5824818859375 0.7189495531250001 0.734788290625 0.73164226875 0.736502459375 0.713937625
6 0.398996084375 0.422137790625 0.39671047812500004 0.42956233906249996 0.3961391046875 0.4415557609375 0.41329479375 0.45178386093749995 0.42528046406250003 0.448980309375 0.42870880156249996 0.43127566718750004 0.42528046406250003 0.41985328906249997 0.4092812453125 0.417568853125 0.398996084375 0.422137790625
4 0.6216113562500001 0.498667584375 0.654752475 0.4564048578125 0.5104187546875 0.37187940625000004 0.4978479875 0.3924396609375 0.48013464843750003 0.38101728281249997 0.4441365484375 0.42556451093750003 0.4249887171875 0.47011167187499997 0.443565159375 0.48153404999999994 0.434994184375 0.492385253125 0.4269946 0.4775362203125 0.3812827296875 0.4518359203125 0.3281658453125 0.5320941890625 0.49761795312499996 0.6460159484375 0.5319018515625 0.6003265359375 0.5553291671875 0.6140333499999999 0.6296109750000001 0.5055209578125 0.6216113562500001 0.498667584375
1 0.1438233765625 0.52916893125 0.1472567953125 0.5301019124999999 0.159455140625 0.53177295625 0.1820343640625 0.546095046875 0.207218878125 0.5070347890625 0.1802975140625 0.493580715625 0.1724816140625 0.48186262500000004 0.1438233765625 0.52916893125
2 0.3431284203125 0.2770134015625 0.39653696250000003 0.210611025 0.3709182265625 0.18934487656250001 0.276259221875 0.3212816859375 0.2519431125 0.36424788124999996 0.17533025 0.486160853125 0.18243446875 0.494354525 0.1994030015625 0.506166746875 0.2584563484375 0.407214178125 0.30231216562499996 0.337339784375 0.3431284203125 0.2770134015625
3 0.401993690625 0.2178371453125 0.393126403125 0.21346808281250002 0.3313837859375 0.29230285 0.24172981718750003 0.4314231015625 0.201400821875 0.504193665625 0.20662898125 0.5082441453125 0.25203807500000003 0.4332663390625 0.319271696875 0.3237917 0.3516564765625 0.2819026890625 0.401993690625 0.2178371453125
2 0.1477886640625 0.530011815625 0.12071699531249999 0.5703620734375 0.0893708375 0.6306500265625 0.054263009375000004 0.6894043484375 0.07417270468750001 0.7099263546875 0.13686500937499999 0.60359159375 0.1762851609375 0.542354265625 0.162138709375 0.533555475 0.1477886640625 0.530011815625
3 0.1761263296875 0.5428759890625 0.14626497656249998 0.5894029484375001 0.09186335625 0.6790809484375 0.0756755578125 0.708633884375 0.08025793437499999 0.7117050500000001 0.1133467328125 0.65749574375 0.13552326718750002 0.6229989125000001 0.1823403953125 0.5480211046875 0.1761263296875 0.5428759890625
6 0.27055608750000004 0.4278566921875 0.28641115625 0.432725184375 0.295005634375 0.43315469218749997 0.29371648125 0.422416825 0.29371648125 0.41253802031250003 0.2919975734375 0.40008207812499996 0.27055608750000004 0.4278566921875
6 0.655625796875 0.589958571875 0.636754375 0.5768122046874999 0.6659193203125 0.52994253125 0.630108290625 0.50599425 0.5532624921875 0.61739445 0.6018707640625001 0.6488314671875 0.6350387484375 0.5991038640624999 0.6430448265625001 0.6082491578125 0.655625796875 0.589958571875
6 0.65505394375 0.609392303125 0.6276045578125 0.6488314671875 0.64247300625 0.66026305 0.6710661 0.6231103078125 0.65505394375 0.609392303125
6 0.7002310453125 0.5590931921875 0.68193144375 0.5470899703125001 0.65905695 0.5859574984375 0.672781659375 0.5968175734375001 0.7002310453125 0.5590931921875
6 0.7053778234375 0.5139382359375 0.7150994625 0.5145098078125 0.7122401296875001 0.5025065875 0.7093808296875 0.4967907953125 0.69869539375 0.5022433921875 0.7053778234375 0.5139382359375
7 0.191844625 0.5540052484375 0.1823403953125 0.5466130703125 0.08025793437499999 0.7117050500000001 0.0932822484375 0.713113084375 0.191844625 0.5540052484375
7 0.21507718437499998 0.5145802984375 0.2629503390625 0.4357303984375 0.3073034078125 0.364272675 0.3456723328125 0.3040792234375 0.4072738171875 0.22522932343750002 0.405865784375 0.22276526406250002 0.40234569843749995 0.21889317031250002 0.3185676796875 0.3237917 0.2059249640625 0.5061320953124999 0.21507718437499998 0.5145802984375
6 0.6466165953125 0.4539355875 0.6312034859375 0.41503583906249997 0.598175396875 0.389347325 0.5776245859375 0.36365881093749997 0.5541379453124999 0.3482457015625 0.523311728125 0.313015740625 0.50055904375 0.3152176125 0.47707240312500004 0.33356655156250004 0.45138388906250004 0.36145693749999996 0.42642933281250006 0.389347325 0.4550536765625 0.41283396562499997 0.47780636093749995 0.3820077484375 0.49615529843750006 0.3944850265625 0.5115684078125 0.373934215625 0.6466165953125 0.4539355875