5 0.26332365 0.3260244796875 0.166012171875 0.4051180171875 0.2852454640625 0.5702525140625 0.31572214062500004 0.6124713984375 0.47480980625 0.7391279265625 0.6127638937500001 0.8210981875 0.6858802296875 0.7049253421875 0.7350706375 0.624762959375 0.8361248609375 0.462834909375 0.39787370625 0.181197721875 0.3151874390625 0.27204844375000004 0.26332365 0.3260244796875
0 0.5667934265625 0.3643564015625 0.5578049984375 0.35447400625 0.47870705312500006 0.28035609687499996 0.463426753125 0.2704736765625 0.43061908750000005 0.2574468796875 0.4023055828125 0.2394789125 0.3668014109375 0.21477292499999998 0.3362408375 0.24936130781250002 0.431517928125 0.3158428640625 0.42208010468749996 0.349982028125 0.5016274703125 0.42454915625 0.5667934265625 0.3643564015625
7 0.2913765953125 0.470162675 0.291668525 0.4765821234375 0.308380725 0.495363965625 0.3300633234375 0.47256944062499995 0.3097684921875 0.4579074515625 0.2995507625 0.45586490937499996 0.28933304843749996 0.4453604078125 0.28787337968750004 0.43806563125000003 0.2913765953125 0.43427236562499993 0.41901091875 0.30908640625 0.41019406875 0.3012154 0.2799911265625 0.42756113124999995 0.27648791250000004 0.44156714218750004 0.27765565 0.45032088750000004 0.2913765953125 0.470162675
4 0.28944856093750004 0.5587439453124999 0.4083353890625 0.67889278125 0.447303859375 0.639943440625 0.46513687499999995 0.6551271484375001 0.50608678125 0.6194785484375 0.48627231093749995 0.610236325 0.5827027390625 0.5118727515625 0.41494022499999994 0.342872240625 0.346250009375 0.4088880671875 0.375652375 0.44087948906249996 0.3067128328125 0.497587821875 0.3322871796875 0.5270539171874999 0.28944856093750004 0.5587439453124999
1 0.368745846875 0.21314922187500002 0.3365680859375 0.1900585578125 0.3328552765625 0.1735652375 0.2874763734375 0.2267561625 0.3019151265625 0.223869853125 0.337805696875 0.25190848125 0.368745846875 0.21314922187500002
2 0.16606500156249998 0.40508806406250003 0.257787996875 0.3319105359375 0.3380922703125 0.2521126078125 0.3046768984375 0.2220122984375 0.294776059375 0.22366162812499998 0.2003054546875 0.314787184375 0.1322371234375 0.36839048281250003 0.16606500156249998 0.40508806406250003
2 0.3706526 0.2152657671875 0.397785475 0.1816513359375 0.3999426109375 0.179392840625 0.360339209375 0.13898420312499998 0.3339369484375 0.1727954984375 0.337237228125 0.191762825 0.3706526 0.2152657671875
6 0.4104747390625 0.67122338125 0.5019047515625 0.7374909796875 0.631296915625 0.6081624125 0.5671733046874999 0.5315227984375 0.48212164843750005 0.6092311671874999 0.5072515156249999 0.61724740625 0.466081296875 0.65893188125 0.44683283281249997 0.6396928359375 0.4104747390625 0.67122338125
6 0.5919792359375 0.4975719609375 0.555650409375 0.45587248125 0.5411847859375001 0.46817910781250005 0.5786122828125 0.5055882 0.576473571875 0.5178797609375 0.5893058390625 0.5141388453125 0.5919792359375 0.4975719609375
6 0.67930270625 0.6870315 0.66803989375 0.691536625 0.6522719578125 0.7027994359374999 0.6477668343749999 0.723072496875 0.636504021875 0.7388404328125 0.6241149296875 0.7467244015625 0.6162309609375 0.75460836875 0.61285211875 0.7816391171875 0.60496815 0.801912178125 0.600463025 0.8176801140625001 0.6114330031249999 0.8210589578124999 0.7389956062499999 0.6160757875 0.7221013890625 0.6172020687499999 0.702954609375 0.62846488125 0.6995757671875 0.6397276921875 0.6916917984375 0.6678847203125 0.67930270625 0.6870315
6 0.2965281171875 0.5587190140625 0.32967246562499997 0.5228690046875 0.30396868593750004 0.497165225 0.308027178125 0.49243031718749997 0.2917932109375 0.473490690625 0.27555924374999996 0.49445956406249997 0.26879509218750003 0.5181340984375 0.26879509218750003 0.5418086328125 0.277588490625 0.556013353125 0.28705830468750004 0.5702180734375 0.2965281171875 0.5587190140625
6 0.35334699999999997 0.45455106250000005 0.367551721875 0.44237558750000006 0.3695809671875 0.43764068125 0.3465828484375 0.4092312390625 0.4101658828125 0.34767745 0.41490079062499996 0.345648203125 0.42166494375 0.35241235625 0.431811171875 0.3192680078125 0.419635696875 0.3077689484375 0.289763965625 0.435611434375 0.289763965625 0.44711049375 0.2985573640625 0.453874646875 0.308027178125 0.4565803078125 0.324937559375 0.4680793671875 0.33643661874999997 0.46605012187500006 0.35334699999999997 0.45455106250000005