5 0.3260244796875 0.73667635 0.4051180171875 0.8339878281249999 0.5702525140625 0.7147545359375 0.6124713984375 0.6842778593750001 0.7391279265625 0.52519019375 0.8210981875 0.38723610625 0.7049253421875 0.3141197703125 0.624762959375 0.2649293625 0.462834909375 0.1638751390625 0.181197721875 0.60212629375 0.27204844375000004 0.6848125609375 0.3260244796875 0.73667635
0 0.3643564015625 0.4332065734375 0.35447400625 0.44219500156249997 0.28035609687499996 0.5212929468749999 0.2704736765625 0.536573246875 0.2574468796875 0.5693809125 0.2394789125 0.5976944171875 0.21477292499999998 0.6331985890625 0.24936130781250002 0.6637591625 0.3158428640625 0.568482071875 0.349982028125 0.5779198953125 0.42454915625 0.4983725296875 0.3643564015625 0.4332065734375
7 0.470162675 0.7086234046875 0.4765821234375 0.708331475 0.495363965625 0.691619275 0.47256944062499995 0.6699366765625 0.4579074515625 0.6902315078125 0.45586490937499996 0.7004492375 0.4453604078125 0.7106669515624999 0.43806563125000003 0.7121266203125 0.43427236562499993 0.7086234046875 0.30908640625 0.58098908125 0.3012154 0.58980593125 0.42756113124999995 0.7200088734375 0.44156714218750004 0.7235120875 0.45032088750000004 0.72234435 0.470162675 0.7086234046875
4 0.5587439453124999 0.7105514390625001 0.67889278125 0.5916646109375 0.639943440625 0.5526961406249999 0.6551271484375001 0.534863125 0.6194785484375 0.49391321875000005 0.610236325 0.5137276890625 0.5118727515625 0.41729726093749997 0.342872240625 0.5850597750000001 0.4088880671875 0.6537499906249999 0.44087948906249996 0.624347625 0.497587821875 0.6932871671874999 0.5270539171874999 0.6677128203125 0.5587439453124999 0.7105514390625001
1 0.21314922187500002 0.631254153125 0.1900585578125 0.6634319140625 0.1735652375 0.6671447234375 0.2267561625 0.7125236265625 0.223869853125 0.6980848734375 0.25190848125 0.6621943031249999 0.21314922187500002 0.631254153125
2 0.40508806406250003 0.8339349984375 0.3319105359375 0.742212003125 0.2521126078125 0.6619077296875 0.2220122984375 0.6953231015625 0.22366162812499998 0.705223940625 0.314787184375 0.7996945453125 0.36839048281250003 0.8677628765625001 0.40508806406250003 0.8339349984375
2 0.2152657671875 0.6293474 0.1816513359375 0.6022145250000001 0.179392840625 0.6000573890625 0.13898420312499998 0.639660790625 0.1727954984375 0.6660630515625 0.191762825 0.662762771875 0.2152657671875 0.6293474
6 0.67122338125 0.5895252609375 0.7374909796875 0.49809524843749997 0.6081624125 0.368703084375 0.5315227984375 0.43282669531250006 0.6092311671874999 0.5178783515625 0.61724740625 0.492748484375 0.65893188125 0.533918703125 0.6396928359375 0.5531671671875 0.67122338125 0.5895252609375
6 0.4975719609375 0.4080207640625 0.45587248125 0.444349590625 0.46817910781250005 0.4588152140625 0.5055882 0.42138771718749995 0.5178797609375 0.423526428125 0.5141388453125 0.4106941609375 0.4975719609375 0.4080207640625
6 0.6870315 0.32069729375 0.691536625 0.33196010625 0.7027994359374999 0.34772804218750003 0.723072496875 0.352233165625 0.7388404328125 0.363495978125 0.7467244015625 0.37588507031249996 0.75460836875 0.38376903906250004 0.7816391171875 0.38714788125 0.801912178125 0.39503184999999996 0.8176801140625001 0.399536975 0.8210589578124999 0.38856699687499996 0.6160757875 0.26100439375 0.6172020687499999 0.2778986109375 0.62846488125 0.297045390625 0.6397276921875 0.3004242328125 0.6678847203125 0.3083082015625 0.6870315 0.32069729375
6 0.5587190140625 0.7034718828125001 0.5228690046875 0.6703275343749999 0.497165225 0.6960313140625 0.49243031718749997 0.6919728218750001 0.473490690625 0.7082067890625 0.49445956406249997 0.72444075625 0.5181340984375 0.7312049078125 0.5418086328125 0.7312049078125 0.556013353125 0.722411509375 0.5702180734375 0.7129416953125001 0.5587190140625 0.7034718828125001
6 0.45455106250000005 0.6466529999999999 0.44237558750000006 0.632448278125 0.43764068125 0.6304190328125 0.4092312390625 0.6534171515625 0.34767745 0.5898341171875 0.345648203125 0.585099209375 0.35241235625 0.57833505625 0.3192680078125 0.568188828125 0.3077689484375 0.580364303125 0.435611434375 0.710236034375 0.44711049375 0.710236034375 0.453874646875 0.7014426359375 0.4565803078125 0.6919728218750001 0.4680793671875 0.675062440625 0.46605012187500006 0.66356338125 0.45455106250000005 0.6466529999999999