4 0.49404629843750003 0.4617862171875 0.48046875 0.4560546875 0.482421875 0.4189453125 0.4013671875 0.40625 0.33786192187499997 0.401996028125 0.3076171875 0.404296875 0.30078125 0.4541015625 0.296875 0.4814453125 0.294921875 0.5029296875 0.2736263859375 0.5159426109374999 0.265625 0.5166015625 0.2642572453125 0.5279198046875 0.261654709375 0.5576023609375 0.259052175 0.596137596875 0.2744140625 0.607421875 0.4657766296875 0.6211386515624999 0.47265625 0.5478515625 0.486328125 0.5439453125 0.49573442968750003 0.5019822515625 0.49404629843750003 0.4617862171875
6 0.46881647343750005 0.5966583765625 0.53960544375 0.6023866234375 0.54168746875 0.5430214328125 0.4951171875 0.541015625 0.47089851875 0.5482289015624999 0.46881647343750005 0.5966583765625
0 0.2158203125 0.51953125 0.2099609375 0.517578125 0.18834645156250002 0.515995853125 0.1830756609375 0.5848190953125 0.25792181875 0.598883471875 0.2608366625 0.5588900875 0.264167903125 0.5255622875 0.2529296875 0.525390625 0.2412109375 0.51953125 0.2158203125 0.51953125
1 0.18838208437499998 0.5163971562499999 0.1669921875 0.51171875 0.1552734375 0.51171875 0.1279296875 0.5 0.1167872203125 0.4918434140625 0.109375 0.5576171875 0.1064163609375 0.594892353125 0.1162109375 0.58984375 0.1416015625 0.58203125 0.166137184375 0.5825601609375 0.18213600000000002 0.5851357421875 0.1854672578125 0.5551407359375 0.18838208437499998 0.5163971562499999
7 0.2666015625 0.46875 0.2744140625 0.4765625 0.2763671875 0.4765625 0.2783203125 0.478515625 0.298037903125 0.47808424687500006 0.30040128906249997 0.45579065625000004 0.283203125 0.4521484375 0.2783203125 0.44921875 0.2724609375 0.44921875 0.2685546875 0.453125 0.2607421875 0.453125 0.2548828125 0.455078125 0.251953125 0.4580078125 0.2403408703125 0.46363965625 0.23730224375 0.5045112421875 0.2315625953125 0.5200492234375 0.23831511875000003 0.5186981171875 0.2524954203125 0.52511595 0.2508072890625 0.5001201203125001 0.25350829531249996 0.4737731078125 0.2587890625 0.46875 0.2666015625 0.46875
3 0.1959467453125 0.30740648125000003 0.17366341093749998 0.306055375 0.1508329 0.5110410890625 0.1713000390625 0.5131155734374999 0.1959467453125 0.30740648125000003
3 0.14115287031249998 0.5832357140625 0.1398023734375 0.607556015625 0.1371013671875 0.6386319515625 0.156346046875 0.638969703125 0.16039756249999998 0.6153249796875 0.16276092343749998 0.598098115625 0.163436203125 0.5815468046875 0.153645040625 0.5825601609375 0.14115287031249998 0.5832357140625
2 0.17224131250000002 0.306846009375 0.1479145046875 0.30289930625 0.1262175375 0.497603809375 0.1498567609375 0.5092152671875 0.17224131250000002 0.306846009375
2 0.14009725625 0.5822500046875 0.115234375 0.5908203125 0.11175296718750001 0.6363965953124999 0.1369742015625 0.639662334375 0.14009725625 0.5822500046875
2 0.162962990625 0.5850457890625 0.15879401875000002 0.6383159921875 0.1745434703125 0.6383159921875 0.1810285375 0.586435446875 0.162962990625 0.5850457890625
0 0.1717641546875 0.5150996984375 0.18751360625 0.5150996984375 0.2102113453125 0.31082005156250003 0.1958515515625 0.30757751718750004 0.1717641546875 0.5150996984375
6 0.2500481921875 0.4877697671875 0.2500481921875 0.5090778484375 0.25190106874999996 0.5248273 0.26487120468750003 0.5248273 0.26579764375 0.516952575 0.27459880625 0.516952575 0.29544366875 0.5118571640625 0.2968333265625 0.4798950421875 0.285252846875 0.4794318234375 0.277378121875 0.4794318234375 0.26765052031250003 0.47155709687499997 0.256070040625 0.47016744062500004 0.2500481921875 0.4877697671875
6 0.25190106874999996 0.43264668906250003 0.24680565781250002 0.44052141406249995 0.2356883984375 0.4521018921875 0.227350453125 0.45349155 0.219475728125 0.4585869609375 0.21623319375 0.4729467546875 0.20465271562499998 0.48128469999999995 0.20002052343750001 0.4942548359375 0.20002052343750001 0.5039824375 0.20279983906250001 0.516952575 0.2352251796875 0.51834223125 0.241710246875 0.4650720296875 0.2546803828125 0.4553444265625 0.2690401765625 0.448859359375 0.28710572343749996 0.4521018921875 0.291737915625 0.4553444265625 0.3014655171875 0.4585869609375 0.3079505859375 0.40207422499999995 0.3195310640625 0.4002213484375 0.31026668125 0.3826190203125 0.29544366875 0.38076614375 0.28756894375000003 0.38076614375 0.27459880625 0.40346388125 0.26162867031250003 0.417823675 0.25190106874999996 0.43264668906250003
5 0.20726469062500003 0.309301940625 0.1714842609375 0.6353014156250001 0.7582833156250001 0.6909598640625 0.8274588140624999 0.381657921875 0.20726469062500003 0.309301940625