4 0.5059537015625 0.5382137828125 0.51953125 0.5439453125 0.517578125 0.5810546875 0.5986328125 0.59375 0.662138078125 0.598003971875 0.6923828125 0.595703125 0.69921875 0.5458984375 0.703125 0.5185546875 0.705078125 0.4970703125 0.7263736140625 0.48405738906250007 0.734375 0.4833984375 0.7357427546875 0.4720801953125 0.738345290625 0.44239763906249996 0.740947825 0.40386240312500005 0.7255859375 0.392578125 0.5342233703125 0.37886134843749997 0.52734375 0.4521484375 0.513671875 0.4560546875 0.5042655703125 0.4980177484375 0.5059537015625 0.5382137828125
6 0.5311835265625 0.4033416234375 0.46039455625 0.3976133765625 0.45831253125 0.45697856718749996 0.5048828125 0.458984375 0.52910148125 0.4517710984375 0.5311835265625 0.4033416234375
0 0.7841796875 0.48046875 0.7900390625 0.482421875 0.8116535484374999 0.484004146875 0.8169243390625001 0.4151809046875 0.7420781812499999 0.40111652812500004 0.7391633375 0.4411099125 0.7358320968750001 0.4744377125 0.7470703125 0.474609375 0.7587890625 0.48046875 0.7841796875 0.48046875
1 0.8116179156250001 0.48360284375000007 0.8330078125 0.48828125 0.8447265625 0.48828125 0.8720703125 0.5 0.8832127796875 0.5081565859375 0.890625 0.4423828125 0.8935836390624999 0.405107646875 0.8837890625 0.41015625 0.8583984375 0.41796875 0.833862815625 0.4174398390625 0.8178639999999999 0.4148642578125 0.8145327421875 0.4448592640625 0.8116179156250001 0.48360284375000007
7 0.7333984375 0.53125 0.7255859375 0.5234375 0.7236328125 0.5234375 0.7216796875 0.521484375 0.701962096875 0.5219157531249999 0.6995987109375 0.54420934375 0.716796875 0.5478515625 0.7216796875 0.55078125 0.7275390625 0.55078125 0.7314453125 0.546875 0.7392578125 0.546875 0.7451171875 0.544921875 0.748046875 0.5419921875 0.7596591296875 0.53636034375 0.7626977562499999 0.49548875781249996 0.7684374046875 0.4799507765625 0.76168488125 0.4813018828125 0.7475045796875001 0.47488405 0.7491927109375001 0.4998798796875 0.7464917046874999 0.5262268921875 0.7412109375 0.53125 0.7333984375 0.53125
3 0.8040532546874999 0.6925935187500001 0.8263365890625 0.693944625 0.8491671000000001 0.4889589109375 0.8286999609375 0.48688442656250003 0.8040532546874999 0.6925935187500001
3 0.8588471296875 0.41676428593750003 0.8601976265625 0.392443984375 0.8628986328125 0.36136804843750003 0.843653953125 0.361030296875 0.8396024375 0.3846750203125 0.8372390765625 0.40190188437499996 0.836563796875 0.4184531953125 0.846354959375 0.4174398390625 0.8588471296875 0.41676428593750003
2 0.8277586875 0.693153990625 0.8520854953124999 0.6971006937500001 0.8737824625 0.5023961906250001 0.8501432390625 0.4907847328125 0.8277586875 0.693153990625
2 0.85990274375 0.4177499953125 0.884765625 0.4091796875 0.8882470328125001 0.36360340468749996 0.8630257984374999 0.360337665625 0.85990274375 0.4177499953125
2 0.8370370093749999 0.4149542109375 0.8412059812500001 0.3616840078125 0.8254565296875 0.3616840078125 0.8189714625000001 0.41356455312499996 0.8370370093749999 0.4149542109375
0 0.8282358453124999 0.48490030156249997 0.8124863937500001 0.48490030156249997 0.7897886546875 0.6891799484375001 0.8041484484374999 0.6924224828125001 0.8282358453124999 0.48490030156249997
6 0.7499518078125 0.5122302328125 0.7499518078125 0.4909221515625 0.74809893125 0.4751727 0.7351287953125001 0.4751727 0.73420235625 0.483047425 0.72540119375 0.483047425 0.70455633125 0.48814283593749996 0.7031666734375001 0.5201049578125 0.714747153125 0.5205681765625 0.722621878125 0.5205681765625 0.7323494796875 0.528442903125 0.7439299593750001 0.529832559375 0.7499518078125 0.5122302328125
6 0.74809893125 0.5673533109375 0.7531943421875 0.5594785859375 0.7643116015625 0.5478981078125 0.772649546875 0.5465084499999999 0.780524271875 0.5414130390625 0.78376680625 0.5270532453125 0.795347284375 0.5187153 0.7999794765625 0.5057451640624999 0.7999794765625 0.49601756249999995 0.7972001609375 0.483047425 0.7647748203125 0.48165776875 0.758289753125 0.5349279703125001 0.7453196171875 0.5446555734375 0.7309598234375 0.551140640625 0.7128942765625 0.5478981078125 0.708262084375 0.5446555734375 0.6985344828125 0.5414130390625 0.6920494140625 0.597925775 0.6804689359375 0.5997786515625 0.68973331875 0.6173809796875 0.70455633125 0.6192338562499999 0.71243105625 0.6192338562499999 0.72540119375 0.59653611875 0.7383713296875001 0.582176325 0.74809893125 0.5673533109375
5 0.792735309375 0.6906980593750001 0.8285157390625001 0.364698584375 0.241716684375 0.3090401359375 0.1725411859375 0.618342078125 0.792735309375 0.6906980593750001