4 0.5439453125 0.513671875 0.5019822515625 0.5042655703125 0.4617862171875 0.5059537015625 0.4560546875 0.51953125 0.4189453125 0.517578125 0.40625 0.5986328125 0.401996028125 0.662138078125 0.404296875 0.6923828125 0.4541015625 0.69921875 0.4814453125 0.703125 0.5029296875 0.705078125 0.5159426109374999 0.7263736140625 0.5166015625 0.734375 0.5279198046875 0.7357427546875 0.5576023609375 0.738345290625 0.596137596875 0.740947825 0.607421875 0.7255859375 0.6211386515624999 0.5342233703125 0.5478515625 0.52734375 0.5439453125 0.513671875
6 0.541015625 0.5048828125 0.5482289015624999 0.52910148125 0.5966583765625 0.5311835265625 0.6023866234375 0.46039455625 0.5430214328125 0.45831253125 0.541015625 0.5048828125
0 0.525390625 0.7470703125 0.51953125 0.7587890625 0.51953125 0.7841796875 0.517578125 0.7900390625 0.515995853125 0.8116535484374999 0.5848190953125 0.8169243390625001 0.598883471875 0.7420781812499999 0.5588900875 0.7391633375 0.5255622875 0.7358320968750001 0.525390625 0.7470703125
1 0.5851357421875 0.8178639999999999 0.5551407359375 0.8145327421875 0.5163971562499999 0.8116179156250001 0.51171875 0.8330078125 0.51171875 0.8447265625 0.5 0.8720703125 0.4918434140625 0.8832127796875 0.5576171875 0.890625 0.594892353125 0.8935836390624999 0.58984375 0.8837890625 0.58203125 0.8583984375 0.5825601609375 0.833862815625 0.5851357421875 0.8178639999999999
7 0.4737731078125 0.7464917046874999 0.46875 0.7412109375 0.46875 0.7333984375 0.4765625 0.7255859375 0.4765625 0.7236328125 0.478515625 0.7216796875 0.47808424687500006 0.701962096875 0.45579065625000004 0.6995987109375 0.4521484375 0.716796875 0.44921875 0.7216796875 0.44921875 0.7275390625 0.453125 0.7314453125 0.453125 0.7392578125 0.455078125 0.7451171875 0.4580078125 0.748046875 0.46363965625 0.7596591296875 0.5045112421875 0.7626977562499999 0.5200492234375 0.7684374046875 0.5186981171875 0.76168488125 0.52511595 0.7475045796875001 0.5001201203125001 0.7491927109375001 0.4737731078125 0.7464917046874999
3 0.5110410890625 0.8491671000000001 0.5131155734374999 0.8286999609375 0.30740648125000003 0.8040532546874999 0.306055375 0.8263365890625 0.5110410890625 0.8491671000000001
3 0.5815468046875 0.836563796875 0.5825601609375 0.846354959375 0.5832357140625 0.8588471296875 0.607556015625 0.8601976265625 0.6386319515625 0.8628986328125 0.638969703125 0.843653953125 0.6153249796875 0.8396024375 0.598098115625 0.8372390765625 0.5815468046875 0.836563796875
2 0.497603809375 0.8737824625 0.5092152671875 0.8501432390625 0.306846009375 0.8277586875 0.30289930625 0.8520854953124999 0.497603809375 0.8737824625
2 0.6363965953124999 0.8882470328125001 0.639662334375 0.8630257984374999 0.5822500046875 0.85990274375 0.5908203125 0.884765625 0.6363965953124999 0.8882470328125001
2 0.6383159921875 0.8254565296875 0.586435446875 0.8189714625000001 0.5850457890625 0.8370370093749999 0.6383159921875 0.8412059812500001 0.6383159921875 0.8254565296875
0 0.31082005156250003 0.7897886546875 0.30757751718750004 0.8041484484374999 0.5150996984375 0.8282358453124999 0.5150996984375 0.8124863937500001 0.31082005156250003 0.7897886546875
6 0.47155709687499997 0.7323494796875 0.47016744062500004 0.7439299593750001 0.4877697671875 0.7499518078125 0.5090778484375 0.7499518078125 0.5248273 0.74809893125 0.5248273 0.7351287953125001 0.516952575 0.73420235625 0.516952575 0.72540119375 0.5118571640625 0.70455633125 0.4798950421875 0.7031666734375001 0.4794318234375 0.714747153125 0.4794318234375 0.722621878125 0.47155709687499997 0.7323494796875
6 0.40346388125 0.72540119375 0.417823675 0.7383713296875001 0.43264668906250003 0.74809893125 0.44052141406249995 0.7531943421875 0.4521018921875 0.7643116015625 0.45349155 0.772649546875 0.4585869609375 0.780524271875 0.4729467546875 0.78376680625 0.48128469999999995 0.795347284375 0.4942548359375 0.7999794765625 0.5039824375 0.7999794765625 0.516952575 0.7972001609375 0.51834223125 0.7647748203125 0.4650720296875 0.758289753125 0.4553444265625 0.7453196171875 0.448859359375 0.7309598234375 0.4521018921875 0.7128942765625 0.4553444265625 0.708262084375 0.4585869609375 0.6985344828125 0.40207422499999995 0.6920494140625 0.4002213484375 0.6804689359375 0.3826190203125 0.68973331875 0.38076614375 0.70455633125 0.38076614375 0.71243105625 0.40346388125 0.72540119375
5 0.6909598640625 0.241716684375 0.381657921875 0.1725411859375 0.309301940625 0.792735309375 0.6353014156250001 0.8285157390625001 0.6909598640625 0.241716684375