5 0.7818638531250001 0.5468279046875 0.7416857484375 0.50232314375 0.7230316875 0.46499661562499994 0.7158569781249999 0.431977009375 0.713704615625 0.398957403125 0.28244619375 0.27706541875 0.2817904453125 0.2719036390625 0.19712955000000001 0.6107136546875 0.7962131046875001 0.7248466609374999 0.7983655515625 0.581283125 0.7818638531250001 0.5468279046875
0 0.64380791875 0.5456084234375 0.706533003125 0.55920985 0.7081094796875 0.5550037890625 0.717568515625 0.5329219546874999 0.7301805046875 0.5182007109375 0.7454200125 0.5087370890625 0.7328080234375001 0.48928400468750005 0.7201960359374999 0.45668701875 0.6563333640625 0.4439018015625 0.6498201328125 0.49300154999999996 0.6267733125 0.487991371875 0.62276516875 0.5090341203125 0.648818096875 0.5095351390625 0.64380791875 0.5456084234375
1 0.7848938515625 0.5005578468749999 0.7743906375 0.480197846875 0.76421564375 0.4608230203125 0.7563382328125 0.44111979218749997 0.7363164671875 0.4539268953125 0.7224584375 0.4578366765625 0.734675325 0.49004945624999996 0.747476121875 0.5097526734375 0.7609333984375 0.503184940625 0.7714366125 0.5005578468749999 0.7848938515625 0.5005578468749999
2 0.756061134375 0.4207763625 0.75307416875 0.400978 0.713671153125 0.399001540625 0.7146169375 0.4364656453125 0.72059086875 0.45813181406250003 0.7418730375 0.451781421875 0.756061134375 0.44132186406249996 0.756061134375 0.4207763625
2 0.8005590734375 0.6177561953125 0.7986922046875 0.6670653796875 0.793465003125 0.7204836640625001 0.841256540625 0.73878783125 0.84162990625 0.61402064375 0.8397630375 0.5923544734374999 0.827441809375 0.565084996875 0.812133571875 0.53818908125 0.7971987421875 0.519511359375 0.7805253203125 0.5008578906250001 0.7680757734375 0.501580740625 0.7471670125000001 0.508304725 0.7833840109375 0.5520105984375 0.8001857093750001 0.584883390625 0.8005590734375 0.6177561953125
4 0.3850280015625 0.5134116546875 0.41295770625 0.519127353125 0.40787957031250005 0.5438955015625 0.43390507500000003 0.5629478765625 0.42565307812500003 0.588986090625 0.42628783593749997 0.6105788171875 0.6986031265625 0.6601149671875 0.707489953125 0.588986090625 0.71764615 0.5966070343750001 0.7246285578125 0.5623127343750001 0.5989446328125 0.540084975 0.612909521875 0.4607000859375 0.64147405625 0.47657707812499994 0.6503608828125 0.47086134375000005 0.649091221875 0.458159753125 0.6516303265625 0.44609325 0.6484564640625 0.44482311093750004 0.6528998421875001 0.4156094421875 0.5519718328125001 0.3914764359375 0.5126161984375 0.3863958078125 0.4567567171875 0.3825853171875 0.44088748281249995 0.39274659375 0.43580934843749997 0.4073534109375 0.43771369375 0.4219602453125 0.4047057828125 0.42005499999999996 0.3850280015625 0.5134116546875
6 0.3298032046875 0.5127765671875 0.3228207609375 0.49372419062499995 0.33424658125 0.4810226015625 0.303143015625 0.4607000859375 0.2834651625 0.46324038281249996 0.28092613125 0.47721212968750004 0.2650569703125 0.4911838765625 0.24512974375000002 0.4986301734375 0.21998844218750002 0.5870808453125 0.2917171578125 0.5953368593749999 0.2967953296875 0.54770591875 0.312664528125 0.53373420625 0.3298032046875 0.5127765671875
6 0.41422729374999995 0.517222109375 0.36711938437499997 0.5093414593750001 0.35265484687500004 0.5966070343750001 0.43073121406250003 0.6105788171875 0.42501832031250003 0.5864457765625 0.432635559375 0.5654881546875 0.410418675 0.5458006734375 0.41422729374999995 0.517222109375
6 0.510982234375 0.3908383703125 0.5480636734375001 0.3908383703125 0.6518917046875 0.4138288640625 0.6541165906249999 0.43978587031250005 0.674882196875 0.4479437875 0.67191568125 0.41605375 0.651150075 0.39232162812500004 0.633350984375 0.384905340625 0.5992360609375 0.384905340625 0.5473220453125001 0.371556021875 0.49021662812500005 0.3648813640625 0.45906821875 0.36710625 0.4256949234375 0.3856469703125 0.41012071875 0.41827863593750003 0.433852840625 0.42124515156250003 0.4360777265625 0.40567094687500005 0.4360777265625 0.39232162812500004 0.4568433328125 0.3826804546875 0.510982234375 0.3908383703125
6 0.64030079375 0.48999544375 0.65082216875 0.49149849687499997 0.655832346875 0.45793030156250003 0.64731504375 0.45692826562500005 0.64030079375 0.48999544375
6 0.62276516875 0.5410992625 0.64380791875 0.54410536875 0.65082216875 0.5095351390625 0.6247692406249999 0.5110381921875 0.62276516875 0.5410992625
6 0.6984188625 0.6598404890625 0.422859053125 0.611241759375 0.43688755312499994 0.6317834906249999 0.4524191046875 0.6478160609375 0.48398322968749996 0.6528262390624999 0.515547353125 0.6528262390624999 0.5576328515625 0.6598404890625 0.58568985 0.6668547390625 0.6102397234375 0.6738689890625 0.63679366875 0.672866953125 0.655832346875 0.6843903625000001 0.6873964703125 0.6949117375 0.6979178453125 0.696915809375 0.72597484375 0.6708628812499999 0.7470175921875 0.6287773828125001 0.7540318421875 0.593706134375 0.7510257359375 0.5726633859375 0.7455145390625 0.5571318328125 0.7229687359375 0.5566308156249999 0.710443290625 0.5571318328125 0.72597484375 0.563645065625 0.717457540625 0.5896979921875001 0.7089402375 0.5917020640625 0.6984188625 0.6598404890625