5 0.218136146875 0.4531720953125 0.2583142515625 0.49767685625 0.2769683125 0.5350033843750001 0.28414302187499996 0.5680229906250001 0.286295384375 0.601042596875 0.71755380625 0.72293458125 0.7182095546875 0.7280963609375 0.80287045 0.3892863453125 0.2037868953125 0.2751533390625 0.20163444843749997 0.418716875 0.218136146875 0.4531720953125
0 0.35619208125 0.4543915765625 0.293466996875 0.44079015000000005 0.2918905203125 0.44499621093749997 0.282431484375 0.4670780453125 0.2698194953125 0.48179928906249997 0.2545799875 0.49126291093749996 0.26719197656250004 0.5107159953125 0.27980396406249997 0.5433129812499999 0.3436666359375 0.5560981984375 0.3501798671875 0.50699845 0.3732266875 0.512008628125 0.37723483125 0.4909658796875 0.351181903125 0.4904648609375 0.35619208125 0.4543915765625
1 0.2151061484375 0.49944215312500007 0.22560936250000002 0.519802153125 0.23578435625 0.5391769796875 0.24366176718750002 0.5588802078125 0.2636835328125 0.5460731046875 0.2775415625 0.5421633234375001 0.265324675 0.50995054375 0.252523878125 0.4902473265625 0.23906660156249998 0.496815059375 0.2285633875 0.49944215312500007 0.2151061484375 0.49944215312500007
2 0.24393886562499997 0.5792236374999999 0.24692583125 0.5990219999999999 0.286328846875 0.600998459375 0.2853830625 0.5635343546875 0.27940913125 0.5418681859375 0.2581269625 0.548218578125 0.24393886562499997 0.5586781359375 0.24393886562499997 0.5792236374999999
2 0.1994409265625 0.38224380468749997 0.20130779531249998 0.3329346203125 0.20653499687500002 0.2795163359375 0.158743459375 0.26121216875000003 0.15837009375 0.38597935625 0.1602369625 0.4076455265625 0.172558190625 0.434915003125 0.187866428125 0.46181091875 0.20280125781249997 0.48048864062499996 0.2194746796875 0.499142109375 0.23192422656249997 0.498419259375 0.2528329875 0.491695275 0.2166159890625 0.4479894015625 0.199814290625 0.41511660937499995 0.1994409265625 0.38224380468749997
4 0.6149719984375001 0.4865883453125 0.5870422937499999 0.480872646875 0.5921204296875 0.4561044984375 0.566094925 0.43705212343750005 0.5743469218749999 0.411013909375 0.5737121640625 0.3894211828125 0.3013968734375 0.3398850328125 0.29251004687500004 0.411013909375 0.28235385 0.403392965625 0.2753714421875 0.437687265625 0.4010553671875 0.45991502500000003 0.387090478125 0.5392999140625 0.35852594375 0.5234229218750001 0.3496391171875 0.52913865625 0.350908778125 0.541840246875 0.3483696734375 0.55390675 0.3515435359375 0.5551768890625 0.34710015781250003 0.5843905578124999 0.4480281671875 0.6085235640625 0.4873838015625 0.6136041921875 0.5432432828125 0.6174146828125 0.5591125171875 0.60725340625 0.5641906515625 0.5926465890625 0.56228630625 0.5780397546875 0.5952942171875 0.579945 0.6149719984375001 0.4865883453125
6 0.6701967953125 0.48722343281249997 0.6771792390625 0.506275809375 0.6657534187499999 0.5189773984375 0.696856984375 0.5392999140625 0.7165348375 0.5367596171875 0.71907386875 0.5227878703125 0.7349430296875 0.5088161234374999 0.75487025625 0.5013698265625 0.7800115578125 0.4129191546875 0.7082828421875 0.40466314062500003 0.7032046703125 0.45229408125 0.687335471875 0.46626579375 0.6701967953125 0.48722343281249997
6 0.58577270625 0.482777890625 0.632880615625 0.490658540625 0.6473451531250001 0.403392965625 0.5692687859375 0.3894211828125 0.5749816796875 0.41355422343750003 0.567364440625 0.4345118453125 0.5895813249999999 0.4541993265625 0.58577270625 0.482777890625
6 0.489017765625 0.6091616296875 0.45193632656249993 0.6091616296875 0.3481082953125 0.5861711359374999 0.345883409375 0.5602141296875 0.325117803125 0.5520562124999999 0.32808431875 0.58394625 0.348849925 0.607678371875 0.366649015625 0.615094659375 0.4007639390625 0.615094659375 0.4526779546875 0.628443978125 0.509783371875 0.6351186359375001 0.5409317812500001 0.63289375 0.5743050765625 0.6143530296875 0.58987928125 0.5817213640625 0.566147159375 0.5787548484375 0.5639222734375 0.594329053125 0.5639222734375 0.607678371875 0.5431566671875 0.6173195453125 0.489017765625 0.6091616296875
6 0.35969920625 0.51000455625 0.34917783125 0.508501503125 0.34416765312500003 0.5420696984375 0.35268495624999996 0.543071734375 0.35969920625 0.51000455625
6 0.37723483125 0.45890073750000004 0.35619208125 0.45589463124999996 0.34917783125 0.4904648609375 0.375230759375 0.48896180781250004 0.37723483125 0.45890073750000004
6 0.30158113750000004 0.3401595109375 0.577140946875 0.388758240625 0.5631124468750001 0.368216509375 0.5475808953125 0.3521839390625 0.5160167703125 0.34717376093749996 0.484452646875 0.34717376093749996 0.4423671484375 0.3401595109375 0.41431015000000004 0.33314526093749997 0.3897602765625 0.3261310109375 0.36320633125 0.327133046875 0.34416765312500003 0.31560963750000004 0.3126035296875 0.3050882625 0.3020821546875 0.303084190625 0.27402515625 0.32913711874999996 0.2529824078125 0.3712226171875 0.2459681578125 0.40629386562500003 0.24897426406249998 0.4273366140625 0.2544854609375 0.4428681671875 0.2770312640625 0.443369184375 0.289556709375 0.4428681671875 0.27402515625 0.436354934375 0.282542459375 0.4103020078125 0.2910597625 0.40829793593749997 0.30158113750000004 0.3401595109375