5 0.512689728125 0.7056831875 0.6289910187500001 0.7460770734375 0.776024784375 0.797925859375 0.8091676109374999 0.6435852015625 0.8163987374999999 0.58389875 0.8176039828125001 0.48931921406249995 0.8091676109374999 0.39809156562500003 0.79711564375 0.31308360625 0.782653321875 0.25641164375000003 0.763370228125 0.2021512359375 0.23935238281250001 0.47418054375 0.195120953125 0.495876334375 0.1824663953125 0.590530578125 0.512689728125 0.7056831875
0 0.723427896875 0.402655278125 0.7164203828125 0.39143775937499997 0.7159532234375 0.382089828125 0.721559309375 0.37648105468750004 0.7290339296874999 0.3722744796875 0.7421146359375 0.36947009999999997 0.803780728125 0.361991753125 0.7981747484375 0.31291506406249997 0.7612685375 0.3189912125 0.722026415625 0.3231977890625 0.660360271875 0.323665178125 0.6201838828125 0.32600216875 0.6201117546875 0.3275593859375 0.6215853640625 0.41527502031249997 0.6524184359375 0.4143402140625 0.6533527578125 0.40499228125000003 0.723427896875 0.402655278125
1 0.8620111984375001 0.3595300265625 0.8524532546874999 0.2990805484375 0.8333374046875001 0.3089846953125 0.797117878125 0.313586225 0.803639521875 0.3612376328125 0.8548427406249999 0.355090234375 0.8620111984375001 0.3595300265625
7 0.714545915625 0.41554006406250005 0.722397071875 0.41997985781249997 0.7319550171875 0.42646880156250006 0.7384407765625001 0.43227467343750003 0.7411716125 0.44280037187500004 0.7421956609375 0.4571443109375 0.7452678453125 0.5640408421875 0.756191228125 0.562674753125 0.7531190421875 0.455027025 0.7520949546875 0.43726785625 0.7476573328125 0.42941284218750003 0.739806175 0.4140443328125 0.7329791046875 0.4099460671875 0.725127946875 0.40597744531249996 0.7220557234375 0.4025622234375 0.7066947578125 0.4035867859375 0.7073774953124999 0.413832459375 0.714545915625 0.41554006406250005
2 0.8113379078125 0.27350400937499997 0.8180564468749999 0.288924634375 0.8224036937499999 0.30948545156249996 0.8346550781250001 0.3075084359375 0.8425592171874999 0.304345259375 0.848092109375 0.2996004375 0.848487309375 0.29169243906250003 0.833074278125 0.2363363859375 0.8148948 0.185725153125 0.7891220359375 0.194853790625 0.7864399375 0.19402855624999998 0.8073858625 0.25333860937499997 0.8113379078125 0.27350400937499997
3 0.7911824296875001 0.2624328125 0.7979009234375 0.2861568296875 0.802643415625 0.3142302734375 0.8216132921874999 0.309090034375 0.8133139546875 0.27587642031250004 0.8042242156249999 0.24622139999999998 0.796715321875 0.22091578437499998 0.7896015843749999 0.19798255625 0.7706316828124999 0.2054952046875 0.7785358 0.2244743765625 0.7911824296875001 0.2624328125
2 0.8412497312499999 0.4185550046875 0.8442594703124999 0.46981273593750006 0.847537546875 0.5392217421875001 0.8451960484375001 0.6216823296875 0.8380257062500001 0.6844175906250001 0.82880566875 0.7289748203124999 0.8227178593750001 0.76056481875 0.8110104234375 0.8121026765625 0.8409813953124999 0.822410253125 0.8470692578125 0.7957042734375 0.8639278734375001 0.704352465625 0.8761035984375001 0.605961953125 0.8770401765625 0.48667854374999997 0.875635309375 0.42811276875 0.8674555421875001 0.3674225484375 0.8559668546875001 0.35455532968750003 0.8339569546875 0.35689795 0.8412497312499999 0.4185550046875
3 0.826917428125 0.48867146874999995 0.826917428125 0.5630939765625 0.8257474609375001 0.619573503125 0.823407475 0.633843078125 0.8160950625 0.6947121968750001 0.8026402359375 0.76670165 0.7921103765625 0.8059153968749999 0.8108301250000001 0.8123534953125 0.816387553125 0.7904054953124999 0.8377397953125 0.6897269203125 0.8468071765625 0.6259314046875 0.8468071765625 0.5018708937499999 0.8427122234375 0.4415870453125 0.8383247781250001 0.4038364859375 0.833289753125 0.358641446875 0.8140476015625 0.3600270046875 0.8222374921875 0.4216569109375 0.826917428125 0.48867146874999995
2 0.8155100781250001 0.690502290625 0.8254549359375 0.6240324015625001 0.8263324453124999 0.543263765625 0.8275024125 0.4918724640625 0.8239924765625 0.43377310312499995 0.8146325859375001 0.36149102499999997 0.8038102359374999 0.3632468609375 0.8084901562500001 0.398071025 0.8131700937499999 0.4279203 0.816387553125 0.5022508625000001 0.8114151250000001 0.6254475875 0.8084901562500001 0.6462359203125 0.7765293828125001 0.794352690625 0.792402853125 0.8011202078125 0.8035177109375 0.7607358843750001 0.809075140625 0.7285454828125 0.8155100781250001 0.690502290625
2 0.7886004078125 0.2824216046875 0.7953278218750001 0.3111003296875 0.8023477437500001 0.3125635234375 0.7868454234375 0.2467195265625 0.7716356281250001 0.208383690625 0.7680290375000001 0.2102967125 0.767248184375 0.21335857812499998 0.77982551875 0.250523846875 0.7886004078125 0.2824216046875
4 0.4465574109375 0.4804340140625 0.4497948734375 0.5025674765625 0.4767736203125 0.5257805890625 0.47947148593750005 0.6672187265625 0.48972344218749997 0.6785553828124999 0.619761040625 0.6720772765625 0.6192214734375 0.7298402171875 0.6996181765625 0.72498160625 0.6963807140625 0.6693780859375 0.7163449984375 0.6510235234375 0.720122028125 0.638067371875 0.7168845640625 0.6213323046875 0.7023160109375 0.6051371 0.6996181765625 0.5527726015625001 0.678574759375 0.553852265625 0.6807330265625 0.524700909375 0.7125679671875 0.5139041015625 0.7082513703125 0.402697059375 0.6559125796874999 0.40539625 0.6564521453125 0.411334478125 0.510766890625 0.4178125546875 0.5194000546875001 0.449123284375 0.474615321875 0.4512826578125 0.4465574109375 0.4804340140625
6 0.41937904687499994 0.563786321875 0.4371850015625 0.5632464890625 0.4366454359375 0.5810612515625 0.4398828671875 0.588618959375 0.4495952265625 0.5940173718749999 0.48143019843749996 0.5967165624999999 0.4798114359375 0.5259975 0.44473906249999995 0.49792580937500003 0.4285518078125 0.5184397609375 0.4242352109375 0.5330154390625 0.42207694375000004 0.5481309484375 0.41937904687499994 0.563786321875
6 0.6224283234375 0.7031583265625 0.6248502234375 0.674902825 0.5747976218749999 0.672480925 0.52635961875 0.674902825 0.5400837203125 0.6999291265625 0.5659173203125001 0.7080021265625 0.599823921875 0.7112313265625 0.6224283234375 0.7031583265625
6 0.749174428125 0.745137928125 0.757247428125 0.7193043265625 0.746752528125 0.691048825 0.749174428125 0.6514911234375 0.746752528125 0.6377670234374999 0.7209189265625 0.6369597234375 0.7071948265625 0.661986025 0.6983145265624999 0.6652152250000001 0.7007364265625 0.7241481265624999 0.6191991234375 0.7281846265625 0.6418035234375 0.7499817281250001 0.687012325 0.755632828125 0.7233408265625 0.750789028125 0.749174428125 0.745137928125
6 0.436610490625 0.42134902968750004 0.48305841406249994 0.39812506718749996 0.5573750937499999 0.349022975 0.587898015625 0.3211542203125 0.5719730125 0.3098740109375 0.19773544999999998 0.4976563328125 0.183801071875 0.59320635 0.325135471875 0.6389907328125 0.28598650625 0.5766178046875 0.2793510890625 0.5115907109375 0.33442505625 0.46049799374999995 0.436610490625 0.42134902968750004