5 0.202074140625 0.776024784375 0.3564147984375 0.8091676109374999 0.41610125 0.8163987374999999 0.5106807859375 0.8176039828125001 0.6019084343750001 0.8091676109374999 0.68691639375 0.79711564375 0.74358835625 0.782653321875 0.7978487640624999 0.763370228125 0.52581945625 0.23935238281250001 0.504123665625 0.195120953125 0.409469421875 0.1824663953125 0.2943168125 0.512689728125 0.2539229265625 0.6289910187500001 0.202074140625 0.776024784375
0 0.617910171875 0.7159532234375 0.6235189453125 0.721559309375 0.6277255203125 0.7290339296874999 0.6305299 0.7421146359375 0.638008246875 0.803780728125 0.6870849359375 0.7981747484375 0.6810087874999999 0.7612685375 0.6768022109375 0.722026415625 0.676334821875 0.660360271875 0.67399783125 0.6201838828125 0.6724406140625 0.6201117546875 0.5847249796875 0.6215853640625 0.5856597859375 0.6524184359375 0.59500771875 0.6533527578125 0.597344721875 0.723427896875 0.608562240625 0.7164203828125 0.617910171875 0.7159532234375
1 0.6910153046875 0.8333374046875001 0.686413775 0.797117878125 0.6387623671875 0.803639521875 0.644909765625 0.8548427406249999 0.6404699734375 0.8620111984375001 0.7009194515625 0.8524532546874999 0.6910153046875 0.8333374046875001
7 0.5735311984375 0.7319550171875 0.5677253265625 0.7384407765625001 0.557199628125 0.7411716125 0.5428556890625 0.7421956609375 0.43595915781250005 0.7452678453125 0.43732524687499996 0.756191228125 0.5449729750000001 0.7531190421875 0.56273214375 0.7520949546875 0.5705871578124999 0.7476573328125 0.5859556671874999 0.739806175 0.5900539328125001 0.7329791046875 0.5940225546875 0.725127946875 0.5974377765625001 0.7220557234375 0.5964132140625 0.7066947578125 0.586167540625 0.7073774953124999 0.5844599359375 0.714545915625 0.5800201421875 0.722397071875 0.5735311984375 0.7319550171875
2 0.6905145484374999 0.8224036937499999 0.6924915640625 0.8346550781250001 0.695654740625 0.8425592171874999 0.7003995625 0.848092109375 0.7083075609375 0.848487309375 0.7636636140624999 0.833074278125 0.814274846875 0.8148948 0.805146209375 0.7891220359375 0.8059714437500001 0.7864399375 0.746661390625 0.8073858625 0.7264959906249999 0.8113379078125 0.711075365625 0.8180564468749999 0.6905145484374999 0.8224036937499999
3 0.6857697265625 0.802643415625 0.6909099656250001 0.8216132921874999 0.7241235796875001 0.8133139546875 0.7537786 0.8042242156249999 0.779084215625 0.796715321875 0.80201744375 0.7896015843749999 0.7945047953125 0.7706316828124999 0.7755256234375 0.7785358 0.7375671875 0.7911824296875001 0.7138431703125 0.7979009234375 0.6857697265625 0.802643415625
2 0.4607782578125 0.847537546875 0.3783176703125 0.8451960484375001 0.31558240937500004 0.8380257062500001 0.2710251796875 0.82880566875 0.23943518125000002 0.8227178593750001 0.1878973234375 0.8110104234375 0.177589746875 0.8409813953124999 0.2042957265625 0.8470692578125 0.295647534375 0.8639278734375001 0.394038046875 0.8761035984375001 0.51332145625 0.8770401765625 0.5718872312500001 0.875635309375 0.6325774515625 0.8674555421875001 0.6454446703125 0.8559668546875001 0.64310205 0.8339569546875 0.5814449953125 0.8412497312499999 0.5301872640624999 0.8442594703124999 0.4607782578125 0.847537546875
3 0.380426496875 0.8257474609375001 0.366156921875 0.823407475 0.30528780312500003 0.8160950625 0.23329835000000002 0.8026402359375 0.194084603125 0.7921103765625 0.1876465046875 0.8108301250000001 0.2095945046875 0.816387553125 0.3102730796875 0.8377397953125 0.3740685953125 0.8468071765625 0.49812910625000006 0.8468071765625 0.5584129546875001 0.8427122234375 0.5961635140625 0.8383247781250001 0.641358553125 0.833289753125 0.6399729953125 0.8140476015625 0.5783430890625 0.8222374921875 0.51132853125 0.826917428125 0.43690602343749996 0.826917428125 0.380426496875 0.8257474609375001
2 0.456736234375 0.8263324453124999 0.5081275359374999 0.8275024125 0.566226896875 0.8239924765625 0.6385089749999999 0.8146325859375001 0.6367531390625001 0.8038102359374999 0.6019289750000001 0.8084901562500001 0.5720797 0.8131700937499999 0.49774913749999994 0.816387553125 0.37455241250000004 0.8114151250000001 0.3537640796875 0.8084901562500001 0.20564730937500003 0.7765293828125001 0.19887979218750002 0.792402853125 0.239264115625 0.8035177109375 0.2714545171875 0.809075140625 0.309497709375 0.8155100781250001 0.3759675984375 0.8254549359375 0.456736234375 0.8263324453124999
2 0.6874364765625 0.8023477437500001 0.7532804734375 0.7868454234375 0.7916163093749999 0.7716356281250001 0.7897032875 0.7680290375000001 0.786641421875 0.767248184375 0.749476153125 0.77982551875 0.7175783953125 0.7886004078125 0.6888996703125 0.7953278218750001 0.6874364765625 0.8023477437500001
4 0.47421941093750003 0.4767736203125 0.3327812734375 0.47947148593750005 0.3214446171875 0.48972344218749997 0.3279227234375 0.619761040625 0.2701597828125 0.6192214734375 0.27501839375000003 0.6996181765625 0.3306219140625 0.6963807140625 0.34897647656249997 0.7163449984375 0.36193262812500004 0.720122028125 0.3786676953125 0.7168845640625 0.3948629 0.7023160109375 0.4472273984375 0.6996181765625 0.44614773437500005 0.678574759375 0.475299090625 0.6807330265625 0.4860958984375 0.7125679671875 0.597302940625 0.7082513703125 0.59460375 0.6559125796874999 0.588665521875 0.6564521453125 0.5821874453125 0.510766890625 0.5508767156250001 0.5194000546875001 0.5487173421875 0.474615321875 0.5195659859374999 0.4465574109375 0.4974325234375 0.4497948734375 0.47421941093750003 0.4767736203125
6 0.41893874843749995 0.4366454359375 0.41138104062499997 0.4398828671875 0.405982628125 0.4495952265625 0.4032834375 0.48143019843749996 0.4740025 0.4798114359375 0.5020741906249999 0.44473906249999995 0.4815602390625 0.4285518078125 0.46698456093749996 0.4242352109375 0.4518690515625 0.42207694375000004 0.436213678125 0.41937904687499994 0.4367535109375 0.4371850015625 0.41893874843749995 0.4366454359375
6 0.327519075 0.5747976218749999 0.325097175 0.52635961875 0.3000708734375 0.5400837203125 0.2919978734375 0.5659173203125001 0.2887686734375 0.599823921875 0.2968416734375 0.6224283234375 0.325097175 0.6248502234375 0.327519075 0.5747976218749999
6 0.30895117499999997 0.746752528125 0.3485088765625 0.749174428125 0.3622329765625 0.746752528125 0.3630402765625 0.7209189265625 0.338013975 0.7071948265625 0.33478477500000003 0.6983145265624999 0.2758518734375 0.7007364265625 0.2718153734375 0.6191991234375 0.25001827187500003 0.6418035234375 0.244367171875 0.687012325 0.24921097187500002 0.7233408265625 0.254862071875 0.749174428125 0.2806956734375 0.757247428125 0.30895117499999997 0.746752528125
6 0.650977025 0.5573750937499999 0.6788457796875 0.587898015625 0.6901259890625 0.5719730125 0.5023436671875 0.19773544999999998 0.40679365 0.183801071875 0.3610092671875 0.325135471875 0.4233821953125 0.28598650625 0.48840928906250003 0.2793510890625 0.53950200625 0.33442505625 0.5786509703125 0.436610490625 0.6018749328124999 0.48305841406249994 0.650977025 0.5573750937499999