5 0.2767634203125 0.6323057000000001 0.42805016875 0.6446151203125 0.5694099640625 0.65732161875 0.7854204390625 0.676381365625 0.7949503124999999 0.5858475640624999 0.799318171875 0.32973220312499996 0.4951563640625 0.32615850156250004 0.23030528593750002 0.3198052515625 0.20250982031250003 0.622775825 0.2767634203125 0.6323057000000001
2 0.8018438343750001 0.6835006859375 0.8086796734374999 0.5925840359375 0.7970587484375 0.5898497 0.787488575 0.6800827671875 0.8018438343750001 0.6835006859375
2 0.8150826921875 0.3277138546875 0.7982327 0.3279994484375 0.7969352421875 0.5205517453125 0.81414834375 0.52012415 0.8150826921875 0.3277138546875
2 0.8626827968749999 0.323935590625 0.833972275 0.3259863421875 0.8353394421875 0.5187569828124999 0.8619992125 0.5105539765625 0.8626827968749999 0.323935590625
2 0.8572141249999999 0.6042049609375 0.8291871890625 0.5939512031249999 0.8203005984375 0.6903365234375001 0.8476439515624999 0.696488778125 0.8572141249999999 0.6042049609375
1 0.79615791875 0.5211917406250001 0.7931600140625 0.5918566453125 0.8319215234374999 0.5939512031249999 0.8647335484375 0.6062557125 0.87020221875 0.5091868078124999 0.8319215234374999 0.519440565625 0.8120975921875001 0.52012415 0.79615791875 0.5211917406250001
0 0.7922736609375 0.59121686875 0.7970587484375 0.5214913171875 0.717079440625 0.5132883109375 0.7136615203125001 0.5864317812500001 0.7922736609375 0.59121686875
3 0.8298146546874999 0.5933488390625 0.8088244015624999 0.592229359375 0.8021075203124999 0.6831871203125 0.8202990734375 0.68962413125 0.8298146546874999 0.5933488390625
3 0.836251665625 0.3266326953125 0.8149815421875 0.32747230625 0.8144218015625 0.5200228890624999 0.8340127046875001 0.5191832796875 0.836251665625 0.3266326953125
4 0.4937335046875 0.41941471249999995 0.49090138124999994 0.4694488921875 0.4937335046875 0.508154578125 0.5069500796875 0.508154578125 0.5060060390625 0.5883980734375001 0.7061427546875 0.5997265671875 0.69670234375 0.5478043046875001 0.5871935749999999 0.5440281406249999 0.6277873421875 0.513818825 0.6655489875 0.5175949890625 0.6589406999999999 0.477001221875 0.6731013156250001 0.3854292328125 0.5126143265625001 0.3778769046875 0.5126143265625001 0.4203587546875 0.4937335046875 0.41941471249999995
4 0.711767675 0.50142288125 0.6913829203125 0.50142288125 0.6922322859375 0.448762265625 0.6676007078125 0.4623521015625 0.665901978125 0.5175608125 0.6285299281250001 0.5133139875 0.5869110546874999 0.54558985 0.6998765687499999 0.54813794375 0.711767675 0.50142288125
6 0.7152144828125 0.4505268375 0.7002249578125 0.44581584375 0.6967987812499999 0.44924202031249993 0.69294433125 0.5027760390625 0.7087904015625 0.5057739437500001 0.7182123875 0.5121980265625 0.731488825 0.5121980265625 0.7302040078124999 0.4685142671875 0.727206103125 0.4535247421875 0.7152144828125 0.4505268375
6 0.7554720640625 0.41883469843750004 0.737484634375 0.40855616718750004 0.7164993 0.3978493640625 0.693800875 0.39356664218750004 0.6762417171874999 0.39356664218750004 0.6762417171874999 0.43125459062499993 0.6912312421875 0.4325394078125 0.7152144828125 0.43725040000000004 0.7361998187500001 0.44453102656250004 0.7464783500000001 0.4805058875 0.7464783500000001 0.5164807484375 0.7734594953125 0.5181938359375 0.7738877671875 0.4967802296875 0.7747443109375001 0.4685142671875 0.77174640625 0.4475289328125 0.7554720640625 0.41883469843750004
6 0.5861710765625 0.35215493124999997 0.5711548 0.35215493124999997 0.5657918453125 0.36127195625 0.5657918453125 0.37789711875 0.63121990625 0.38540525625 0.63121990625 0.37414305 0.6290747234375 0.3628808421875 0.614058446875 0.3537638171875 0.5861710765625 0.35215493124999997
6 0.4311816515625 0.47764809843749995 0.42152833125000005 0.51304360625 0.42313721875 0.5639916875 0.43064535625 0.5956331265625 0.43976238125 0.6031412656249999 0.44941570156250005 0.6031412656249999 0.460677909375 0.6031412656249999 0.46979493437500003 0.592415353125 0.4773030734375 0.5827620328124999 0.507335625 0.5827620328124999 0.5094808078125 0.5098258328124999 0.5057267390625 0.5092895375000001 0.4912467578125 0.5092895375000001 0.4912467578125 0.4985636265625 0.47623048125 0.49802732968749996 0.4649682734375 0.48354735 0.447806815625 0.4760392109375 0.4311816515625 0.47764809843749995
7 0.692950365625 0.4381947859375 0.6928797531249999 0.45068568437499995 0.7230049609375 0.452568509375 0.7291241421875 0.4591583984375 0.732118284375 0.516022646875 0.747157128125 0.5167062312499999 0.7457899609374999 0.47022252968749995 0.743055625 0.453132934375 0.728700365625 0.43809409062500004 0.692950365625 0.4381947859375
6 0.2650475171875 0.602673684375 0.27533586875 0.602673684375 0.28219476875 0.59434501875 0.275825790625 0.58062721875 0.267497125 0.5771977671874999 0.264067675 0.5463327140625001 0.2772955546875 0.5463327140625001 0.2807250046875 0.537514128125 0.2841544546875 0.5272257765624999 0.2812149265625 0.5120382109375 0.2655374390625 0.5100785250000001 0.2586785390625 0.496360725 0.25720877343750004 0.4640259078125 0.2537793234375 0.45373755625 0.26700720312500004 0.4400197546875 0.27533586875 0.426301953125 0.2723963390625 0.4091547015625 0.2738661046875 0.3954369 0.28219476875 0.3949469796875 0.29591257031249996 0.3954369 0.30130170624999997 0.38514855 0.2929730421875 0.3748601984375 0.279255240625 0.3748601984375 0.2723963390625 0.38318886406249997 0.260638225 0.3714307484375 0.263577753125 0.3439951453125 0.2621079890625 0.3214587578125 0.23075301406249998 0.31998899375 0.20184764687499998 0.6232503859375 0.2194848203125 0.62472015 0.23075301406249998 0.609532584375 0.237611915625 0.59434501875 0.24104136562499998 0.58748611875 0.24985995156250002 0.5889558828125 0.2532894015625 0.599244234375 0.2650475171875 0.602673684375