5 0.6801947484374999 0.23030528593750002 0.377224175 0.20250982031250003 0.36769430000000003 0.2767634203125 0.3553848796875 0.42805016875 0.34267838125 0.5694099640625 0.323618634375 0.7854204390625 0.41415243593750006 0.7949503124999999 0.6702677968749999 0.799318171875 0.6738414984375 0.4951563640625 0.6801947484374999 0.23030528593750002
2 0.4101503 0.7970587484375 0.3199172328125 0.787488575 0.3164993140625 0.8018438343750001 0.4074159640625 0.8086796734374999 0.4101503 0.7970587484375
2 0.47944825468749996 0.7969352421875 0.47987585 0.81414834375 0.6722861453125 0.8150826921875 0.6720005515625 0.7982327 0.47944825468749996 0.7969352421875
2 0.48124301718750007 0.8353394421875 0.4894460234375 0.8619992125 0.676064409375 0.8626827968749999 0.6740136578125 0.833972275 0.48124301718750007 0.8353394421875
2 0.30966347656250004 0.8203005984375 0.303511221875 0.8476439515624999 0.3957950390625 0.8572141249999999 0.40604879687500006 0.8291871890625 0.30966347656250004 0.8203005984375
1 0.48055943437500004 0.8319215234374999 0.47987585 0.8120975921875001 0.47880825937499993 0.79615791875 0.4081433546875 0.7931600140625 0.40604879687500006 0.8319215234374999 0.3937442875 0.8647335484375 0.4908131921875 0.87020221875 0.48055943437500004 0.8319215234374999
0 0.48671168906249995 0.717079440625 0.41356821874999994 0.7136615203125001 0.40878313125 0.7922736609375 0.47850868281250003 0.7970587484375 0.48671168906249995 0.717079440625
3 0.3168128796875 0.8021075203124999 0.31037586875 0.8202990734375 0.4066511609375 0.8298146546874999 0.407770640625 0.8088244015624999 0.3168128796875 0.8021075203124999
3 0.47997711093750006 0.8144218015625 0.48081672031249995 0.8340127046875001 0.6733673046875001 0.836251665625 0.67252769375 0.8149815421875 0.47997711093750006 0.8144218015625
4 0.6221230953125 0.5126143265625001 0.5796412453124999 0.5126143265625001 0.5805852875 0.4937335046875 0.5305511078125 0.49090138124999994 0.491845421875 0.4937335046875 0.491845421875 0.5069500796875 0.4116019265625 0.5060060390625 0.40027343281250005 0.7061427546875 0.4521956953125 0.69670234375 0.45597185937500007 0.5871935749999999 0.486181175 0.6277873421875 0.48240501093750005 0.6655489875 0.5229987781250001 0.6589406999999999 0.6145707671875 0.6731013156250001 0.6221230953125 0.5126143265625001
4 0.45441015 0.5869110546874999 0.45186205625 0.6998765687499999 0.49857711875 0.711767675 0.49857711875 0.6913829203125 0.551237734375 0.6922322859375 0.5376478984374999 0.6676007078125 0.4824391875 0.665901978125 0.4866860125 0.6285299281250001 0.45441015 0.5869110546874999
6 0.5314857328125 0.7302040078124999 0.5464752578125001 0.727206103125 0.5494731625 0.7152144828125 0.5541841562500001 0.7002249578125 0.5507579796875001 0.6967987812499999 0.49722396093750004 0.69294433125 0.49422605624999993 0.7087904015625 0.4878019734375 0.7182123875 0.4878019734375 0.731488825 0.5314857328125 0.7302040078124999
6 0.5314857328125 0.7747443109375001 0.5524710671874999 0.77174640625 0.5811653015625 0.7554720640625 0.5914438328125 0.737484634375 0.6021506359375 0.7164993 0.6064333578125 0.693800875 0.6064333578125 0.6762417171874999 0.5687454093750001 0.6762417171874999 0.5674605921875 0.6912312421875 0.5627496 0.7152144828125 0.5554689734375 0.7361998187500001 0.5194941125 0.7464783500000001 0.4835192515625 0.7464783500000001 0.48180616406250004 0.7734594953125 0.5032197703125 0.7738877671875 0.5314857328125 0.7747443109375001
6 0.6371191578125 0.6290747234375 0.6462361828125001 0.614058446875 0.6478450687499999 0.5861710765625 0.6478450687499999 0.5711548 0.63872804375 0.5657918453125 0.62210288125 0.5657918453125 0.61459474375 0.63121990625 0.62585695 0.63121990625 0.6371191578125 0.6290747234375
6 0.51645265 0.4649682734375 0.5239607890625 0.447806815625 0.5223519015625 0.4311816515625 0.48695639375 0.42152833125000005 0.4360083125 0.42313721875 0.4043668734375 0.43064535625 0.39685873437499997 0.43976238125 0.39685873437499997 0.44941570156250005 0.39685873437499997 0.460677909375 0.407584646875 0.46979493437500003 0.41723796718750006 0.4773030734375 0.41723796718750006 0.507335625 0.49017416718750006 0.5094808078125 0.49071046249999994 0.5057267390625 0.49071046249999994 0.4912467578125 0.5014363734375 0.4912467578125 0.5019726703125 0.47623048125 0.51645265 0.4649682734375
7 0.546867065625 0.743055625 0.561905909375 0.728700365625 0.5618052140625001 0.692950365625 0.549314315625 0.6928797531249999 0.547431490625 0.7230049609375 0.5408416015624999 0.7291241421875 0.48397735312499995 0.732118284375 0.48329376875 0.747157128125 0.5297774703125 0.7457899609374999 0.546867065625 0.743055625
6 0.4110441171875 0.24985995156250002 0.40075576562500004 0.2532894015625 0.397326315625 0.2650475171875 0.397326315625 0.27533586875 0.40565498125 0.28219476875 0.41937278125 0.275825790625 0.4228022328125 0.267497125 0.4536672859375 0.264067675 0.4536672859375 0.2772955546875 0.46248587187499995 0.2807250046875 0.47277422343750003 0.2841544546875 0.4879617890625 0.2812149265625 0.48992147499999994 0.2655374390625 0.503639275 0.2586785390625 0.5359740921875 0.25720877343750004 0.54626244375 0.2537793234375 0.5599802453125 0.26700720312500004 0.5736980468749999 0.27533586875 0.5908452984375 0.2723963390625 0.6045631 0.2738661046875 0.6050530203125 0.28219476875 0.6045631 0.29591257031249996 0.61485145 0.30130170624999997 0.6251398015625 0.2929730421875 0.6251398015625 0.279255240625 0.6168111359374999 0.2723963390625 0.6285692515625 0.260638225 0.6560048546874999 0.263577753125 0.6785412421875 0.2621079890625 0.68001100625 0.23075301406249998 0.3767496140625 0.20184764687499998 0.37527984999999997 0.2194848203125 0.390467415625 0.23075301406249998 0.40565498125 0.237611915625 0.41251388125000005 0.24104136562499998 0.4110441171875 0.24985995156250002