5 0.7232365796875 0.36769430000000003 0.57194983125 0.3553848796875 0.4305900359375 0.34267838125 0.2145795609375 0.323618634375 0.2050496875 0.41415243593750006 0.20068182812500002 0.6702677968749999 0.5048436359374999 0.6738414984375 0.7696947140625 0.6801947484374999 0.7974901796875 0.377224175 0.7232365796875 0.36769430000000003
2 0.198156165625 0.3164993140625 0.1913203265625 0.4074159640625 0.20294125156249998 0.4101503 0.21251142500000003 0.3199172328125 0.198156165625 0.3164993140625
2 0.1849173078125 0.6722861453125 0.20176729999999998 0.6720005515625 0.2030647578125 0.47944825468749996 0.18585165625 0.47987585 0.1849173078125 0.6722861453125
2 0.137317203125 0.676064409375 0.16602772500000001 0.6740136578125 0.1646605578125 0.48124301718750007 0.1380007875 0.4894460234375 0.137317203125 0.676064409375
2 0.142785875 0.3957950390625 0.1708128109375 0.40604879687500006 0.1796994015625 0.30966347656250004 0.1523560484375 0.303511221875 0.142785875 0.3957950390625
1 0.20384208125 0.47880825937499993 0.2068399859375 0.4081433546875 0.1680784765625 0.40604879687500006 0.1352664515625 0.3937442875 0.12979778125000002 0.4908131921875 0.1680784765625 0.48055943437500004 0.1879024078125 0.47987585 0.20384208125 0.47880825937499993
0 0.20772633906250002 0.40878313125 0.20294125156249998 0.47850868281250003 0.282920559375 0.48671168906249995 0.28633847968750004 0.41356821874999994 0.20772633906250002 0.40878313125
3 0.1701853453125 0.4066511609375 0.1911755984375 0.407770640625 0.19789247968749998 0.3168128796875 0.1797009265625 0.31037586875 0.1701853453125 0.4066511609375
3 0.163748334375 0.6733673046875001 0.18501845781249998 0.67252769375 0.1855781984375 0.47997711093750006 0.1659872953125 0.48081672031249995 0.163748334375 0.6733673046875001
4 0.5062664953125 0.5805852875 0.5090986187500001 0.5305511078125 0.5062664953125 0.491845421875 0.49304992031249995 0.491845421875 0.49399396093750003 0.4116019265625 0.2938572453125 0.40027343281250005 0.30329765625 0.4521956953125 0.41280642500000003 0.45597185937500007 0.3722126578125 0.486181175 0.3344510125 0.48240501093750005 0.3410593 0.5229987781250001 0.326898684375 0.6145707671875 0.4873856734375 0.6221230953125 0.4873856734375 0.5796412453124999 0.5062664953125 0.5805852875
4 0.28823232499999996 0.49857711875 0.30861707968749996 0.49857711875 0.30776771406250003 0.551237734375 0.3323992921875 0.5376478984374999 0.334098021875 0.4824391875 0.37147007187500003 0.4866860125 0.41308894531250007 0.45441015 0.30012343124999996 0.45186205625 0.28823232499999996 0.49857711875
6 0.2847855171875 0.5494731625 0.2997750421875 0.5541841562500001 0.30320121875 0.5507579796875001 0.30705566875 0.49722396093750004 0.2912095984375 0.49422605624999993 0.2817876125 0.4878019734375 0.268511175 0.4878019734375 0.2697959921875 0.5314857328125 0.272793896875 0.5464752578125001 0.2847855171875 0.5494731625
6 0.24452793593750002 0.5811653015625 0.262515365625 0.5914438328125 0.2835007 0.6021506359375 0.306199125 0.6064333578125 0.32375828281249996 0.6064333578125 0.32375828281249996 0.5687454093750001 0.3087687578125 0.5674605921875 0.2847855171875 0.5627496 0.26380018125000004 0.5554689734375 0.25352165000000004 0.5194941125 0.25352165000000004 0.4835192515625 0.22654050468750003 0.48180616406250004 0.22611223281249998 0.5032197703125 0.22525568906250001 0.5314857328125 0.22825359375 0.5524710671874999 0.24452793593750002 0.5811653015625
6 0.4138289234375 0.6478450687499999 0.42884520000000004 0.6478450687499999 0.43420815468749996 0.63872804375 0.43420815468749996 0.62210288125 0.36878009375 0.61459474375 0.36878009375 0.62585695 0.3709252765625 0.6371191578125 0.385941553125 0.6462361828125001 0.4138289234375 0.6478450687499999
6 0.5688183484375 0.5223519015625 0.57847166875 0.48695639375 0.57686278125 0.4360083125 0.56935464375 0.4043668734375 0.56023761875 0.39685873437499997 0.5505842984375 0.39685873437499997 0.539322090625 0.39685873437499997 0.5302050656249999 0.407584646875 0.5226969265625 0.41723796718750006 0.49266437500000004 0.41723796718750006 0.49051919218749995 0.49017416718750006 0.49427326093749996 0.49071046249999994 0.5087532421875001 0.49071046249999994 0.5087532421875001 0.5014363734375 0.52376951875 0.5019726703125 0.5350317265625 0.51645265 0.552193184375 0.5239607890625 0.5688183484375 0.5223519015625
7 0.307049634375 0.5618052140625001 0.307120246875 0.549314315625 0.2769950390625 0.547431490625 0.2708758578125 0.5408416015624999 0.267881715625 0.48397735312499995 0.252842871875 0.48329376875 0.2542100390625 0.5297774703125 0.256944375 0.546867065625 0.271299634375 0.561905909375 0.307049634375 0.5618052140625001
6 0.7349524828125 0.397326315625 0.7246641312500001 0.397326315625 0.7178052312500001 0.40565498125 0.724174209375 0.41937278125 0.732502875 0.4228022328125 0.735932325 0.4536672859375 0.7227044453125 0.4536672859375 0.7192749953125 0.46248587187499995 0.7158455453125 0.47277422343750003 0.7187850734375 0.4879617890625 0.7344625609375 0.48992147499999994 0.7413214609375001 0.503639275 0.7427912265625001 0.5359740921875 0.7462206765625 0.54626244375 0.732992796875 0.5599802453125 0.7246641312500001 0.5736980468749999 0.7276036609375 0.5908452984375 0.7261338953124999 0.6045631 0.7178052312500001 0.6050530203125 0.7040874296874999 0.6045631 0.6986982937499999 0.61485145 0.7070269578125 0.6251398015625 0.720744759375 0.6251398015625 0.7276036609375 0.6168111359374999 0.739361775 0.6285692515625 0.736422246875 0.6560048546874999 0.7378920109375 0.6785412421875 0.7692469859375 0.68001100625 0.798152353125 0.3767496140625 0.7805151796875001 0.37527984999999997 0.7692469859375 0.390467415625 0.762388084375 0.40565498125 0.758958634375 0.41251388125000005 0.7501400484375 0.4110441171875 0.7467105984375 0.40075576562500004 0.7349524828125 0.397326315625