5 0.7017292234375 0.22230895468749998 0.2943995578125 0.218047440625 0.297209203125 0.781281646875 0.7055698171875 0.7861143171875 0.7017292234375 0.22230895468749998
4 0.41462845000000004 0.5548123546875 0.4916308765625 0.555799565625 0.49064366562500006 0.59923683125 0.5172983515625 0.6160194125 0.5469146703125001 0.6160194125 0.5666588828125 0.591339146875 0.5676460921875 0.5449402484375 0.58640309375 0.5390169859375 0.5854158828125 0.306035284375 0.536055353125 0.3040608640625 0.48472040312500003 0.315907390625 0.487682034375 0.3731656046875 0.3445364984375 0.37415281562499997 0.34848534062500003 0.6179938328125 0.381063290625 0.6071345171875 0.4126540296875 0.6130577796875001 0.41462845000000004 0.5548123546875
7 0.4462191890625 0.296163178125 0.42344037187500005 0.3108314578125 0.4157274328125 0.32779992343750003 0.4126422578125 0.35633780000000004 0.43655236875 0.35633780000000004 0.4363470828125 0.323805075 0.452142453125 0.3119585484375 0.5321065109374999 0.3040608640625 0.5903519359375 0.30998412656249996 0.6041728843749999 0.3317027609375 0.617006621875 0.32084344374999996 0.5985240968750001 0.3008046359375 0.5785054093750001 0.2922143359375 0.4462191890625 0.296163178125
0 0.6857485484375 0.22337433281250002 0.6395821515625 0.22337433281250002 0.63872525625 0.27049570312500004 0.633789203125 0.29517596875 0.6199682546874999 0.31788181249999997 0.6071345171875 0.33071554999999997 0.58640309375 0.3366388125 0.5873903046875 0.45312966406250005 0.6861113640625 0.45312966406250005 0.6857485484375 0.22337433281250002
1 0.6981313890624999 0.19183054375 0.627842334375 0.1921966328125 0.638292928125 0.2247990171875 0.686659178125 0.22533051406250001 0.6981313890624999 0.19183054375
2 0.30029594843749996 0.1913390109375 0.2965754671875 0.193996496875 0.2928549859375 0.2179138734375 0.64204868125 0.22003986250000002 0.6266352609375 0.193465 0.30029594843749996 0.1913390109375
2 0.7017292234375 0.22195382812500003 0.7067872421875 0.193999846875 0.7000975921875 0.193999846875 0.6857485484375 0.22195382812500003 0.7017292234375 0.22195382812500003
6 0.43501199531249996 0.3210278390625 0.43501199531249996 0.33809793125 0.43501199531249996 0.3518641328125 0.485120971875 0.353516078125 0.485120971875 0.31717330312500003 0.5137546734375 0.3078122859375 0.46805088125000005 0.3078122859375 0.4449236609375 0.313318765625 0.43501199531249996 0.3210278390625
6 0.35021218906249996 0.33809793125 0.34085117187499997 0.348009596875 0.3331420984375 0.36342774375000003 0.33864857812500004 0.3727887609375 0.35021218906249996 0.374991353125 0.35021218906249996 0.3562693171875 0.4140873671875 0.35406672499999997 0.4140873671875 0.32708496875000004 0.40032116562500003 0.32543302500000004 0.3793965375 0.3303888578125 0.35021218906249996 0.33809793125
6 0.488975509375 0.35571867031250004 0.34856024375 0.35571867031250004 0.348009596875 0.3727887609375 0.488975509375 0.3722381125 0.488975509375 0.35571867031250004
6 0.315858875 0.5198657203125 0.334852615625 0.5325282140625001 0.347515109375 0.5346386296875 0.34259080625 0.4467046453125 0.32781789687499996 0.45866366718749996 0.315858875 0.4804712953125 0.315858875 0.5079066984375 0.315858875 0.5198657203125
6 0.47062268906250004 0.6070962343749999 0.4755469921875 0.61905525625 0.49243031718749997 0.626089975 0.4903199015625 0.601468459375 0.4875060140625 0.549411540625 0.41434493906250003 0.5529289000000001 0.41153105156249997 0.6070962343749999 0.4340421515625 0.6070962343749999 0.47062268906250004 0.6070962343749999
6 0.29741681249999996 0.288933446875 0.314882565625 0.29242659843749996 0.3238649515625 0.2939236625 0.33584146875 0.2839432328125 0.3363404890625 0.268473565625 0.32935418906249997 0.2545009640625 0.3168786515625 0.249011728125 0.3083952859375 0.249011728125 0.2994128984375 0.25200585625 0.2909295328125 0.26098824375 0.2909295328125 0.2784539953125 0.29741681249999996 0.288933446875