5 0.21871835312500001 0.297209203125 0.21388568281250003 0.7055698171875 0.7776910453125 0.7017292234375 0.781952559375 0.2943995578125 0.21871835312500001 0.297209203125
4 0.40076316875 0.49064366562500006 0.3839805875 0.5172983515625 0.3839805875 0.5469146703125001 0.40866085312499995 0.5666588828125 0.4550597515625 0.5676460921875 0.46098301406250003 0.58640309375 0.6939647156250001 0.5854158828125 0.6959391359375 0.536055353125 0.684092609375 0.48472040312500003 0.6268343953125 0.487682034375 0.625847184375 0.3445364984375 0.3820061671875 0.34848534062500003 0.3928654828125 0.381063290625 0.38694222031250003 0.4126540296875 0.4451876453125 0.41462845000000004 0.444200434375 0.4916308765625 0.40076316875 0.49064366562500006
7 0.6722000765625 0.4157274328125 0.6436622 0.4126422578125 0.6436622 0.43655236875 0.676194925 0.4363470828125 0.6880414515625 0.452142453125 0.6959391359375 0.5321065109374999 0.6900158734375 0.5903519359375 0.6682972390625 0.6041728843749999 0.6791565562499999 0.617006621875 0.6991953640624999 0.5985240968750001 0.7077856640625 0.5785054093750001 0.703836821875 0.4462191890625 0.6891685421875 0.42344037187500005 0.6722000765625 0.4157274328125
0 0.729504296875 0.63872525625 0.70482403125 0.633789203125 0.6821181875 0.6199682546874999 0.6692844499999999 0.6071345171875 0.6633611875 0.58640309375 0.5468703359375 0.5873903046875 0.5468703359375 0.6861113640625 0.7766256671875 0.6857485484375 0.7766256671875 0.6395821515625 0.729504296875 0.63872525625
1 0.7752009828124999 0.638292928125 0.7746694859375001 0.686659178125 0.8081694562499999 0.6981313890624999 0.8078033671875 0.627842334375 0.7752009828124999 0.638292928125
2 0.7820861265625 0.2928549859375 0.7799601375 0.64204868125 0.806535 0.6266352609375 0.8086609890625001 0.30029594843749996 0.8060035031250001 0.2965754671875 0.7820861265625 0.2928549859375
2 0.8060001531250001 0.7000975921875 0.778046171875 0.6857485484375 0.778046171875 0.7017292234375 0.8060001531250001 0.7067872421875 0.8060001531250001 0.7000975921875
6 0.6481358671875 0.43501199531249996 0.646483921875 0.485120971875 0.6828266968750001 0.485120971875 0.6921877140625 0.5137546734375 0.6921877140625 0.46805088125000005 0.6866812343750001 0.4449236609375 0.6789721609375 0.43501199531249996 0.66190206875 0.43501199531249996 0.6481358671875 0.43501199531249996
6 0.63657225625 0.3331420984375 0.6272112390625 0.33864857812500004 0.625008646875 0.35021218906249996 0.6437306828125 0.35021218906249996 0.645933275 0.4140873671875 0.67291503125 0.4140873671875 0.6745669750000001 0.40032116562500003 0.6696111421875 0.3793965375 0.66190206875 0.35021218906249996 0.651990403125 0.34085117187499997 0.63657225625 0.3331420984375
6 0.6272112390625 0.348009596875 0.6277618875 0.488975509375 0.6442813296875001 0.488975509375 0.6442813296875001 0.34856024375 0.6272112390625 0.348009596875
6 0.4653613703125 0.347515109375 0.5532953546875 0.34259080625 0.5413363328125 0.32781789687499996 0.5195287046875 0.315858875 0.4920933015625 0.315858875 0.4801342796875 0.315858875 0.4674717859375 0.334852615625 0.4653613703125 0.347515109375
6 0.373910025 0.49243031718749997 0.39853154062499996 0.4903199015625 0.45058845937500003 0.4875060140625 0.44707109999999994 0.41434493906250003 0.39290376562499996 0.41153105156249997 0.39290376562499996 0.4340421515625 0.39290376562499996 0.47062268906250004 0.38094474375 0.4755469921875 0.373910025 0.49243031718749997
6 0.7060763375 0.3238649515625 0.7160567671875 0.33584146875 0.731526434375 0.3363404890625 0.7454990359375 0.32935418906249997 0.7509882718750001 0.3168786515625 0.7509882718750001 0.3083952859375 0.74799414375 0.2994128984375 0.73901175625 0.2909295328125 0.7215460046875 0.2909295328125 0.711066553125 0.29741681249999996 0.7075734015624999 0.314882565625 0.7060763375 0.3238649515625