4 0.5961486640625 0.6757420921875 0.6063741703125001 0.649622071875 0.625689196875 0.6507577484375 0.6268253546875 0.4951734734375 0.5825145125 0.4940378390625 0.567744290625 0.449747409375 0.5041184203125 0.449747409375 0.44049263906249997 0.45656130156249997 0.43481176406250005 0.497444784375 0.3893647640625 0.50085173125 0.396181796875 0.697319446875 0.48480348125 0.69391254375 0.49048435625 0.6643855765625 0.49730138906250004 0.6768778140625 0.556382540625 0.6677925234375001 0.5961486640625 0.6757420921875
6 0.5904677890625 0.3600309171875 0.46761361093750003 0.36818181875 0.46776085624999997 0.45088304375000005 0.5041184203125 0.45201872187500003 0.5268419203125 0.4463404640625 0.557518696875 0.44179784062499994 0.5722889203125 0.45088304375000005 0.5904677890625 0.3600309171875
0 0.40754354687500005 0.7847646703125 0.476850290625 0.7859003046875 0.47719114375 0.6946695968750001 0.40720275156249996 0.6963352578124999 0.40754354687500005 0.7847646703125
1 0.40645831406250005 0.7856250015625 0.4086109984375 0.8257411140625001 0.3930405375 0.859226821875 0.496356728125 0.8600596203125 0.478859646875 0.8217503203125001 0.47969282812499997 0.7834410187499999 0.40645831406250005 0.7856250015625
7 0.5623480515625 0.6841746890625 0.5447457234375 0.6855643453125 0.540516025 0.70682245 0.5471816109375001 0.7193146171875 0.5305177109375 0.7284754640625 0.480416646875 0.7293750015625 0.482192375 0.7401348953125 0.5447457234375 0.7406874250000001 0.55308366875 0.7355920140625 0.557715859375 0.729106946875 0.5591055171875 0.714747153125 0.5623480515625 0.6841746890625
3 0.40637164375 0.8217503203125001 0.4072048265625 0.8000972421875 0.3313840953125 0.8009300406250001 0.3280513015625 0.819251925 0.40637164375 0.8217503203125001
3 0.67466040625 0.8234159796875 0.6738272875 0.8000972421875 0.47969282812499997 0.8000972421875 0.48135919375 0.8200847234375 0.67466040625 0.8234159796875
2 0.40027901562499996 0.8458673937500001 0.4079166265625 0.8222710671875 0.3309027625 0.8222222234375 0.33015178125 0.847949390625 0.40027901562499996 0.8458673937500001
2 0.4801268703125 0.8229650656249999 0.491236125 0.849337440625 0.674539034375 0.8486433890624999 0.6763888734375 0.8265625 0.4801268703125 0.8229650656249999
2 0.406706415625 0.8004426953125 0.406706415625 0.7814507109375 0.33259135156249997 0.7833035875000001 0.33073847500000003 0.7990530375 0.406706415625 0.8004426953125
2 0.6712045515625 0.7995162578125 0.6698148953125 0.7833035875000001 0.478505384375 0.7833035875000001 0.478505384375 0.8004426953125 0.6712045515625 0.7995162578125
6 0.542892846875 0.68278503125 0.4882329875 0.6841746890625 0.4863801109375 0.7031666734375001 0.4766525078125 0.7031666734375001 0.4766525078125 0.72632763125 0.5382606546875001 0.7281805078125 0.542892846875 0.723085096875 0.5447457234375 0.7133574953124999 0.5415031890625001 0.7022402359375 0.5415031890625001 0.693902290625 0.542892846875 0.68278503125
6 0.5970894875 0.68324825 0.5628112703125 0.68324825 0.564200928125 0.6911229750000001 0.5628112703125 0.7059459890625 0.5595687359375 0.7138207140625 0.5595687359375 0.7203057828125 0.5984791453125 0.7128942765625 0.61144928125 0.7128942765625 0.6276619515624999 0.701313796875 0.635536678125 0.693439071875 0.635536678125 0.6786160578125 0.5970894875 0.68324825
5 0.331093465625 0.7845911812499999 0.6702134390625 0.7865978078125 0.646802790625 0.21671572343749998 0.3478153578125 0.21470909531250001 0.331093465625 0.7845911812499999