4 0.4038513359375 0.32425790781249997 0.39362582968750004 0.350377928125 0.374310803125 0.3492422515625 0.3731746453125 0.5048265265625 0.41748548750000003 0.5059621609375 0.432255709375 0.550252590625 0.4958815796875 0.550252590625 0.5595073609375001 0.5434386984375 0.5651882359375 0.5025552156249999 0.6106352359375 0.49914826874999996 0.603818203125 0.302680553125 0.51519651875 0.30608745625 0.50951564375 0.3356144234375 0.5026986109375 0.32312218593750003 0.44361745937499997 0.3322074765625 0.4038513359375 0.32425790781249997
6 0.40953221093750003 0.6399690828125 0.5323863890625 0.63181818125 0.53223914375 0.54911695625 0.4958815796875 0.547981278125 0.4731580796875 0.5536595359375001 0.442481303125 0.5582021593750001 0.4277110796875 0.54911695625 0.40953221093750003 0.6399690828125
0 0.592456453125 0.21523532968749998 0.5231497093749999 0.2140996953125 0.52280885625 0.30533040312500004 0.5927972484375 0.3036647421875 0.592456453125 0.21523532968749998
1 0.5935416859375 0.2143749984375 0.5913890015625001 0.1742588859375 0.6069594625 0.140773178125 0.503643271875 0.1399403796875 0.5211403531250001 0.1782496796875 0.5203071718750001 0.21655898125 0.5935416859375 0.2143749984375
7 0.4376519484375 0.3158253109375 0.45525427656249995 0.3144356546875 0.45948397500000004 0.29317755 0.4528183890625 0.2806853828125 0.4694822890625 0.2715245359375 0.519583353125 0.2706249984375 0.517807625 0.2598651046875 0.45525427656249995 0.259312575 0.44691633125 0.26440798593750003 0.442284140625 0.270893053125 0.4408944828125 0.285252846875 0.4376519484375 0.3158253109375
3 0.59362835625 0.1782496796875 0.5927951734375 0.1999027578125 0.6686159046875 0.199069959375 0.6719486984375 0.180748075 0.59362835625 0.1782496796875
3 0.32533959375 0.1765840203125 0.3261727125 0.1999027578125 0.5203071718750001 0.1999027578125 0.51864080625 0.1799152765625 0.32533959375 0.1765840203125
2 0.599720984375 0.15413260625 0.5920833734375 0.1777289328125 0.6690972375 0.1777777765625 0.66984821875 0.15205060937499998 0.599720984375 0.15413260625
2 0.5198731296875 0.177034934375 0.508763875 0.150662559375 0.325460965625 0.1513566109375 0.3236111265625 0.1734375 0.5198731296875 0.177034934375
2 0.593293584375 0.1995573046875 0.593293584375 0.21854928906249999 0.6674086484374999 0.2166964125 0.669261525 0.2009469625 0.593293584375 0.1995573046875
2 0.3287954484375 0.2004837421875 0.3301851046875 0.2166964125 0.521494615625 0.2166964125 0.521494615625 0.1995573046875 0.3287954484375 0.2004837421875
6 0.45710715312500005 0.31721496875 0.5117670125 0.3158253109375 0.5136198890625 0.2968333265625 0.5233474921875 0.2968333265625 0.5233474921875 0.27367236875 0.46173934531249994 0.2718194921875 0.45710715312500005 0.276914903125 0.45525427656249995 0.28664250468749997 0.45849681093749994 0.2977597640625 0.45849681093749994 0.306097709375 0.45710715312500005 0.31721496875
6 0.4029105125 0.31675175 0.4371887296875 0.31675175 0.435799071875 0.308877025 0.4371887296875 0.2940540109375 0.4404312640625 0.28617928593749997 0.4404312640625 0.2796942171875 0.4015208546875 0.28710572343749996 0.38855071875 0.28710572343749996 0.37233804843749996 0.298686203125 0.364463321875 0.306560928125 0.364463321875 0.3213839421875 0.4029105125 0.31675175
5 0.668906534375 0.21540881875 0.32978656093750003 0.2134021921875 0.353197209375 0.7832842765625 0.6521846421874999 0.7852909046875001 0.668906534375 0.21540881875