5 0.688853459375 0.610043953125 0.7676629640625 0.39769611718750003 0.828959246875 0.24080682343749998 0.4553438109375 0.2802115765625 0.2729144 0.278752140625 0.188267153125 0.2867790359375 0.192645459375 0.423965953125 0.18607800000000002 0.5385316234374999 0.17367280000000002 0.621719434375 0.2853196 0.642881246875 0.6545567296875 0.7632700640625 0.688853459375 0.610043953125
7 0.3493580078125 0.551437640625 0.3052125515625 0.5533404625 0.29075110937500004 0.5506765125 0.2915122375 0.5449680484375 0.2964595734375 0.43917117812499995 0.3010263453125 0.40758434374999997 0.3124432734375 0.395025721875 0.330710359375 0.3847504859375 0.3143460953125 0.3733335578125 0.285423209375 0.4053009578125 0.2751479734375 0.5518182046875 0.28884828749999997 0.56551851875 0.3512608296875 0.574271496875 0.3493580078125 0.551437640625
2 0.1841177921875 0.2887505859375 0.14819236875 0.2869543140625 0.15043770781250002 0.327370415625 0.15080990156250001 0.33228239843749996 0.1603172 0.333208296875 0.184566859375 0.3291666859375 0.1841177921875 0.2887505859375
2 0.1401091484375 0.617626215625 0.170196690625 0.6225659625 0.18683340625 0.5341153484375 0.191112034375 0.4435510640625 0.18922061875 0.3777819328125 0.15986813125 0.3814165609375 0.1535192203125 0.38294483125 0.15359375 0.39800866875 0.1535811828125 0.5305070656249999 0.14909050468750001 0.5677796921875 0.1401091484375 0.617626215625
1 0.1430451875 0.3320856125 0.14672480625 0.3813005171875 0.19088023437499999 0.3771609453125 0.1905811046875 0.3280564640625 0.154543996875 0.3316256609375 0.1430451875 0.3320856125
4 0.53982015625 0.6399254546875001 0.5416912843749999 0.5978250953125 0.570693753125 0.598760659375 0.5744360078125 0.48649303593750004 0.55011135625 0.4892997265625 0.5538536093750001 0.3929366828125 0.3246405453125 0.3929366828125 0.3162204734375 0.4836863453125 0.3957433734375 0.4930419796875 0.39106555625 0.5267222671875 0.3470940703125 0.52859339375 0.34615850625 0.633376509375 0.53982015625 0.6399254546875001
0 0.400821796875 0.3953444734375 0.44839730937500005 0.39292063593750004 0.448681909375 0.37639984531250004 0.4501775375 0.358452303125 0.48108719375 0.36244064531250003 0.481591484375 0.31976306718749997 0.33601122656250004 0.30959510468749996 0.1909352609375 0.32853973281250004 0.18843974375 0.3790208484375 0.210617009375 0.3751447109375 0.2659986546875 0.3705295734375 0.3120811703125 0.3729100453125 0.3345155984375 0.3968401015625 0.400821796875 0.3953444734375
6 0.576277025 0.38216265781250003 0.6092071406249999 0.389961896875 0.6161397953125001 0.2989707875 0.594475246875 0.2989707875 0.576277025 0.38216265781250003
6 0.5650114578125 0.646470165625 0.6152732140625 0.653402821875 0.62047270625 0.62827194375 0.565878040625 0.623939034375 0.5650114578125 0.646470165625
6 0.5624117125 0.6845997734375 0.617872959375 0.68719951875 0.617872959375 0.6646683875 0.56154513125 0.660335478125 0.5624117125 0.6845997734375
6 0.201808603125 0.49132907187499997 0.21678380000000003 0.49275528125 0.23603762343749998 0.4906159671875 0.228906578125 0.4677966203125 0.2310458921875 0.442837959375 0.2310458921875 0.417879296875 0.2210624265625 0.41360067031250003 0.2039479171875 0.4185924015625 0.1918251390625 0.431428284375 0.1918251390625 0.44640348124999996 0.1918251390625 0.468509725 0.201808603125 0.49132907187499997
6 0.2838156328125 0.4357069125 0.2888073640625 0.4078958328125 0.296651515625 0.3957730546875 0.3109136078125 0.38079785781250003 0.3109136078125 0.37081439375 0.2467341921875 0.37081439375 0.251725925 0.3836502765625 0.2567176578125 0.3914944265625 0.2617093890625 0.40860893750000005 0.2617093890625 0.423584134375 0.2838156328125 0.4357069125
6 0.6261058421875 0.5861719843750001 0.60114718125 0.580467146875 0.60328649375 0.56549195 0.6061389125 0.542672603125 0.6061389125 0.5177139421875 0.6061389125 0.4977470125 0.613269959375 0.485624234375 0.613269959375 0.4727883515625 0.613269959375 0.45781315468750006 0.6054258078125 0.447829690625 0.59544234375 0.43285449375 0.5783278328125 0.43071518124999997 0.5583609046875 0.43071518124999997 0.553369171875 0.4984601171875 0.5704836828125 0.5013125359374999 0.5633526359375 0.5933030296874999 0.6232534234375 0.602573390625 0.6261058421875 0.5861719843750001
6 0.30877429375 0.553369171875 0.3487081515625 0.556221590625 0.3487081515625 0.5284105109375 0.3914944265625 0.530549825 0.3914944265625 0.49632080468749995 0.32374949062499997 0.4877635484375 0.331593640625 0.38650269531250003 0.313766025 0.39292063593750004 0.298790828125 0.4064696234375 0.2916597828125 0.5355415578125 0.296651515625 0.548377440625 0.30877429375 0.553369171875
6 0.41360067031250003 0.6653265953124999 0.4364200171875 0.6681790140625 0.45139521406250005 0.675310059375 0.48847665312500005 0.675310059375 0.5013125359374999 0.675310059375 0.5284105109375 0.66889211875 0.5312629296875 0.651064503125 0.37865854374999997 0.6382286203125 0.37865854374999997 0.6261058421875 0.3465688375 0.62824515625 0.3487081515625 0.5711967875 0.2995039328125 0.5662050546875 0.2995039328125 0.5904506109375001 0.3066349796875 0.618261690625 0.3187577578125 0.648212084375 0.3266019078125 0.6603348625 0.3715274984375 0.66318728125 0.41360067031250003 0.6653265953124999
6 0.2676779484375 0.320422371875 0.3322898671875 0.3085548765625 0.44305315624999997 0.3125107078125 0.45228342968749996 0.3039397390625 0.44766829374999995 0.28811641250000003 0.311192096875 0.28811641250000003 0.18460548125 0.303280434375 0.186583396875 0.33097125625 0.2676779484375 0.320422371875
6 0.44766829374999995 0.28811641250000003 0.49184174687500004 0.298665296875 0.509642990625 0.2762489171875 0.440415934375 0.2808640546875 0.44766829374999995 0.28811641250000003
6 0.2373499046875 0.621724890625 0.23273476718750002 0.6059015624999999 0.21888935625 0.5927154578125 0.191198534375 0.5927154578125 0.1773531234375 0.6111760046875 0.1747159015625 0.6243621109374999 0.285479190625 0.647437796875 0.283501275 0.638207521875 0.26240350625 0.6263400265625 0.2373499046875 0.621724890625