4 0.391353428125 0.46394304374999995 0.4220302046875 0.47075689218749994 0.3958813171875 0.5185545359375 0.38558895312499997 0.5148803703125 0.364269009375 0.5442737046875 0.3767669109375 0.550887215625 0.344770184375 0.61157779375 0.46562502656250004 0.69431818125 0.49360917656250003 0.6513255984375 0.511787959375 0.6615464375 0.6185884265625 0.5059621609375 0.4515707375 0.3821761640625 0.391353428125 0.46394304374999995
0 0.401790709375 0.2279186640625 0.46480082187500005 0.31817610625000003 0.4784348875 0.34543184843749997 0.46025610468749995 0.38063694375 0.47161785468749995 0.40334997499999997 0.5375160390625 0.44877603906249997 0.555694821875 0.4203847484375 0.590916228125 0.436283975 0.6284100375 0.3863152015625 0.510247821875 0.2954631171875 0.4378509890625 0.191858384375 0.401790709375 0.2279186640625
7 0.4392565359375 0.3363158640625 0.3730910515625 0.420821703125 0.33559723125 0.48989605156250005 0.3444192734375 0.5222287031249999 0.36794486875 0.53839504375 0.38705927500000004 0.5119410531249999 0.356182071875 0.485487034375 0.45028411718749994 0.35027770937499997 0.47675029999999996 0.33999003125 0.4649875578125 0.32235401874999997 0.4392565359375 0.3363158640625
6 0.5502675046875 0.5817502234374999 0.5333585249999999 0.605264896875 0.5451213234375001 0.6074693921875001 0.5237132515625 0.6496323515625 0.560559925 0.6398020296875 0.5855557859375 0.59497721875 0.5921722890625001 0.5699928734374999 0.58482056875 0.5633793890625001 0.5635006234375 0.5868940625 0.5502675046875 0.5817502234374999
1 0.3526632140625 0.1659366984375 0.4026549859375 0.2276167875 0.43858650781249997 0.190921009375 0.4354620140625 0.1893595125 0.40187381718750004 0.1542252921875 0.3901570125 0.1214333765625 0.3526632140625 0.1659366984375
2 0.42140182499999995 0.1745250515625 0.43949978125 0.1941917984375 0.4765812203125 0.1585365671875 0.46280122500000004 0.1417331359375 0.42140182499999995 0.1745250515625
3 0.4073416359375 0.159690590625 0.42218299375 0.1745250515625 0.46464845468749993 0.139453125 0.4510844203125 0.1245563703125 0.4073416359375 0.159690590625
2 0.393281446875 0.1362677765625 0.4073416359375 0.15812909375 0.44952214531249995 0.1245563703125 0.43077530468749997 0.1003528078125 0.393281446875 0.1362677765625
2 0.40455765625 0.22628150468750002 0.38625141093750004 0.20653621875 0.2659589328125 0.3595652875 0.1980013703125 0.49073305468750006 0.145666334375 0.6304891828125 0.1670938234375 0.63702975625 0.1849214375 0.57498965625 0.21772425 0.4958350453125 0.3147064765625 0.33110788125 0.37175484375 0.26122363125 0.40455765625 0.22628150468750002
2 0.2245595328125 0.332238671875 0.149571934375 0.47667934218749997 0.1027047171875 0.6140932171875 0.1287109546875 0.623828125 0.1573831375 0.5367979203125001 0.23549516874999998 0.37283822187500004 0.3745346078125 0.190921009375 0.3526632140625 0.169059753125 0.2245595328125 0.332238671875
3 0.375315775 0.192482565625 0.310482765625 0.26509322343749997 0.243306371875 0.3626883421875 0.1722244953125 0.49619835468750007 0.1308250953125 0.6234623265625 0.1462890796875 0.627734375 0.19409576875 0.498540659375 0.2472119734375 0.394699509375 0.3190750171875 0.2885160375 0.3901570125 0.20965927343750002 0.375315775 0.192482565625
6 0.63817576875 0.443277928125 0.7635961375 0.61471584375 0.7608892234375 0.623738890625 0.74825695625 0.6426872921875 0.73201546875 0.667951828125 0.710360153125 0.7058486296875001 0.710360153125 0.74374543125 0.6814864 0.7843491484375 0.6661472171875 0.8105159890625 0.7608892234375 0.8420966578125 0.833073609375 0.6706587421875 0.659831084375 0.4279387453125 0.63817576875 0.443277928125
6 0.324689940625 0.5913910625 0.34465686875 0.60779246875 0.37959899531249996 0.5528834140625001 0.3418044515625 0.52079370625 0.33681271874999996 0.5336295890625 0.31755889375 0.5735634468749999 0.324689940625 0.5913910625
6 0.46945017499999997 0.3418044515625 0.4444915140625 0.35107481093750004 0.35749275156250004 0.48585158125000005 0.37175484375 0.500826778125 0.3945741921875 0.5179412875 0.41953285312500005 0.481572953125 0.3945741921875 0.46374533749999997 0.45162255937499995 0.3767465765625 0.46160602500000003 0.3767465765625 0.47444190781250006 0.3589189609375 0.46945017499999997 0.3418044515625
5 0.314635459375 0.3291022578125 0.3019770125 0.34417183906250004 0.2760573328125 0.3899833640625 0.257371053125 0.41710861093749996 0.2151762265625 0.49968991406249996 0.1814203640625 0.5864906999999999 0.164542434375 0.6371244921875 0.6769081859375 0.814945546875 0.7590015609375 0.8415055312499999 0.834992059375 0.6710696984375 0.6949524265625 0.47349440156249994 0.47437301718749997 0.1585146015625 0.3839555328125 0.24471260468749997 0.3586386359375 0.2742489828125 0.314635459375 0.3291022578125