4 0.3814115734375 0.4940378390625 0.5484292625 0.6178238359375 0.608646571875 0.53605695625 0.5779697953125 0.5292431078125001 0.6041186828125 0.4814454640625 0.614411046875 0.4851196296875 0.635730990625 0.4557262953125 0.6232330890625 0.449112784375 0.655229815625 0.38842220625 0.5343749734375 0.30568181875 0.5063908234375 0.34867440156249996 0.488212040625 0.33845356249999997 0.3814115734375 0.4940378390625
0 0.489752178125 0.7045368828125 0.5621490109375 0.8081416156250001 0.5982092906250001 0.7720813359375 0.535199178125 0.6818238937500001 0.5215651125 0.6545681515624999 0.5397438953125 0.61936305625 0.5283821453125 0.596650025 0.4624839609375 0.5512239609375 0.44430517812500003 0.5796152515624999 0.40908377187499995 0.563716025 0.3715899625 0.6136847984375 0.489752178125 0.7045368828125
7 0.5232497 0.6600099687500001 0.5350124421875 0.67764598125 0.5607434640625 0.6636841359375001 0.6269089484375 0.579178296875 0.66440276875 0.5101039484375 0.6555807265625 0.47777129687500003 0.63205513125 0.46160495625 0.612940725 0.488058946875 0.643817928125 0.514512965625 0.5497158828125001 0.649722290625 0.5232497 0.6600099687500001
6 0.41517943125 0.4366206109375 0.4364993765625 0.4131059375 0.44973249531250004 0.41824977656250006 0.46664147500000003 0.39473510312500004 0.4548786765625 0.39253060781250004 0.47628674843749996 0.3503676484375 0.439440075 0.3601979703125 0.41444421406250004 0.40502278125 0.4078277109375 0.4300071265625 0.41517943125 0.4366206109375
1 0.5981261828125 0.8457747078125 0.6098429875 0.8785666234375 0.6473367859375 0.8340633015625001 0.5973450140625001 0.7723832125000001 0.5614134921875 0.809078990625 0.5645379859374999 0.8106404875000001 0.5981261828125 0.8457747078125
2 0.5234187796875001 0.8414634328125 0.537198775 0.8582668640625 0.578598175 0.8254749484374999 0.56050021875 0.8058082015625001 0.5234187796875001 0.8414634328125
3 0.5353515453125001 0.860546875 0.5489155796875 0.8754436296874999 0.5926583640625 0.8403094093749999 0.57781700625 0.8254749484374999 0.5353515453125001 0.860546875
2 0.5504778546875 0.8754436296874999 0.5692246953125 0.8996471921875001 0.606718553125 0.8637322234375 0.5926583640625 0.8418709062499999 0.5504778546875 0.8754436296874999
2 0.6852935234374999 0.66889211875 0.62824515625 0.73877636875 0.59544234375 0.7737184953125 0.6137485890625001 0.79346378125 0.7340410671875001 0.6404347125000001 0.8019986296875 0.5092669453124999 0.854333665625 0.3695108171875 0.8329061765624999 0.36297024375000003 0.8150785624999999 0.42501034375 0.7822757499999999 0.5041649546875 0.6852935234374999 0.66889211875
2 0.6254653921875 0.809078990625 0.6473367859375 0.8309402468749999 0.7754404671875 0.667761328125 0.850428065625 0.5233206578125 0.8972952828125 0.3859067828125 0.8712890453125001 0.376171875 0.8426168625000001 0.46320207968749993 0.76450483125 0.627161778125 0.6254653921875 0.809078990625
3 0.6809249828125 0.7114839625 0.6098429875 0.7903407265625 0.624684225 0.807517434375 0.689517234375 0.7349067765624999 0.7566936281250001 0.6373116578125 0.8277755046875 0.5038016453124999 0.8691749046874999 0.3765376734375 0.8537109203125001 0.372265625 0.8059042312500001 0.5014593406250001 0.7527880265625 0.605300490625 0.6809249828125 0.7114839625
6 0.166926390625 0.3293412578125 0.34016891562499996 0.5720612546875 0.36182423125 0.556722071875 0.2364038625 0.38528415625 0.23911077656250002 0.376261109375 0.25174304375 0.3573127078125 0.26798453125 0.332048171875 0.289639846875 0.2941513703125 0.289639846875 0.25625456875 0.3185136 0.21565085156250002 0.3338527828125 0.1894840109375 0.23911077656250002 0.1579033421875 0.166926390625 0.3293412578125
6 0.66318728125 0.4663704109375 0.68244110625 0.426436553125 0.675310059375 0.40860893750000005 0.65534313125 0.39220753125 0.6204010046875 0.4471165859375 0.6581955484375 0.47920629375 0.66318728125 0.4663704109375
6 0.538393975 0.6232534234375 0.5255580921874999 0.6410810390624999 0.530549825 0.6581955484375 0.5555084859375 0.6489251890625 0.6425072484375 0.51414841875 0.62824515625 0.499173221875 0.6054258078125 0.48205871250000004 0.580467146875 0.5184270468750001 0.6054258078125 0.5362546625 0.548377440625 0.6232534234375 0.538393975 0.6232534234375
5 0.6160444671875001 0.7552873953125 0.6413613640625 0.7257510171875 0.685364540625 0.6708977421875 0.6980229875 0.6558281609375001 0.7239426671875 0.6100166359375 0.742628946875 0.5828913890625 0.7848237734375 0.5003100859375 0.8185796359375 0.4135093 0.8354575656250001 0.3628755078125 0.3230918140625 0.185054453125 0.24099843906250001 0.15849446875 0.165007940625 0.32893030156249997 0.3050475734375 0.5265055984375 0.5256269828125 0.8414853984375 0.6160444671875001 0.7552873953125