5 0.3634673234375 0.5564319546875 0.4110819734375 0.8020233015624999 0.625765565625 0.7694448578124999 0.695099178125 0.7644327890625 0.6859103859375 0.5380543703125 0.669203490625 0.1963983796875 0.5330423015625 0.2047518265625 0.302487159375 0.2398363046875 0.3634673234375 0.5564319546875
0 0.58434153125 0.20092452968750002 0.5196754046875001 0.2067866140625 0.526983003125 0.2926987234375 0.5944509453125 0.2897330984375 0.58434153125 0.20092452968750002
1 0.5194922140625 0.20715299531250003 0.5830592 0.20202367031250001 0.58036423125 0.1599870578125 0.59741656875 0.126623790625 0.49806817187499997 0.13403785 0.5158619140625 0.1681425234375 0.5194922140625 0.20715299531250003
4 0.45089668437499997 0.554803928125 0.483842884375 0.54973528125 0.483842884375 0.5286159234375 0.5210129546875 0.5328397953125 0.5387068937499999 0.5290657203125 0.538753215625 0.522702503125 0.5395979890625 0.545511409375 0.5835262546875 0.5446666359375001 0.6215411 0.537908440625 0.6054903875 0.2887000140625 0.553959153125 0.304750725 0.5049622421875 0.29714775625 0.3942968046875 0.30644027500000004 0.41203706562500003 0.5514248296875001 0.45089668437499997 0.554803928125
2 0.58274756875 0.18361029375 0.583955246875 0.20051777343750002 0.6690964796875 0.192667871875 0.66970031875 0.1805911015625 0.58274756875 0.18361029375
2 0.39674620156249996 0.22477270312500003 0.520628678125 0.20745993437500002 0.5169291687500001 0.19085635625 0.390123075 0.20293312812500003 0.2959242625 0.221652121875 0.2983396171875 0.239163440625 0.34442316875 0.2343909078125 0.39674620156249996 0.22477270312500003
3 0.580332215625 0.16307978437499998 0.58214373125 0.185421809375 0.667888803125 0.1787795859375 0.667888803125 0.1582490765625 0.580332215625 0.16307978437499998
3 0.3889153984375 0.2023292890625 0.5163253296875 0.189044840625 0.515117653125 0.16851433124999998 0.373819434375 0.1824026171875 0.2892820390625 0.20172545 0.2965281015625 0.2240674765625 0.3617426640625 0.208367675 0.3889153984375 0.2023292890625
2 0.5909428515624999 0.135136315625 0.581053559375 0.16300614375 0.667809634375 0.15806149687499998 0.6669106078125 0.13288875 0.5909428515624999 0.135136315625
2 0.3972025984375 0.1800876515625 0.5140760703125 0.167950790625 0.5014896953125 0.145025609375 0.3940560046875 0.1567129578125 0.2875213421875 0.1751430046875 0.2897689078125 0.201214778125 0.3972025984375 0.1800876515625
6 0.60181938125 0.66915875 0.5881563203125 0.693557071875 0.5881563203125 0.7238109921875 0.40468093749999995 0.7511371125 0.4115124671875 0.798957825 0.48275556875000003 0.7911503609375 0.616458375 0.774559503125 0.6945330046875 0.763824240625 0.6906292734374999 0.696484871875 0.6496400921875 0.6994126703125 0.6359770328125001 0.6955089390625 0.6223139718749999 0.66915875 0.60181938125 0.66915875
6 0.478628153125 0.2898213203125 0.48326551406249996 0.30307092343750003 0.5091022374999999 0.30307092343750003 0.5091022374999999 0.2937962015625 0.5250017609375 0.2937962015625 0.5269891999999999 0.26663451718750003 0.5110896781250001 0.2686219578125 0.48989031406250005 0.2686219578125 0.478628153125 0.2778966796875 0.478628153125 0.2898213203125
7 0.46291643281250006 0.3005854765625 0.46631765312500006 0.2996578703125 0.46631765312500006 0.3123351453125 0.4823961484375 0.3123351453125 0.481757240625 0.2741635734375 0.5240173796875001 0.2697151390625 0.523519990625 0.25513280781250003 0.482498646875 0.25785264375 0.46692912187499996 0.26897373281250003 0.4627286296875 0.28120907968750003 0.46291643281250006 0.3005854765625
6 0.41105518124999996 0.26663451718750003 0.3971430984375 0.26663451718750003 0.3885308578125 0.2778966796875 0.3905182984375 0.2918087609375 0.3971430984375 0.30307092343750003 0.460078709375 0.300421003125 0.460078709375 0.28915884062499997 0.4667035109375 0.2752467578125 0.460078709375 0.2706093984375 0.43225454531249996 0.26663451718750003 0.41105518124999996 0.26663451718750003