5 0.5564319546875 0.6365326765625 0.8020233015624999 0.5889180265625 0.7694448578124999 0.37423443437500004 0.7644327890625 0.304900821875 0.5380543703125 0.3140896140625 0.1963983796875 0.330796509375 0.2047518265625 0.4669576984375 0.2398363046875 0.697512840625 0.5564319546875 0.6365326765625
0 0.20092452968750002 0.41565846874999995 0.2067866140625 0.4803245953125 0.2926987234375 0.47301699687500004 0.2897330984375 0.4055490546875 0.20092452968750002 0.41565846874999995
1 0.20715299531250003 0.48050778593750004 0.20202367031250001 0.4169408 0.1599870578125 0.41963576874999997 0.126623790625 0.40258343124999996 0.13403785 0.501931828125 0.1681425234375 0.48413808593749996 0.20715299531250003 0.48050778593750004
4 0.554803928125 0.549103315625 0.54973528125 0.516157115625 0.5286159234375 0.516157115625 0.5328397953125 0.4789870453125 0.5290657203125 0.46129310625000003 0.522702503125 0.461246784375 0.545511409375 0.4604020109375 0.5446666359375001 0.41647374531250003 0.537908440625 0.3784589 0.2887000140625 0.3945096125 0.304750725 0.446040846875 0.29714775625 0.4950377578125 0.30644027500000004 0.6057031953124999 0.5514248296875001 0.5879629343749999 0.554803928125 0.549103315625
2 0.18361029375 0.41725243125 0.20051777343750002 0.416044753125 0.192667871875 0.33090352031250003 0.1805911015625 0.33029968125 0.18361029375 0.41725243125
2 0.22477270312500003 0.6032537984374999 0.20745993437500002 0.479371321875 0.19085635625 0.48307083124999994 0.20293312812500003 0.609876925 0.221652121875 0.7040757375 0.239163440625 0.7016603828125 0.2343909078125 0.65557683125 0.22477270312500003 0.6032537984374999
3 0.16307978437499998 0.41966778437499996 0.185421809375 0.41785626875000004 0.1787795859375 0.332111196875 0.1582490765625 0.332111196875 0.16307978437499998 0.41966778437499996
3 0.2023292890625 0.6110846015625 0.189044840625 0.4836746703125 0.16851433124999998 0.484882346875 0.1824026171875 0.626180565625 0.20172545 0.7107179609375 0.2240674765625 0.7034718984375 0.208367675 0.6382573359375 0.2023292890625 0.6110846015625
2 0.135136315625 0.4090571484375 0.16300614375 0.41894644062499997 0.15806149687499998 0.332190365625 0.13288875 0.3330893921875 0.135136315625 0.4090571484375
2 0.1800876515625 0.6027974015625001 0.167950790625 0.4859239296875 0.145025609375 0.4985103046875 0.1567129578125 0.6059439953125 0.1751430046875 0.7124786578125 0.201214778125 0.7102310921874999 0.1800876515625 0.6027974015625001
6 0.66915875 0.39818061875 0.693557071875 0.41184367968749996 0.7238109921875 0.41184367968749996 0.7511371125 0.5953190625 0.798957825 0.5884875328125 0.7911503609375 0.51724443125 0.774559503125 0.383541625 0.763824240625 0.3054669953125 0.696484871875 0.3093707265625 0.6994126703125 0.35035990781250004 0.6955089390625 0.3640229671875 0.66915875 0.37768602812499996 0.66915875 0.39818061875
6 0.2898213203125 0.5213718468749999 0.30307092343750003 0.5167344859375 0.30307092343750003 0.49089776250000006 0.2937962015625 0.49089776250000006 0.2937962015625 0.4749982390625 0.26663451718750003 0.47301080000000006 0.2686219578125 0.488910321875 0.2686219578125 0.5101096859375 0.2778966796875 0.5213718468749999 0.2898213203125 0.5213718468749999
7 0.3005854765625 0.5370835671874999 0.2996578703125 0.5336823468749999 0.3123351453125 0.5336823468749999 0.3123351453125 0.5176038515625 0.2741635734375 0.518242759375 0.2697151390625 0.4759826203125 0.25513280781250003 0.476480009375 0.25785264375 0.517501353125 0.26897373281250003 0.533070878125 0.28120907968750003 0.5372713703125 0.3005854765625 0.5370835671874999
6 0.26663451718750003 0.58894481875 0.26663451718750003 0.6028569015625 0.2778966796875 0.6114691421875 0.2918087609375 0.6094817015625 0.30307092343750003 0.6028569015625 0.300421003125 0.5399212906249999 0.28915884062499997 0.5399212906249999 0.2752467578125 0.5332964890625 0.2706093984375 0.5399212906249999 0.26663451718750003 0.5677454546875 0.26663451718750003 0.58894481875