5 0.4669576984375 0.7952481734375 0.697512840625 0.7601636953125 0.6365326765625 0.44356804531250005 0.5889180265625 0.19797669843750001 0.37423443437500004 0.2305551421875 0.304900821875 0.2355672109375 0.3140896140625 0.46194562968749997 0.330796509375 0.8036016203124999 0.4669576984375 0.7952481734375
0 0.47301699687500004 0.7073012765625 0.4055490546875 0.7102669015624999 0.41565846874999995 0.7990754703125 0.4803245953125 0.7932133859375 0.47301699687500004 0.7073012765625
1 0.501931828125 0.86596215 0.48413808593749996 0.8318574765625 0.48050778593750004 0.7928470046875 0.4169408 0.7979763296875 0.41963576874999997 0.8400129421875 0.40258343124999996 0.873376209375 0.501931828125 0.86596215
4 0.6057031953124999 0.693559725 0.5879629343749999 0.44857517031249994 0.549103315625 0.445196071875 0.516157115625 0.45026471875 0.516157115625 0.47138407656250003 0.4789870453125 0.46716020468749997 0.46129310625000003 0.4709342796875 0.461246784375 0.477297496875 0.4604020109375 0.454488590625 0.41647374531250003 0.45533336406249997 0.3784589 0.462091559375 0.3945096125 0.7112999859375 0.446040846875 0.695249275 0.4950377578125 0.70285224375 0.6057031953124999 0.693559725
2 0.33090352031250003 0.8073321281249999 0.33029968125 0.8194088984375 0.41725243125 0.8163897062500001 0.416044753125 0.7994822265625 0.33090352031250003 0.8073321281249999
2 0.7016603828125 0.760836559375 0.65557683125 0.7656090921875001 0.6032537984374999 0.775227296875 0.479371321875 0.792540065625 0.48307083124999994 0.80914364375 0.609876925 0.797066871875 0.7040757375 0.7783478781250001 0.7016603828125 0.760836559375
3 0.332111196875 0.8212204140624999 0.332111196875 0.8417509234375 0.41966778437499996 0.836920215625 0.41785626875000004 0.814578190625 0.332111196875 0.8212204140624999
3 0.7034718984375 0.7759325234375 0.6382573359375 0.7916323249999999 0.6110846015625 0.7976707109375 0.4836746703125 0.810955159375 0.484882346875 0.8314856687500001 0.626180565625 0.8175973828125 0.7107179609375 0.79827455 0.7034718984375 0.7759325234375
2 0.332190365625 0.841938503125 0.3330893921875 0.86711125 0.4090571484375 0.8648636843749999 0.41894644062499997 0.83699385625 0.332190365625 0.841938503125
2 0.7124786578125 0.8248569953124999 0.7102310921874999 0.798785221875 0.6027974015625001 0.8199123484375 0.4859239296875 0.8320492093749999 0.4985103046875 0.854974390625 0.6059439953125 0.8432870421875001 0.7124786578125 0.8248569953124999
6 0.3640229671875 0.3044910609375 0.37768602812499996 0.33084125000000003 0.39818061875 0.33084125000000003 0.41184367968749996 0.30644292812499996 0.41184367968749996 0.2761890078125 0.5953190625 0.2488628875 0.5884875328125 0.201042175 0.51724443125 0.2088496390625 0.383541625 0.22544049687499998 0.3054669953125 0.23617575937500002 0.3093707265625 0.30351512812500003 0.35035990781250004 0.3005873296875 0.3640229671875 0.3044910609375
6 0.5101096859375 0.7313780421875 0.5213718468749999 0.7221033203125 0.5213718468749999 0.7101786796875 0.5167344859375 0.6969290765625 0.49089776250000006 0.6969290765625 0.49089776250000006 0.7062037984375 0.4749982390625 0.7062037984375 0.47301080000000006 0.7333654828125 0.488910321875 0.7313780421875 0.5101096859375 0.7313780421875
7 0.533070878125 0.7310262671875 0.5372713703125 0.7187909203125 0.5370835671874999 0.6994145234375 0.5336823468749999 0.7003421296875 0.5336823468749999 0.6876648546874999 0.5176038515625 0.6876648546874999 0.518242759375 0.7258364265624999 0.4759826203125 0.7302848609375 0.476480009375 0.7448671921875001 0.517501353125 0.7421473562500001 0.533070878125 0.7310262671875
6 0.5399212906249999 0.7293906015625 0.5677454546875 0.7333654828125 0.58894481875 0.7333654828125 0.6028569015625 0.7333654828125 0.6114691421875 0.7221033203125 0.6094817015625 0.7081912390625 0.6028569015625 0.6969290765625 0.5399212906249999 0.6995789968749999 0.5399212906249999 0.7108411593749999 0.5332964890625 0.7247532421875 0.5399212906249999 0.7293906015625