5 0.7136186046875 0.2963153390625 0.61019784375 0.26494435781250003 0.4702453421875 0.2052880484375 0.19621459218749998 0.738080690625 0.25024035625 0.734480678125 0.353146565625 0.729337853125 0.591425246875 0.7673944703125 0.66243054375 0.79670836875 0.665252684375 0.7936226859375 0.703327978125 0.6773957515625 0.72288015625 0.6136251890625 0.7522084296875 0.51591229375 0.7851384328125001 0.41819939687499996 0.8021179578125001 0.3168864890625 0.7136186046875 0.2963153390625
0 0.6341589859375001 0.521716809375 0.7262901687500001 0.5392355328125 0.7546036484374999 0.431427625 0.7517201421874999 0.336743209375 0.7549965624999999 0.3050711453125 0.7078639375 0.2935233140625 0.688089440625 0.386956821875 0.6786516296875 0.40806924218749996 0.66292193125 0.412112028125 0.6341589859375001 0.521716809375
1 0.75742635625 0.283666646875 0.76120509375 0.27854085624999997 0.7653194015625 0.2748927671875 0.7061434296875 0.260465753125 0.711541628125 0.2726057625 0.7080328031249999 0.29607641406249996 0.7552670765625 0.30794663437500003 0.75742635625 0.283666646875
2 0.76390419375 0.2763826375 0.7568865359375 0.2833968578125 0.7560768109375 0.3101048546875 0.8019234375 0.3188142421875 0.8086001749999999 0.2848741578125 0.76390419375 0.2763826375
2 0.7111329734375 0.2721569921875 0.705464846875 0.261365896875 0.6582045828124999 0.250304996875 0.6096207640625 0.23492772031250003 0.5318315421875 0.2052521390625 0.481305128125 0.18081145781250002 0.46770992187499993 0.2063312328125 0.5926783375 0.26109609218749996 0.663088965625 0.284836565625 0.7081639531249999 0.2950880828125 0.7111329734375 0.2721569921875
7 0.5074169921875 0.342222328125 0.5003439015625 0.3468329625 0.496038525 0.3563616015625 0.49327077499999994 0.3652754984375 0.49234820937499996 0.375726321875 0.48589012656249997 0.37972214375 0.48804283281250005 0.38648444375 0.49234820937499996 0.3892507828125 0.49234820937499996 0.39478356406250004 0.5061869046874999 0.4006236828125 0.5068019484375 0.387713928125 0.5064944265625 0.379414771875 0.5126449531249999 0.3640459796875 0.5178729125 0.3529804859375 0.5231008546875 0.351443596875 0.5719975734375 0.3668123890625 0.61781905625 0.3827959234375 0.6421136546875 0.38802133437499997 0.66064591875 0.3912719484375 0.67023571875 0.39996954375 0.676273746875 0.40831212031249997 0.678688946875 0.4065016078125 0.6855083671875 0.39286947968749997 0.681609628125 0.39215765625 0.6768641468750001 0.39170978437500004 0.6719437359375 0.3837180359375 0.6522620171875 0.37664839843750003 0.621816903125 0.367119759375 0.5369395515625001 0.3382264359375 0.5255610828124999 0.3360748046875 0.5163352859375 0.337919065625 0.5074169921875 0.342222328125
6 0.6675547296875 0.381949553125 0.6742692203125 0.3866182125 0.6763310140625001 0.39080805625 0.6790769765625 0.3922669640625 0.6847390265625 0.3932511703125 0.6879886171875 0.385363203125 0.6979159546875 0.3393480078125 0.681046384375 0.335428175 0.66553728125 0.340103240625 0.6544593390625 0.34453222499999997 0.6458431765625 0.355604715625 0.6416581890625 0.3661851015625 0.6400450359375001 0.3727651015625 0.6584615406250001 0.3785971640625 0.6675547296875 0.381949553125
4 0.4219422125 0.38033055312499997 0.4002514796875 0.3888139984375 0.3361225296875 0.5928891515625 0.41864145312499995 0.6221101109375 0.4271291171875 0.602315271875 0.5202535968750001 0.6320507078125 0.5278988765625 0.6014846 0.603280778125 0.625789415625 0.6317760328124999 0.5622543515625 0.6429319625 0.5042836234375 0.602663959375 0.4933360859375 0.633662178125 0.39494097968749997 0.5766375125 0.377969971875 0.5632582875 0.41776959375 0.4639089546875 0.3897566484375 0.4219422125 0.38033055312499997
6 0.370636565625 0.6882955265625 0.470300084375 0.7179942593749999 0.4867108578125 0.6669974625 0.39044544531250003 0.631991709375 0.370636565625 0.6882955265625
6 0.4230052140625 0.3796661 0.488622196875 0.3963716109375 0.49605050781250004 0.35244222812500003 0.4681942453125 0.354917121875 0.45333760468750006 0.351823478125 0.416814940625 0.3555358375 0.40381535468749996 0.3660541640625 0.40381535468749996 0.3771911703125 0.4230052140625 0.3796661
6 0.5094570546875 0.3609655640625 0.5063718796875001 0.371763678125 0.5040579968750001 0.3771627359375 0.5040579968750001 0.38796085156250004 0.5040579968750001 0.3987589671875 0.5626763359375 0.418041315625 0.5788735093749999 0.372534971875 0.5580485734375 0.3617368578125 0.54416528125 0.35633780000000004 0.525654228125 0.3509387421875 0.51716999375 0.3509387421875 0.5094570546875 0.3609655640625
6 0.427699896875 0.6077796234374999 0.425386015625 0.6154925640625 0.398390728125 0.6154925640625 0.3960768453125 0.6347749125 0.4855469421875 0.66408408125 0.501744115625 0.6671692578124999 0.5472504578125 0.6802812546875 0.5719318640625 0.6825951359375 0.5850438609374999 0.6663979640625 0.6012410328125 0.647886909375 0.61743820625 0.6262906781249999 0.6421196124999999 0.601609271875 0.6598593734375 0.5321928171875 0.6390344359375 0.523708584375 0.6058687968750001 0.6178064453125 0.5248829328125 0.596981509375 0.51408481875 0.6316897359375 0.427699896875 0.6077796234374999