5 0.2963153390625 0.2863813953125 0.26494435781250003 0.38980215625 0.2052880484375 0.5297546578125 0.738080690625 0.8037854078125 0.734480678125 0.74975964375 0.729337853125 0.646853434375 0.7673944703125 0.408574753125 0.79670836875 0.33756945625 0.7936226859375 0.334747315625 0.6773957515625 0.29667202187499997 0.6136251890625 0.27711984375 0.51591229375 0.2477915703125 0.41819939687499996 0.2148615671875 0.3168864890625 0.1978820421875 0.2963153390625 0.2863813953125
0 0.521716809375 0.3658410140625 0.5392355328125 0.27370983125000004 0.431427625 0.2453963515625 0.336743209375 0.2482798578125 0.3050711453125 0.2450034375 0.2935233140625 0.2921360625 0.386956821875 0.311910559375 0.40806924218749996 0.3213483703125 0.412112028125 0.33707806875 0.521716809375 0.3658410140625
1 0.283666646875 0.24257364374999998 0.27854085624999997 0.23879490625000002 0.2748927671875 0.2346805984375 0.260465753125 0.2938565703125 0.2726057625 0.288458371875 0.29607641406249996 0.291967196875 0.30794663437500003 0.24473292343750003 0.283666646875 0.24257364374999998
2 0.2763826375 0.23609580624999998 0.2833968578125 0.24311346406249998 0.3101048546875 0.2439231890625 0.3188142421875 0.1980765625 0.2848741578125 0.191399825 0.2763826375 0.23609580624999998
2 0.2721569921875 0.2888670265625 0.261365896875 0.294535153125 0.250304996875 0.3417954171875 0.23492772031250003 0.3903792359375 0.2052521390625 0.4681684578125 0.18081145781250002 0.518694871875 0.2063312328125 0.5322900781250001 0.26109609218749996 0.40732166249999996 0.284836565625 0.33691103437500003 0.2950880828125 0.291836046875 0.2721569921875 0.2888670265625
7 0.342222328125 0.49258300781250003 0.3468329625 0.4996560984375 0.3563616015625 0.503961475 0.3652754984375 0.5067292250000001 0.375726321875 0.507651790625 0.37972214375 0.5141098734375 0.38648444375 0.5119571671875 0.3892507828125 0.507651790625 0.39478356406250004 0.507651790625 0.4006236828125 0.49381309531250006 0.387713928125 0.49319805156249996 0.379414771875 0.4935055734375 0.3640459796875 0.48735504687500003 0.3529804859375 0.4821270875 0.351443596875 0.47689914531250005 0.3668123890625 0.42800242656250004 0.3827959234375 0.38218094375 0.38802133437499997 0.35788634531249996 0.3912719484375 0.33935408125 0.39996954375 0.32976428125 0.40831212031249997 0.323726253125 0.4065016078125 0.32131105312499997 0.39286947968749997 0.3144916328125 0.39215765625 0.31839037187499997 0.39170978437500004 0.32313585312500004 0.3837180359375 0.3280562640625 0.37664839843750003 0.3477379828125 0.367119759375 0.378183096875 0.3382264359375 0.46306044843749994 0.3360748046875 0.47443891718750003 0.337919065625 0.4836647140625 0.342222328125 0.49258300781250003
6 0.381949553125 0.3324452703125 0.3866182125 0.3257307796875 0.39080805625 0.32366898593750004 0.3922669640625 0.3209230234375 0.3932511703125 0.3152609734375 0.385363203125 0.3120113828125 0.3393480078125 0.3020840453125 0.335428175 0.318953615625 0.340103240625 0.33446271875 0.34453222499999997 0.3455406609375 0.355604715625 0.3541568234375 0.3661851015625 0.3583418109375 0.3727651015625 0.3599549640625 0.3785971640625 0.341538459375 0.381949553125 0.3324452703125
4 0.38033055312499997 0.5780577874999999 0.3888139984375 0.5997485203124999 0.5928891515625 0.6638774703125 0.6221101109375 0.581358546875 0.602315271875 0.5728708828125 0.6320507078125 0.47974640312499994 0.6014846 0.4721011234375 0.625789415625 0.396719221875 0.5622543515625 0.3682239671875 0.5042836234375 0.3570680375 0.4933360859375 0.397336040625 0.39494097968749997 0.366337821875 0.377969971875 0.42336248750000005 0.41776959375 0.43674171250000005 0.3897566484375 0.5360910453125001 0.38033055312499997 0.5780577874999999
6 0.6882955265625 0.629363434375 0.7179942593749999 0.529699915625 0.6669974625 0.5132891421875 0.631991709375 0.6095545546875 0.6882955265625 0.629363434375
6 0.3796661 0.5769947859375 0.3963716109375 0.511377803125 0.35244222812500003 0.5039494921875 0.354917121875 0.5318057546875 0.351823478125 0.5466623953124999 0.3555358375 0.583185059375 0.3660541640625 0.5961846453125 0.3771911703125 0.5961846453125 0.3796661 0.5769947859375
6 0.3609655640625 0.4905429453125 0.371763678125 0.4936281203125 0.3771627359375 0.495942003125 0.38796085156250004 0.495942003125 0.3987589671875 0.495942003125 0.418041315625 0.43732366406249995 0.372534971875 0.421126490625 0.3617368578125 0.44195142656249997 0.35633780000000004 0.45583471875 0.3509387421875 0.47434577187500004 0.3509387421875 0.48283000625000005 0.3609655640625 0.4905429453125
6 0.6077796234374999 0.572300103125 0.6154925640625 0.574613984375 0.6154925640625 0.601609271875 0.6347749125 0.6039231546875 0.66408408125 0.5144530578125 0.6671692578124999 0.49825588437499996 0.6802812546875 0.45274954218749996 0.6825951359375 0.42806813593750004 0.6663979640625 0.4149561390625 0.647886909375 0.3987589671875 0.6262906781249999 0.38256179375 0.601609271875 0.3578803875 0.5321928171875 0.3401406265625 0.523708584375 0.3609655640625 0.6178064453125 0.394131203125 0.596981509375 0.4751170671875 0.6316897359375 0.48591518125000005 0.6077796234374999 0.572300103125