5 0.6377469359375 0.7323659328125001 0.7152302078125 0.5863397640625 0.783028071875 0.41051233906249995 0.4142374953125 0.3032278078125 0.310678121875 0.2726815171875 0.2622510765625 0.3933766140625 0.222764409375 0.4686247921875 0.4328632828125 0.6049655515625 0.6377469359375 0.7323659328125001
4 0.36482740156250004 0.41521792656249995 0.34332744375 0.4541865984375 0.32518685468749997 0.5018896296875 0.49449901875 0.5791551015625 0.579826975 0.3883429796875 0.3990929578125 0.3090618875 0.38028049531249997 0.3332493390625 0.35273367499999997 0.4084991890625 0.36482740156250004 0.41521792656249995
0 0.3506112265625 0.44047376875 0.2618943125 0.39460151250000003 0.228805515625 0.455146971875 0.3255675671875 0.498663446875 0.3506112265625 0.44047376875
7 0.3627918609375 0.3820167296875 0.343877071875 0.37116398125 0.318450634375 0.423877328125 0.3299235390625 0.43038897656249997 0.3500786421875 0.3950400265625 0.35690036875 0.3972105765625 0.3627918609375 0.3820167296875
6 0.6264182546875 0.5833748953125 0.629165703125 0.5522371453125 0.569637653125 0.5577320421875 0.543078984375 0.613596828125 0.560479490625 0.66762998125 0.6264182546875 0.5833748953125
2 0.203871609375 0.46227273437500005 0.221061328125 0.46957932031249994 0.22739748125 0.4547949625 0.20662898125 0.4547949625 0.203871609375 0.46227273437500005
2 0.2625863703125 0.3915694109375 0.281452546875 0.351141890625 0.30031872187499997 0.3010887703125 0.31109939375 0.27298201875 0.2937716203125 0.265278721875 0.27756014375000004 0.3148956671875 0.2500497578125 0.3787590625 0.2625863703125 0.3915694109375
1 0.24818263749999997 0.379118321875 0.20768500625000003 0.45338692968750005 0.22845350781249998 0.4547949625 0.2618943125 0.394249503125 0.24818263749999997 0.379118321875
6 0.6408375296875 0.7304883765625 0.6853309125 0.646150171875 0.71720676875 0.5843906999999999 0.74044958125 0.5239593890625 0.7570515890625 0.48411456875000003 0.7729895171875001 0.4283318203125 0.7822866421875 0.4097375703125 0.719863090625 0.3918074015625 0.6474783328125 0.5677886921875 0.6129461546875 0.6355248875 0.587711103125 0.7006047609375 0.6408375296875 0.7304883765625
6 0.541225478125 0.5292720328125 0.555171165625 0.5339205953125 0.559819728125 0.5219671484374999 0.5764217359375 0.4894272125 0.5923596640625 0.4522387125 0.6129461546875 0.4104016515625 0.5764217359375 0.39379964218749997 0.5438818000000001 0.46884072187500003 0.559819728125 0.4781378453125 0.541225478125 0.5292720328125
6 0.3552419171875 0.40798907656249994 0.3601960703125 0.3986636109375 0.3502877640625 0.3945837203125 0.3328025171875 0.43013705468749996 0.3511620265625 0.44033678125 0.36427596093750003 0.4161488578125 0.3552419171875 0.40798907656249994
6 0.3393359875 0.3393359875 0.3393359875 0.354072865625 0.3377847375 0.3703609921875 0.3432141140625 0.37579036875 0.362216928125 0.38121974375 0.38121974375 0.3354578625 0.3866491203125 0.3207209859375 0.37579036875 0.315291609375 0.362216928125 0.316067234375 0.3459288015625 0.3257625484375 0.3393359875 0.3393359875