5 0.41051233906249995 0.216971928125 0.3032278078125 0.5857625046875 0.2726815171875 0.689321878125 0.3933766140625 0.7377489234375 0.4686247921875 0.7772355906249999 0.6049655515625 0.5671367171874999 0.7323659328125001 0.3622530640625 0.5863397640625 0.2847697921875 0.41051233906249995 0.216971928125
4 0.5018896296875 0.6748131453124999 0.5791551015625 0.50550098125 0.3883429796875 0.420173025 0.3090618875 0.6009070421875 0.3332493390625 0.6197195046874999 0.4084991890625 0.647266325 0.41521792656249995 0.6351725984375001 0.4541865984375 0.65667255625 0.5018896296875 0.6748131453124999
0 0.455146971875 0.7711944843749999 0.498663446875 0.6744324328125 0.44047376875 0.6493887734375 0.39460151250000003 0.7381056874999999 0.455146971875 0.7711944843749999
7 0.423877328125 0.681549365625 0.43038897656249997 0.6700764609375 0.3950400265625 0.6499213578124999 0.3972105765625 0.6430996312499999 0.3820167296875 0.6372081390625 0.37116398125 0.6561229281250001 0.423877328125 0.681549365625
6 0.5577320421875 0.43036234687499997 0.613596828125 0.456921015625 0.66762998125 0.439520509375 0.5833748953125 0.3735817453125 0.5522371453125 0.37083429687499997 0.5577320421875 0.43036234687499997
2 0.4547949625 0.7726025187500001 0.4547949625 0.79337101875 0.46227273437500005 0.7961283906250001 0.46957932031249994 0.778938671875 0.4547949625 0.7726025187500001
2 0.3010887703125 0.699681278125 0.27298201875 0.68890060625 0.265278721875 0.7062283796875 0.3148956671875 0.7224398562500001 0.3787590625 0.7499502421875001 0.3915694109375 0.7374136296875 0.351141890625 0.718547453125 0.3010887703125 0.699681278125
1 0.4547949625 0.7715464921875 0.394249503125 0.7381056874999999 0.379118321875 0.7518173625 0.45338692968750005 0.79231499375 0.4547949625 0.7715464921875
6 0.5843906999999999 0.28279323125 0.5239593890625 0.25955041875 0.48411456875000003 0.24294841093750003 0.4283318203125 0.2270104828125 0.4097375703125 0.21771335781249998 0.3918074015625 0.280136909375 0.5677886921875 0.3525216671875 0.6355248875 0.3870538453125 0.7006047609375 0.412288896875 0.7304883765625 0.3591624703125 0.646150171875 0.3146690875 0.5843906999999999 0.28279323125
6 0.5219671484374999 0.440180271875 0.4894272125 0.4235782640625 0.4522387125 0.4076403359375 0.4104016515625 0.3870538453125 0.39379964218749997 0.4235782640625 0.46884072187500003 0.4561182 0.4781378453125 0.440180271875 0.5292720328125 0.458774521875 0.5339205953125 0.444828834375 0.5219671484374999 0.440180271875
6 0.3945837203125 0.6497122359375 0.43013705468749996 0.6671974828125 0.44033678125 0.6488379734375 0.4161488578125 0.6357240390625 0.40798907656249994 0.6447580828125 0.3986636109375 0.6398039296875 0.3945837203125 0.6497122359375
6 0.3703609921875 0.6622152625 0.37579036875 0.6567858859375 0.38121974375 0.637783071875 0.3354578625 0.61878025625 0.3207209859375 0.6133508796875 0.315291609375 0.6242096312500001 0.316067234375 0.637783071875 0.3257625484375 0.6540711984375001 0.3393359875 0.6606640125000001 0.354072865625 0.6606640125000001 0.3703609921875 0.6622152625