5 0.5894876609375 0.783028071875 0.6967721921875001 0.4142374953125 0.7273184828125 0.310678121875 0.6066233859375 0.2622510765625 0.5313752078125 0.222764409375 0.3950344484375 0.4328632828125 0.2676340671875 0.6377469359375 0.4136602359375 0.7152302078125 0.5894876609375 0.783028071875
4 0.4981103703125 0.32518685468749997 0.4208448984375 0.49449901875 0.6116570203125 0.579826975 0.6909381125 0.3990929578125 0.6667506609375 0.38028049531249997 0.5915008109375 0.35273367499999997 0.5847820734375 0.36482740156250004 0.5458134015625 0.34332744375 0.4981103703125 0.32518685468749997
0 0.544853028125 0.228805515625 0.501336553125 0.3255675671875 0.55952623125 0.3506112265625 0.6053984875 0.2618943125 0.544853028125 0.228805515625
7 0.576122671875 0.318450634375 0.5696110234375 0.3299235390625 0.6049599734375 0.3500786421875 0.6027894234375 0.35690036875 0.6179832703125 0.3627918609375 0.6288360187500001 0.343877071875 0.576122671875 0.318450634375
6 0.4422679578125 0.569637653125 0.386403171875 0.543078984375 0.33237001875 0.560479490625 0.41662510468749997 0.6264182546875 0.4477628546875 0.629165703125 0.4422679578125 0.569637653125
2 0.5452050374999999 0.22739748125 0.5452050374999999 0.20662898125 0.537727265625 0.203871609375 0.5304206796875001 0.221061328125 0.5452050374999999 0.22739748125
2 0.6989112296875 0.30031872187499997 0.7270179812500001 0.31109939375 0.734721278125 0.2937716203125 0.6851043328124999 0.27756014375000004 0.6212409375 0.2500497578125 0.6084305890625 0.2625863703125 0.648858109375 0.281452546875 0.6989112296875 0.30031872187499997
1 0.5452050374999999 0.22845350781249998 0.605750496875 0.2618943125 0.6208816781250001 0.24818263749999997 0.5466130703125 0.20768500625000003 0.5452050374999999 0.22845350781249998
6 0.4156093 0.71720676875 0.47604061093750005 0.74044958125 0.51588543125 0.7570515890625 0.5716681796875 0.7729895171875001 0.5902624296875 0.7822866421875 0.6081925984375001 0.719863090625 0.43221130781249995 0.6474783328125 0.3644751125 0.6129461546875 0.2993952390625 0.587711103125 0.2695116234375 0.6408375296875 0.353849828125 0.6853309125 0.4156093 0.71720676875
6 0.4780328515625 0.559819728125 0.5105727875 0.5764217359375 0.5477612875 0.5923596640625 0.5895983484375 0.6129461546875 0.6062003578125 0.5764217359375 0.531159278125 0.5438818000000001 0.5218621546875 0.559819728125 0.4707279671875 0.541225478125 0.4660794046875 0.555171165625 0.4780328515625 0.559819728125
6 0.6054162796875 0.3502877640625 0.5698629453125 0.3328025171875 0.55966321875 0.3511620265625 0.5838511421875 0.36427596093750003 0.5920109234375001 0.3552419171875 0.6013363890625001 0.3601960703125 0.6054162796875 0.3502877640625
6 0.6296390078125 0.3377847375 0.6242096312500001 0.3432141140625 0.61878025625 0.362216928125 0.6645421375 0.38121974375 0.6792790140625 0.3866491203125 0.684708390625 0.37579036875 0.683932765625 0.362216928125 0.6742374515625 0.3459288015625 0.6606640125000001 0.3393359875 0.645927134375 0.3393359875 0.6296390078125 0.3377847375