5 0.6983766046875 0.7045412578125 0.7482337875 0.596322165625 0.7609391234375 0.5584823625 0.7728838421875001 0.5134416140625 0.7919337953125 0.38054550625 0.7919337953125 0.35514556875 0.5365737 0.3297456296875 0.24194606406250002 0.29260796093749997 0.22916222187500002 0.427548525 0.206908865625 0.5492317703125 0.695622825 0.704893040625 0.6983766046875 0.7045412578125
0 0.666672375 0.5792523953125001 0.6469078578125 0.64082646875 0.7206239734375 0.663828590625 0.7461558421875 0.6023436828125 0.7442100984375 0.6020576078125 0.666672375 0.5792523953125001
1 0.7185397390625 0.663828590625 0.756461309375 0.680600884375 0.7890337 0.6039231546875 0.7461558421875 0.6023436828125 0.7185397390625 0.663828590625
2 0.783035359375 0.44882979218749997 0.7764064890625 0.49329846718750003 0.764805965625 0.5405291703125 0.74464315 0.6043320515625 0.7562436734375 0.606265471875 0.7759249765625 0.54207775625 0.7918464890625 0.453763115625 0.7988121515625 0.3900770640625 0.80264576875 0.35768281874999996 0.7968455078125001 0.356301803125 0.7918738546874999 0.3554731953125 0.7899404328124999 0.39635123125 0.783035359375 0.44882979218749997
2 0.6966924640625 0.7038234015625 0.7078125 0.71328125 0.73328125 0.66921875 0.7155894453125 0.6628205171875 0.6966924640625 0.7038234015625
3 0.7566393546875 0.6046944484375001 0.7805494656249999 0.6046944484375001 0.80176486875 0.5102140078125 0.8216433375 0.36112549843749997 0.80176486875 0.35698415156249996 0.7934821734375 0.449750334375 0.7760885156249999 0.5425165171875 0.7566393546875 0.6046944484375001
3 0.7077655546875 0.713178675 0.7253581984374999 0.7212983562499999 0.7492661484375 0.677542296875 0.7330267859374999 0.669422615625 0.7077655546875 0.713178675
7 0.671058940625 0.5430415421875 0.6653234796875 0.57054538125 0.689984559375 0.5756710593750001 0.685294775 0.5844644046874999 0.700536575 0.5897404125000001 0.71343348125 0.558670590625 0.671058940625 0.5430415421875
6 0.3922490140625 0.570365428125 0.38570061718750004 0.59262998125 0.434158759375 0.605726775 0.44070715624999995 0.5880461015625 0.3922490140625 0.570365428125
6 0.542862159375 0.6103106546875 0.497678215625 0.5978686984375 0.49047497812499996 0.604417096875 0.4944040171875 0.6188235703125 0.53107504375 0.6260268078125 0.542862159375 0.6103106546875
4 0.41192694999999996 0.50277800625 0.3912789828125 0.5626571125 0.6483461765625 0.64524898125 0.6400869890625 0.6421517859375 0.66176735625 0.57401349375 0.7051280875 0.44393130000000003 0.4604496734375 0.3675338203125 0.43257491718749996 0.45115808749999997 0.4449636984375 0.45735247812499996 0.42741292499999994 0.5079399984374999 0.41192694999999996 0.50277800625
2 0.8179434984375 0.494863696875 0.830551490625 0.3648437765625 0.8226714953125001 0.360903778125 0.8069115046875 0.483043703125 0.7805494656249999 0.6039231546875 0.7913475812499999 0.6039231546875 0.8179434984375 0.494863696875
2 0.7422857281249999 0.712438575 0.7563009140625 0.681034178125 0.7495528609375001 0.6774006124999999 0.7251560578125 0.7210034109375 0.7334613531249999 0.7256751390625 0.7422857281249999 0.712438575
6 0.3290306890625 0.3661214203125 0.32663773749999997 0.370309084375 0.3134765109375 0.3762914609375 0.322450075 0.3942385890625 0.337406015625 0.38227383593750003 0.3290306890625 0.3661214203125