5 0.23906087656250002 0.44151763749999995 0.2271161578125 0.48655838593749995 0.2080662046875 0.61945449375 0.2080662046875 0.64485443125 0.46342629999999996 0.6702543703125 0.7580539359375 0.7073920390625 0.770837778125 0.572451475 0.793091134375 0.4507682296875 0.304377175 0.29510695937500003 0.3016233953125 0.2954587421875 0.25176621250000003 0.403677834375 0.23906087656250002 0.44151763749999995
0 0.2793760265625 0.336171409375 0.2538441578125 0.3976563171875 0.2557899015625 0.3979423921875 0.333327625 0.42074760468749994 0.3530921421875 0.35917353125 0.2793760265625 0.336171409375
1 0.2109663 0.3960768453125 0.2538441578125 0.3976563171875 0.2814602609375 0.336171409375 0.24353869062500003 0.319399115625 0.2109663 0.3960768453125
2 0.235194034375 0.45947082968749997 0.25535684999999997 0.39566794843749997 0.24375632656250001 0.393734528125 0.22407502343750002 0.45792224375 0.20815351093749998 0.5462368843750001 0.20118784843749998 0.6099229359375 0.19735423125 0.6423171812499999 0.2031544921875 0.643698196875 0.2081261453125 0.6445268046875 0.2100595671875 0.6036487687500001 0.216964640625 0.5511702078125 0.22359351093750002 0.5067015328125 0.235194034375 0.45947082968749997
2 0.26671875 0.33078124999999997 0.2844105546875 0.3371794828125 0.30330753593750004 0.2961765984375 0.2921875 0.28671875 0.26671875 0.33078124999999997
3 0.19823513125 0.48978599218749996 0.17835666249999999 0.6388745015625 0.19823513125 0.6430158484375 0.2065178265625 0.550249665625 0.223911484375 0.45748348281249995 0.24336064531249998 0.3953055515625 0.219450534375 0.3953055515625 0.19823513125 0.48978599218749996
3 0.2507338515625 0.322457703125 0.26697321406249996 0.330577384375 0.2922344453125 0.286821325 0.2746418015625 0.27870164375 0.2507338515625 0.322457703125
7 0.310015440625 0.424328940625 0.31470522500000003 0.41553559531250006 0.299463425 0.41025958749999997 0.28656651875 0.44132940937500004 0.328941059375 0.4569584578125 0.3346765203125 0.42945461875 0.310015440625 0.424328940625
6 0.565841240625 0.394273225 0.55929284375 0.41195389843749997 0.6077509859375 0.429634571875 0.6142993828125001 0.40737001875 0.565841240625 0.394273225
6 0.509525021875 0.395582903125 0.5055959828125001 0.3811764296875 0.46892495624999997 0.37397319218749997 0.457137840625 0.3896893453125 0.5023217843750001 0.4021313015625 0.509525021875 0.395582903125
4 0.3516538234375 0.35475101875 0.3599130109375 0.3578482140625 0.33823264375 0.42598650625 0.2948719125 0.5560687 0.5395503265625 0.6324661796875 0.5674250828125 0.5488419125 0.5550363015625 0.542647521875 0.5725870750000001 0.4920600015625 0.58807305 0.49722199375000004 0.6087210171875 0.4373428875 0.3516538234375 0.35475101875
2 0.1773285046875 0.639096221875 0.1930884953125 0.516956296875 0.219450534375 0.3960768453125 0.20865241874999998 0.3960768453125 0.1820565015625 0.505136303125 0.169448509375 0.6351562234375 0.1773285046875 0.639096221875
2 0.2504471390625 0.3225993875 0.2748439421875 0.2789965890625 0.266538646875 0.2743248609375 0.25771427187499996 0.287561425 0.24369908593749998 0.318965821875 0.2504471390625 0.3225993875
6 0.6865234890624999 0.6237085390625 0.677549925 0.6057614109375 0.6625939843750001 0.6177261640625 0.6709693109375 0.6338785796875 0.6733622625 0.629690915625 0.6865234890624999 0.6237085390625