4 0.5755776703125 0.45532007500000005 0.522018425 0.442297715625 0.3702386078125 0.42042634687499997 0.358213921875 0.49281385 0.3521249421875 0.555403975 0.347083334375 0.63312501875 0.4373309671875 0.650287653125 0.48729963749999994 0.6577864203125 0.5522589015625 0.6619523953125 0.5539245296875001 0.5494710703125001 0.5755776703125 0.45532007500000005
0 0.45854166718749995 0.7404166859375 0.5269812968750001 0.758101815625 0.52729423125 0.733067075 0.5414323624999999 0.6602860296874999 0.471892528125 0.655810346875 0.46731215625000005 0.6869482453125 0.45854166718749995 0.7404166859375
1 0.527274565625 0.75776981875 0.458448153125 0.739345671875 0.4450000015625 0.760208353125 0.5297730578125 0.7794328765625 0.527274565625 0.75776981875
6 0.445659078125 0.3944967515625 0.44732467500000006 0.37616648750000004 0.40901537499999996 0.3686677828125 0.40333333437499996 0.388333353125 0.445659078125 0.3944967515625
2 0.44815750625 0.7627689765625 0.45818804062499996 0.7401910375 0.3173315484375 0.7233154140625 0.315833334375 0.7435416859374999 0.44815750625 0.7627689765625
2 0.5373081281250001 0.7790684109375 0.5435668125 0.7606052890624999 0.52729423125 0.756224209375 0.5294847703125 0.7781296078125 0.5373081281250001 0.7790684109375
6 0.4877033609375 0.3943235078125 0.4791898359375 0.434458696875 0.5406088375 0.44540465781250005 0.544257490625 0.4028370328125 0.4877033609375 0.3943235078125
6 0.3362842375 0.64790493125 0.3447977625 0.6624995453125 0.3618248125 0.67770226875 0.3940545859375 0.6837833578125 0.43358166562499995 0.6922968828125 0.43358166562499995 0.6795265953125 0.4299330125 0.672837396875 0.43662221093750003 0.6497292578125 0.3423653265625 0.6284454453125 0.3362842375 0.64790493125
7 0.4299330125 0.6752698328125 0.4469600625 0.6752698328125 0.454865478125 0.6752698328125 0.4658114390625 0.6856076843750001 0.471892528125 0.6564184562500001 0.43662221093750003 0.64790493125 0.4299330125 0.6752698328125
7 0.44657999375 0.2423976265625 0.37310016562500004 0.2354297125 0.364231909375 0.27977098749999996 0.6632188 0.3507170296875 0.68285565 0.29117303125 0.61507684375 0.2728030734375 0.549831821875 0.26013413750000003 0.44657999375 0.2423976265625
5 0.3889363359375 0.237330053125 0.37310016562500004 0.2354297125 0.31545650625 0.7250840890625 0.454814803125 0.7428205984375 0.5434973546874999 0.76245745 0.6815887578125001 0.28863924375 0.5986072265625 0.2683689453125 0.4883874828125 0.24873209531249998 0.3889363359375 0.237330053125