4 0.3380476046875 0.5522589015625 0.45052892968749997 0.5539245296875001 0.544679925 0.5755776703125 0.557702284375 0.522018425 0.579573653125 0.3702386078125 0.50718615 0.358213921875 0.44459602499999995 0.3521249421875 0.36687498125 0.347083334375 0.34971234687499997 0.4373309671875 0.3422135796875 0.48729963749999994 0.3380476046875 0.5522589015625
0 0.344189653125 0.471892528125 0.3130517546875 0.46731215625000005 0.2595833140625 0.45854166718749995 0.24189818437500002 0.5269812968750001 0.266932925 0.52729423125 0.3397139703125 0.5414323624999999 0.344189653125 0.471892528125
1 0.23979164687500001 0.4450000015625 0.2205671234375 0.5297730578125 0.24223018125 0.527274565625 0.260654328125 0.458448153125 0.23979164687500001 0.4450000015625
6 0.6313322171875 0.40901537499999996 0.611666646875 0.40333333437499996 0.6055032484375 0.445659078125 0.6238335125 0.44732467500000006 0.6313322171875 0.40901537499999996
2 0.2766845859375 0.3173315484375 0.25645831406249997 0.315833334375 0.2372310234375 0.44815750625 0.2598089625 0.45818804062499996 0.2766845859375 0.3173315484375
2 0.243775790625 0.52729423125 0.2218703921875 0.5294847703125 0.22093158906250002 0.5373081281250001 0.2393947109375 0.5435668125 0.243775790625 0.52729423125
6 0.5545953421875 0.5406088375 0.5971629671875001 0.544257490625 0.6056764921875 0.4877033609375 0.5655413031250001 0.4791898359375 0.5545953421875 0.5406088375
6 0.3502707421875 0.43662221093750003 0.3715545546875 0.3423653265625 0.35209506875 0.3362842375 0.3375004546875 0.3447977625 0.32229773125 0.3618248125 0.3162166421875 0.3940545859375 0.3077031171875 0.43358166562499995 0.3204734046875 0.43358166562499995 0.327162603125 0.4299330125 0.3502707421875 0.43662221093750003
7 0.34358154375 0.471892528125 0.35209506875 0.43662221093750003 0.3247301671875 0.4299330125 0.3247301671875 0.4469600625 0.3247301671875 0.454865478125 0.31439231562500003 0.4658114390625 0.34358154375 0.471892528125
7 0.7271969265625 0.61507684375 0.7398658625000001 0.549831821875 0.7576023734375 0.44657999375 0.7645702875 0.37310016562500004 0.7202290125 0.364231909375 0.6492829703125 0.6632188 0.7088269687500001 0.68285565 0.7271969265625 0.61507684375
5 0.7316310546875 0.5986072265625 0.7512679046875 0.4883874828125 0.762669946875 0.3889363359375 0.7645702875 0.37310016562500004 0.2749159109375 0.31545650625 0.2571794015625 0.454814803125 0.23754255 0.5434973546874999 0.7113607562500001 0.6815887578125001 0.7316310546875 0.5986072265625