4 0.4244223296875 0.544679925 0.477981575 0.557702284375 0.6297613921874999 0.579573653125 0.641786078125 0.50718615 0.6478750578125 0.44459602499999995 0.6529166656250001 0.36687498125 0.5626690328125 0.34971234687499997 0.5127003625000001 0.3422135796875 0.4477410984375 0.3380476046875 0.44607547031249994 0.45052892968749997 0.4244223296875 0.544679925
0 0.5414583328125 0.2595833140625 0.473018703125 0.24189818437500002 0.47270576875000003 0.266932925 0.4585676375 0.3397139703125 0.5281074718750001 0.344189653125 0.53268784375 0.3130517546875 0.5414583328125 0.2595833140625
1 0.47272543437500003 0.24223018125 0.541551846875 0.260654328125 0.5549999984375 0.23979164687500001 0.4702269421875 0.2205671234375 0.47272543437500003 0.24223018125
6 0.554340921875 0.6055032484375 0.5526753249999999 0.6238335125 0.590984625 0.6313322171875 0.596666665625 0.611666646875 0.554340921875 0.6055032484375
2 0.5518424937499999 0.2372310234375 0.541811959375 0.2598089625 0.6826684515625 0.2766845859375 0.6841666656250001 0.25645831406249997 0.5518424937499999 0.2372310234375
2 0.462691871875 0.22093158906250002 0.45643318749999995 0.2393947109375 0.47270576875000003 0.243775790625 0.47051522968750004 0.2218703921875 0.462691871875 0.22093158906250002
6 0.5122966390625 0.6056764921875 0.5208101640625 0.5655413031250001 0.45939116249999995 0.5545953421875 0.455742509375 0.5971629671875001 0.5122966390625 0.6056764921875
6 0.6637157625000001 0.35209506875 0.6552022375 0.3375004546875 0.6381751875 0.32229773125 0.6059454140625 0.3162166421875 0.566418334375 0.3077031171875 0.566418334375 0.3204734046875 0.5700669875 0.327162603125 0.5633777890625 0.3502707421875 0.6576346734375 0.3715545546875 0.6637157625000001 0.35209506875
7 0.5700669875 0.3247301671875 0.5530399375 0.3247301671875 0.545134521875 0.3247301671875 0.5341885609375 0.31439231562500003 0.5281074718750001 0.34358154375 0.5633777890625 0.35209506875 0.5700669875 0.3247301671875
7 0.55342000625 0.7576023734375 0.626899834375 0.7645702875 0.635768090625 0.7202290125 0.3367812 0.6492829703125 0.31714435 0.7088269687500001 0.38492315625 0.7271969265625 0.45016817812500004 0.7398658625000001 0.55342000625 0.7576023734375
5 0.6110636640625 0.762669946875 0.626899834375 0.7645702875 0.68454349375 0.2749159109375 0.545185196875 0.2571794015625 0.4565026453125 0.23754255 0.3184112421875 0.7113607562500001 0.40139277343749996 0.7316310546875 0.5116125171875 0.7512679046875 0.6110636640625 0.762669946875