5 0.22691097500000001 0.6315132640625001 0.216065965625 0.6607113671875 0.7850118640625 0.7599849187500001 0.7908514859375 0.539747796875 0.674059071875 0.3353610734375 0.6014809296875 0.2402586796875 0.216065965625 0.48552274687499997 0.2244082796875 0.511383925 0.2302479 0.5289027859375001 0.23608752187499998 0.5639405109375 0.2302479 0.6131601703125 0.22691097500000001 0.6315132640625001
4 0.580078125 0.4833984375 0.578125 0.4326171875 0.5732421875 0.427734375 0.4496476171875 0.4286504984375 0.4091796875 0.431640625 0.408203125 0.5263671875 0.4375 0.5302734375 0.4375 0.5634765625 0.412109375 0.5732421875 0.408203125 0.6083984375 0.4130859375 0.623046875 0.4324677265625 0.6287480125 0.4307788171875 0.65778385625 0.435226934375 0.674650125 0.4775390625 0.677734375 0.5898107234375 0.6797750625 0.59375 0.6630859375 0.595703125 0.6181640625 0.6049053421874999 0.616413534375 0.603515625 0.5673828125 0.6021279625 0.48316374218749997 0.580078125 0.4833984375
6 0.646484375 0.3134765625 0.6259765625 0.28125 0.59375 0.3037109375 0.6015625 0.3232421875 0.61328125 0.3330078125 0.646484375 0.3134765625
1 0.2331171296875 0.5650633625 0.232400434375 0.527371271875 0.2240908296875 0.5171767359375 0.20497170312500002 0.5254983 0.2146923234375 0.5768550515624999 0.2331171296875 0.5650633625
0 0.36933325 0.6044024968749999 0.3787703375 0.60869208125 0.38734950625 0.611694790625 0.408070046875 0.6124572406250001 0.40973644374999996 0.5916369625 0.3747422484375 0.593302590625 0.373046875 0.5556640625 0.37393099375 0.5307475328125 0.3623046875 0.53125 0.361411109375 0.5304253390625 0.36099451718750003 0.5516620328124999 0.363756790625 0.59539436875 0.36933325 0.6044024968749999
0 0.40916077968750003 0.45419529843750006 0.3186352859375 0.45689631875 0.29431498437500003 0.469726103125 0.2693191546875 0.484244025 0.246925059375 0.5010364218750001 0.22361811406249998 0.5165672328124999 0.23273821093749997 0.5277088921875001 0.23341378906250002 0.56484779375 0.259422975 0.5510051015624999 0.2928633734375 0.5391881859375001 0.337551059375 0.5315116843750001 0.40443185625 0.5288106781249999 0.40443185625 0.535900821875 0.43753445312499994 0.5369136984375 0.43821000625 0.5304988093749999 0.40814744999999997 0.52746016875 0.40916077968750003 0.45419529843750006
2 0.2041015625 0.5 0.1953125 0.5087890625 0.1953125 0.5166015625 0.2001953125 0.5234375 0.20419580312500002 0.5267806796875 0.22992174531249998 0.5113185078125 0.21791090781250003 0.49029954218749994 0.2119140625 0.49609375 0.2099609375 0.49609375 0.2060546875 0.5 0.2041015625 0.5
2 0.2094372046875 0.61936514375 0.19443970156249998 0.6622549484375 0.21791090781250003 0.6614539749999999 0.23120862031249997 0.6219897953125 0.23592716406249997 0.58938895 0.2372140390625 0.5636514421875 0.2127699984375 0.5785574 0.212890625 0.6005859375 0.2094372046875 0.61936514375
6 0.4072265625 0.53515625 0.40599570625 0.5297021796875 0.3718346921875 0.52928578125 0.3739176796875 0.5929958640625 0.388671875 0.5927734375 0.4097541640625 0.5925703109375 0.41274279375 0.5730173296875 0.42850105625 0.5686722328125 0.4390971265625 0.5618830109374999 0.43932350624999994 0.5363646796875 0.4072265625 0.53515625
6 0.43099155624999996 0.6267246937500001 0.42057661875 0.624226265625 0.4115182625 0.623504453125 0.40907301250000005 0.6115554203125 0.3865224 0.6126417 0.38671875 0.6318359375 0.388671875 0.6435546875 0.3984375 0.6669921875 0.40625 0.6787109375 0.4189453125 0.69140625 0.42890856875 0.6937659859374999 0.435546875 0.6923828125 0.439453125 0.6884765625 0.439453125 0.6787109375 0.43488394374999995 0.6590799703125 0.431640625 0.6591796875 0.433253784375 0.6327377984375 0.43099155624999996 0.6267246937500001
6 0.5747855203125 0.428795003125 0.5631062796874999 0.4037680578125 0.4137788359375 0.409607678125 0.39625997343749997 0.41544729843750006 0.38541496406250003 0.4237896140625 0.3729014921875 0.44130847656250005 0.3729014921875 0.4554904125 0.407939215625 0.4554904125 0.4054365203125 0.43797155 0.4404742453125 0.43797155 0.4404742453125 0.428795003125 0.5747855203125 0.428795003125
6 0.559769353125 0.6782302296875 0.4988704515625 0.6798986921875 0.4988704515625 0.6949148593750001 0.51054969375 0.7090967953125 0.522228934375 0.7149364171875 0.5422504906250001 0.7074283328125001 0.5572666578125001 0.6957490921875 0.559769353125 0.6782302296875
6 0.59362698125 0.6804102875 0.6672834 0.6804102875 0.6672834 0.5454950640625 0.6519687000000001 0.5454950640625 0.6519687000000001 0.480589903125 0.5958147953124999 0.480589903125 0.5958147953124999 0.43537507187499996 0.5805000953125 0.43537507187499996 0.5783122796875 0.48642407499999996 0.6031075109375 0.48642407499999996 0.606024596875 0.61185876875 0.5958147953124999 0.61696366875 0.59362698125 0.6804102875