5 0.6315132640625001 0.773089025 0.6607113671875 0.783934034375 0.7599849187500001 0.21498813593750002 0.539747796875 0.2091485140625 0.3353610734375 0.325940928125 0.2402586796875 0.3985190703125 0.48552274687499997 0.783934034375 0.511383925 0.7755917203125 0.5289027859375001 0.7697521 0.5639405109375 0.763912478125 0.6131601703125 0.7697521 0.6315132640625001 0.773089025
4 0.4833984375 0.419921875 0.4326171875 0.421875 0.427734375 0.4267578125 0.4286504984375 0.5503523828125 0.431640625 0.5908203125 0.5263671875 0.591796875 0.5302734375 0.5625 0.5634765625 0.5625 0.5732421875 0.587890625 0.6083984375 0.591796875 0.623046875 0.5869140625 0.6287480125 0.5675322734375 0.65778385625 0.5692211828125 0.674650125 0.5647730656250001 0.677734375 0.5224609375 0.6797750625 0.41018927656250004 0.6630859375 0.40625 0.6181640625 0.404296875 0.616413534375 0.39509465781249997 0.5673828125 0.396484375 0.48316374218749997 0.3978720375 0.4833984375 0.419921875
6 0.3134765625 0.353515625 0.28125 0.3740234375 0.3037109375 0.40625 0.3232421875 0.3984375 0.3330078125 0.38671875 0.3134765625 0.353515625
1 0.5650633625 0.7668828703125 0.527371271875 0.767599565625 0.5171767359375 0.7759091703125 0.5254983 0.795028296875 0.5768550515624999 0.7853076765625 0.5650633625 0.7668828703125
0 0.6044024968749999 0.6306667499999999 0.60869208125 0.6212296625 0.611694790625 0.61265049375 0.6124572406250001 0.591929953125 0.5916369625 0.59026355625 0.593302590625 0.6252577515625 0.5556640625 0.626953125 0.5307475328125 0.6260690062500001 0.53125 0.6376953125 0.5304253390625 0.638588890625 0.5516620328124999 0.6390054828125 0.59539436875 0.636243209375 0.6044024968749999 0.6306667499999999
0 0.45419529843750006 0.5908392203124999 0.45689631875 0.6813647140625 0.469726103125 0.7056850156250001 0.484244025 0.7306808453125 0.5010364218750001 0.753074940625 0.5165672328124999 0.7763818859375 0.5277088921875001 0.7672617890625 0.56484779375 0.7665862109375 0.5510051015624999 0.740577025 0.5391881859375001 0.7071366265625 0.5315116843750001 0.662448940625 0.5288106781249999 0.59556814375 0.535900821875 0.59556814375 0.5369136984375 0.562465546875 0.5304988093749999 0.5617899937499999 0.52746016875 0.59185255 0.45419529843750006 0.5908392203124999
2 0.5 0.7958984375 0.5087890625 0.8046875 0.5166015625 0.8046875 0.5234375 0.7998046875 0.5267806796875 0.795804196875 0.5113185078125 0.7700782546875 0.49029954218749994 0.7820890921875 0.49609375 0.7880859375 0.49609375 0.7900390625 0.5 0.7939453125 0.5 0.7958984375
2 0.61936514375 0.7905627953125001 0.6622549484375 0.8055602984375 0.6614539749999999 0.7820890921875 0.6219897953125 0.7687913796875 0.58938895 0.7640728359375 0.5636514421875 0.7627859609375001 0.5785574 0.7872300015625 0.6005859375 0.787109375 0.61936514375 0.7905627953125001
6 0.53515625 0.5927734375 0.5297021796875 0.5940042937500001 0.52928578125 0.6281653078125 0.5929958640625 0.6260823203125 0.5927734375 0.611328125 0.5925703109375 0.5902458359375 0.5730173296875 0.58725720625 0.5686722328125 0.57149894375 0.5618830109374999 0.5609028734375 0.5363646796875 0.5606764937500001 0.53515625 0.5927734375
6 0.6267246937500001 0.56900844375 0.624226265625 0.57942338125 0.623504453125 0.5884817375 0.6115554203125 0.5909269875 0.6126417 0.6134776 0.6318359375 0.61328125 0.6435546875 0.611328125 0.6669921875 0.6015625 0.6787109375 0.59375 0.69140625 0.5810546875 0.6937659859374999 0.57109143125 0.6923828125 0.564453125 0.6884765625 0.560546875 0.6787109375 0.560546875 0.6590799703125 0.56511605625 0.6591796875 0.568359375 0.6327377984375 0.566746215625 0.6267246937500001 0.56900844375
6 0.428795003125 0.42521447968750004 0.4037680578125 0.4368937203125 0.409607678125 0.5862211640625 0.41544729843750006 0.6037400265625 0.4237896140625 0.6145850359375 0.44130847656250005 0.6270985078125 0.4554904125 0.6270985078125 0.4554904125 0.592060784375 0.43797155 0.5945634796875 0.43797155 0.5595257546875 0.428795003125 0.5595257546875 0.428795003125 0.42521447968750004
6 0.6782302296875 0.440230646875 0.6798986921875 0.5011295484375 0.6949148593750001 0.5011295484375 0.7090967953125 0.48945030625 0.7149364171875 0.477771065625 0.7074283328125001 0.457749509375 0.6957490921875 0.4427333421875 0.6782302296875 0.440230646875
6 0.6804102875 0.40637301875 0.6804102875 0.33271660000000003 0.5454950640625 0.33271660000000003 0.5454950640625 0.34803130000000004 0.480589903125 0.34803130000000004 0.480589903125 0.4041852046875 0.43537507187499996 0.4041852046875 0.43537507187499996 0.4194999046875 0.48642407499999996 0.42168772031249996 0.48642407499999996 0.39689248906249996 0.61185876875 0.393975403125 0.61696366875 0.4041852046875 0.6804102875 0.40637301875