4 0.356761940625 0.6715720890625 0.47080549375 0.6543953828125 0.5676644234375 0.6622029875 0.569226640625 0.4545206859375 0.5075181843750001 0.4490553859375 0.4356550796875 0.45842448750000003 0.4333117546875 0.46545134375 0.3556640453125 0.4650390625 0.3528563390625 0.5575810734375 0.3536374484375 0.6114535578125 0.356761940625 0.6715720890625
0 0.3512941234375 0.5903730781250001 0.2707031078125 0.59296875 0.25052959218750004 0.6598606828125 0.3536374484375 0.659079934375 0.3512941234375 0.5903730781250001
1 0.25209180781249996 0.660641490625 0.2731820921875 0.5911537671875 0.26693310625 0.58803074375 0.24262914375000003 0.579351053125 0.24026203124999998 0.6148577578125 0.22605934843750003 0.658649359375 0.25209180781249996 0.660641490625
7 0.344264028125 0.57163475625 0.356761940625 0.5708540671875 0.3528563390625 0.5575810734375 0.3302038390625 0.5583618515625 0.3348905484375 0.5903730781250001 0.347388521875 0.5919345453125 0.344264028125 0.57163475625
3 0.2469012015625 0.4945858921875 0.219565878125 0.5067617531249999 0.238866840625 0.552585240625 0.2634163359375 0.54143151875 0.2469012015625 0.4945858921875
2 0.26925917187500004 0.5402936796875 0.24025649843750002 0.5525340265625001 0.24248827031250003 0.5788568140625 0.2716262859375 0.5876359515625 0.26925917187500004 0.5402936796875
2 0.2509140421875 0.6604246953125 0.2244419546875 0.66082589375 0.21777445156250003 0.6752191546875 0.24085380937499998 0.6764027109375 0.2509140421875 0.6604246953125
6 0.6066523484374999 0.46722613593749995 0.5703125375 0.46500125 0.5703125375 0.6251930671875 0.608877234375 0.6251930671875 0.6066523484374999 0.46722613593749995
6 0.6667242796874999 0.3589483328125 0.6867482578125 0.43162795468750004 0.6845233703125 0.5094989765625 0.671174053125 0.5947862875000001 0.6459586734375 0.7223464390625 0.7438536734375 0.73792064375 0.7542364765625 0.674882196875 0.7601695078125 0.5866283703125 0.759427878125 0.49540802968750003 0.7342125 0.38416371250000003 0.6897147718750001 0.2677279921875 0.6585663640625 0.28330219687499997 0.6533749624999999 0.3122257203125 0.6667242796874999 0.3589483328125
6 0.3648813640625 0.4598098484375 0.3552401890625 0.4627763640625 0.33892435625 0.4701926515625 0.321125265625 0.49095825781249997 0.3055510609375 0.5198817796874999 0.31074246250000004 0.5458387874999999 0.3263166671875 0.5584464765625 0.3522736734375 0.5584464765625 0.3552401890625 0.469451021875 0.37823068125 0.46722613593749995 0.38045556875000003 0.4598098484375 0.3752641671875 0.4598098484375 0.3648813640625 0.4598098484375
5 0.7562927953125 0.6651707578125 0.7622105796875001 0.603034025 0.7622105796875001 0.5639766515625 0.75806813125 0.4922412734375 0.7332134375 0.380986934375 0.6876465015625 0.2649983671875 0.2509140421875 0.4929514078125 0.25919893906249997 0.509521203125 0.26748383750000004 0.5485785765625 0.26985095000000003 0.5965244625 0.2633413875 0.6290604390625 0.24026203124999998 0.6769944906250001 0.7420901140625 0.737367721875 0.7480078984375 0.70837058125 0.7562927953125 0.6651707578125