4 0.4323355765625 0.3377970125 0.430773359375 0.5454793140625 0.492481815625 0.5509446140625001 0.5643449203124999 0.5415755124999999 0.5666882453125 0.5345486562499999 0.6443359546874999 0.5349609375 0.6471436609375 0.44241892656250004 0.6463625515625 0.3885464421875 0.643238059375 0.3284279109375 0.52919450625 0.3456046171875 0.4323355765625 0.3377970125
0 0.7494704078125001 0.3401393171875 0.6463625515625 0.340920065625 0.6487058765625 0.409626921875 0.7292968921874999 0.40703125 0.7494704078125001 0.3401393171875
1 0.73306689375 0.41196925625 0.75737085625 0.420648946875 0.75973796875 0.38514224218750004 0.7739406515625 0.341350640625 0.7479081921875 0.339358509375 0.7268179078125 0.4088462328125 0.73306689375 0.41196925625
7 0.6471436609375 0.44241892656250004 0.6697961609374999 0.4416381484375 0.6651094515625 0.409626921875 0.6526114781250001 0.40806545468750005 0.655735971875 0.42836524374999996 0.643238059375 0.42914593281249996 0.6471436609375 0.44241892656250004
3 0.761133159375 0.44741475937499997 0.7365836640625 0.45856848125000005 0.7530987984374999 0.5054141078125001 0.780434121875 0.493238246875 0.761133159375 0.44741475937499997
2 0.7575117296875 0.4211431859375 0.7283737140625 0.41236404843749996 0.730740828125 0.45970632031249997 0.7597435015625 0.4474659734375 0.7575117296875 0.4211431859375
2 0.7822255484375 0.3247808453125 0.759146190625 0.32359728906249996 0.7490859578125 0.33957530468749997 0.7755580453124999 0.33917410625 0.7822255484375 0.3247808453125
6 0.4296874625 0.3748069328125 0.391122765625 0.3748069328125 0.39334765156249996 0.5327738640625 0.4296874625 0.53499875 0.4296874625 0.3748069328125
6 0.3154766296875 0.4905010234375 0.328825946875 0.4052137125 0.3540413265625 0.27765356093750004 0.2561463265625 0.26207935625 0.24576352343750002 0.325117803125 0.2398304921875 0.41337162968749996 0.24057212187500002 0.5045919703124999 0.2657875 0.6158362875 0.31028522812500003 0.7322720078125 0.3414336359375 0.716697803125 0.3466250375 0.6877742796875 0.33327572031249997 0.6410516671875001 0.31325174218749996 0.5683720453125 0.3154766296875 0.4905010234375
6 0.66107564375 0.5298073484375 0.678874734375 0.5090417421875 0.6944489390624999 0.4801182203125 0.6892575375 0.4541612125 0.6736833328125 0.4415535234375 0.6477263265625 0.4415535234375 0.6447598109375 0.530548978125 0.62176931875 0.5327738640625 0.61954443125 0.5401901515625 0.6247358328125 0.5401901515625 0.6351186359375001 0.5401901515625 0.6447598109375 0.5372236359375 0.66107564375 0.5298073484375
5 0.2377894203125 0.43602334843749996 0.24193186875 0.5077587265625 0.2667865625 0.619013065625 0.3123534984375 0.7350016328125 0.7490859578125 0.5070485921875 0.7408010609375 0.490478796875 0.7325161625 0.4514214234375 0.73014905 0.4034755375 0.7366586125000001 0.3709395609375 0.75973796875 0.323005509375 0.2579098859375 0.262632278125 0.2519921015625 0.29162941875000004 0.2437072046875 0.3348292421875 0.2377894203125 0.39696597499999997 0.2377894203125 0.43602334843749996