5 0.5919714218750001 0.672031790625 0.7919231156250001 0.568505453125 0.7175691484375 0.4546620578125 0.646061265625 0.3810196125 0.5592556765625 0.31022325156249997 0.4365182671875 0.24796514374999998 0.333347690625 0.21736973124999998 0.2661089359375 0.20562963124999997 0.2468978625 0.37497168125 0.2312443953125 0.5158528828125 0.21203332343749998 0.69480046875 0.25757068125 0.7086751328124999 0.3112905328125 0.741405109375 0.35433756562499996 0.7933461578125 0.5919714218750001 0.672031790625
4 0.2939757796875 0.596441834375 0.36614311875 0.6410157796875 0.348101284375 0.6675478906250001 0.4054106421875 0.712121834375 0.41602348593749994 0.69620256875 0.454229725 0.7216733953125 0.5157842203125 0.6197900921875 0.5643653296875 0.5465640875 0.48590799999999995 0.49843479999999996 0.45529100937500006 0.47333284375 0.3894913765625 0.43937174375000004 0.34491743124999996 0.5115390828125 0.2939757796875 0.596441834375
0 0.3120176140625 0.6112998171874999 0.2542700046875 0.707009359375 0.3100706578125 0.739584875 0.36189798125 0.6431383484375 0.3120176140625 0.6112998171874999
1 0.25396837968749997 0.7073109843750001 0.23136 0.7471442203125 0.3003434859375 0.784289175 0.30886415624999997 0.738981625 0.25396837968749997 0.7073109843750001
2 0.21263462500000002 0.6946688921875 0.2081258859375 0.705088784375 0.2543760828125 0.71143685 0.2545995203125 0.7070335484375 0.21263462500000002 0.6946688921875
3 0.2076724515625 0.7055422171875 0.20177781874999998 0.7268535828125 0.24167995000000003 0.7318413484375 0.2543760828125 0.7123437171875 0.2076724515625 0.7055422171875
3 0.3129942 0.7993736765625 0.32200122656249996 0.8113830453125 0.3518642421875 0.7994029109375 0.321030778125 0.7554198796875 0.3069743453125 0.7440840468750001 0.3038003125 0.7672091453125 0.3201239109375 0.7830793109374999 0.3272553265625 0.7944948703125 0.3129942 0.7993736765625
2 0.3038003125 0.7681160125 0.2997194125 0.7817190109375 0.314120078125 0.7993736765625 0.32462827656250004 0.793368990625 0.3038003125 0.7681160125
2 0.20132438593750002 0.7282138812500001 0.19724348593750002 0.7395497140625 0.23261128437499998 0.742723746875 0.24031965 0.7332016484375 0.20132438593750002 0.7282138812500001
7 0.3780932734375 0.7016096046875 0.343900490625 0.677280125 0.337982509375 0.6924038546875 0.38203859375000004 0.7206786562499999 0.396504771875 0.7029247109375001 0.38335370156250004 0.6943765156249999 0.3780932734375 0.7016096046875
6 0.2827772421875 0.46786780156249996 0.332134725 0.30231457968750003 0.29614489375 0.3012862984375 0.2488439734375 0.4781506109375 0.32185191562500004 0.5223666875 0.33316300625 0.5048859125 0.2827772421875 0.46786780156249996
6 0.5982526046875 0.43270560625 0.68958888125 0.525183584375 0.734115315625 0.5651432046875 0.59026068125 0.6404956328125 0.5936857921875001 0.6724633296875 0.7980507078125 0.56971001875 0.6941556953125 0.4304221984375 0.6267951921875 0.36648680625 0.554867875 0.3059765234375 0.4509728609375 0.25459986875 0.347077846875 0.21806535781249997 0.2625917921875 0.2066483234375 0.25459986875 0.278575640625 0.334519109375 0.309401634375 0.43384730937500005 0.3413693296875 0.510341440625 0.38132895 0.5982526046875 0.43270560625
6 0.688314725 0.5702990765625 0.6836995875 0.5518385296874999 0.6744693140625 0.530740759375 0.6421633546875001 0.501072021875 0.6098573953125 0.4806335578125 0.5867817093750001 0.462173009375 0.557112971875 0.44107524062500003 0.520191875 0.42261469218750003 0.49447896875 0.4206367765625 0.4740405046875 0.445031071875 0.46019509375 0.4634916203125 0.44832759843750003 0.47272189375 0.563706025 0.5492013078125 0.582166571875 0.56304671875 0.6006271203125 0.5788700453125 0.61447253125 0.596011984375 0.6237028062500001 0.6111760046875 0.656008765625 0.5933747625 0.6718320921875 0.5749142140625 0.688314725 0.5702990765625
6 0.384890584375 0.6914983390625 0.348358596875 0.667752546875 0.344966340625 0.6776683718750001 0.381498328125 0.6993266218749999 0.384890584375 0.6914983390625
6 0.2763383921875 0.626262646875 0.281818190625 0.632786215625 0.2880808171875 0.6390488421875 0.291734015625 0.6419192125000001 0.3081734109375 0.6155639921875 0.2946043859375 0.6064309953125 0.29721381406249997 0.6009511984375 0.2846885609375 0.604343453125 0.2755555640625 0.612693621875 0.27372896562500004 0.6207828484375 0.2763383921875 0.626262646875
6 0.4286408 0.7522553249999999 0.45350567656249996 0.74075068125 0.46389696875 0.7340705640625 0.46129914687499995 0.7251637421875 0.454990146875 0.72108145 0.41862062499999997 0.6991855124999999 0.4082293328125 0.7092056875 0.397838040625 0.7028966875 0.38336445625 0.72108145 0.3885601015625 0.733699446875 0.3974669234375 0.7466885624999999 0.40934268593749995 0.753368678125 0.4286408 0.7522553249999999