5 0.4546620578125 0.2824308515625 0.3810196125 0.353938734375 0.31022325156249997 0.44074432343750003 0.24796514374999998 0.5634817328125 0.21736973124999998 0.6666523093750001 0.20562963124999997 0.7338910640625 0.37497168125 0.7531021375 0.5158528828125 0.7687556046874999 0.69480046875 0.7879666765625 0.7086751328124999 0.74242931875 0.741405109375 0.6887094671875 0.7933461578125 0.6456624343749999 0.672031790625 0.408028578125 0.568505453125 0.208076884375 0.4546620578125 0.2824308515625
4 0.6675478906250001 0.651898715625 0.712121834375 0.5945893578125 0.69620256875 0.5839765140625001 0.7216733953125 0.545770275 0.6197900921875 0.4842157796875 0.5465640875 0.4356346703125 0.49843479999999996 0.514092 0.47333284375 0.544708990625 0.43937174375000004 0.6105086234375 0.5115390828125 0.6550825687499999 0.596441834375 0.7060242203125 0.6410157796875 0.6338568812500001 0.6675478906250001 0.651898715625
0 0.739584875 0.6899293421875 0.6431383484375 0.6381020187499999 0.6112998171874999 0.6879823859374999 0.707009359375 0.7457299953125001 0.739584875 0.6899293421875
1 0.784289175 0.6996565140625 0.738981625 0.6911358437499999 0.7073109843750001 0.7460316203125 0.7471442203125 0.76864 0.784289175 0.6996565140625
2 0.71143685 0.7456239171875 0.7070335484375 0.7454004796875 0.6946688921875 0.787365375 0.705088784375 0.7918741140625001 0.71143685 0.7456239171875
3 0.7318413484375 0.75832005 0.7123437171875 0.7456239171875 0.7055422171875 0.7923275484375 0.7268535828125 0.79822218125 0.7318413484375 0.75832005
3 0.7994029109375 0.6481357578125 0.7554198796875 0.678969221875 0.7440840468750001 0.6930256546875 0.7672091453125 0.6961996874999999 0.7830793109374999 0.6798760890625 0.7944948703125 0.6727446734375 0.7993736765625 0.6870058 0.8113830453125 0.6779987734375 0.7994029109375 0.6481357578125
2 0.7993736765625 0.685879921875 0.793368990625 0.6753717234375001 0.7681160125 0.6961996874999999 0.7817190109375 0.7002805875 0.7993736765625 0.685879921875
2 0.742723746875 0.767388715625 0.7332016484375 0.75968035 0.7282138812500001 0.7986756140625 0.7395497140625 0.8027565140625 0.742723746875 0.767388715625
7 0.6924038546875 0.662017490625 0.7206786562499999 0.61796140625 0.7029247109375001 0.603495228125 0.6943765156249999 0.6166462984375001 0.7016096046875 0.6219067265625 0.677280125 0.656099509375 0.6924038546875 0.662017490625
6 0.3012862984375 0.70385510625 0.4781506109375 0.7511560265624999 0.5223666875 0.678148084375 0.5048859125 0.6668369937499999 0.46786780156249996 0.7172227578125 0.30231457968750003 0.667865275 0.3012862984375 0.70385510625
6 0.5651432046875 0.265884684375 0.6404956328125 0.40973931874999997 0.6724633296875 0.4063142078125 0.56971001875 0.2019492921875 0.4304221984375 0.3058443046875 0.36648680625 0.3732048078125 0.3059765234375 0.44513212500000005 0.25459986875 0.5490271390625 0.21806535781249997 0.652922153125 0.2066483234375 0.7374082078125 0.278575640625 0.74540013125 0.309401634375 0.665480890625 0.3413693296875 0.566152690625 0.38132895 0.489658559375 0.43270560625 0.40174739531250003 0.525183584375 0.31041111875 0.5651432046875 0.265884684375
6 0.530740759375 0.3255306859375 0.501072021875 0.35783664531250003 0.4806335578125 0.3901426046875 0.462173009375 0.413218290625 0.44107524062500003 0.442887028125 0.42261469218750003 0.47980812500000003 0.4206367765625 0.50552103125 0.445031071875 0.5259594953125 0.4634916203125 0.53980490625 0.47272189375 0.5516724015625 0.5492013078125 0.436293975 0.56304671875 0.41783342812499996 0.5788700453125 0.3993728796875 0.596011984375 0.38552746875 0.6111760046875 0.37629719375000004 0.5933747625 0.343991234375 0.5749142140625 0.3281679078125 0.5702990765625 0.311685275 0.5518385296874999 0.3163004125 0.530740759375 0.3255306859375
6 0.6776683718750001 0.655033659375 0.6993266218749999 0.618501671875 0.6914983390625 0.615109415625 0.667752546875 0.651641403125 0.6776683718750001 0.655033659375
6 0.6390488421875 0.7119191828125 0.6419192125000001 0.708265984375 0.6155639921875 0.6918265890625 0.6064309953125 0.7053956140625 0.6009511984375 0.7027861859375 0.604343453125 0.7153114390625 0.612693621875 0.7244444359375 0.6207828484375 0.7262710343750001 0.626262646875 0.7236616078125 0.632786215625 0.718181809375 0.6390488421875 0.7119191828125
6 0.7340705640625 0.5361030312499999 0.7251637421875 0.538700853125 0.72108145 0.545009853125 0.6991855124999999 0.581379375 0.7092056875 0.5917706671875 0.7028966875 0.6021619593749999 0.72108145 0.61663554375 0.733699446875 0.6114398984375 0.7466885624999999 0.6025330765625 0.753368678125 0.5906573140625 0.7522553249999999 0.5713592000000001 0.74075068125 0.5464943234375 0.7340705640625 0.5361030312499999