5 0.5453379421875 0.7175691484375 0.6189803875 0.646061265625 0.6897767484374999 0.5592556765625 0.75203485625 0.4365182671875 0.78263026875 0.333347690625 0.79437036875 0.2661089359375 0.62502831875 0.2468978625 0.4841471171875 0.2312443953125 0.30519953125 0.21203332343749998 0.2913248671875 0.25757068125 0.258594890625 0.3112905328125 0.2066538421875 0.35433756562499996 0.327968209375 0.5919714218750001 0.43149454687500005 0.7919231156250001 0.5453379421875 0.7175691484375
4 0.332452109375 0.348101284375 0.287878165625 0.4054106421875 0.30379743124999997 0.41602348593749994 0.27832660468750003 0.454229725 0.38020990781249997 0.5157842203125 0.4534359125 0.5643653296875 0.5015652 0.48590799999999995 0.52666715625 0.45529100937500006 0.56062825625 0.3894913765625 0.48846091718749995 0.34491743124999996 0.40355816562499996 0.2939757796875 0.3589842203125 0.36614311875 0.332452109375 0.348101284375
0 0.260415125 0.3100706578125 0.3568616515625 0.36189798125 0.38870018281249996 0.3120176140625 0.292990640625 0.2542700046875 0.260415125 0.3100706578125
1 0.215710825 0.3003434859375 0.261018375 0.30886415624999997 0.292689015625 0.25396837968749997 0.2528557796875 0.23136 0.215710825 0.3003434859375
2 0.28856315 0.2543760828125 0.2929664515625 0.2545995203125 0.3053311078125 0.21263462500000002 0.294911215625 0.2081258859375 0.28856315 0.2543760828125
3 0.26815865156249996 0.24167995000000003 0.2876562828125 0.2543760828125 0.2944577828125 0.2076724515625 0.2731464171875 0.20177781874999998 0.26815865156249996 0.24167995000000003
3 0.2005970890625 0.3518642421875 0.24458012031249998 0.321030778125 0.25591595312500004 0.3069743453125 0.2327908546875 0.3038003125 0.2169206890625 0.3201239109375 0.20550512968749998 0.3272553265625 0.2006263234375 0.3129942 0.1886169546875 0.32200122656249996 0.2005970890625 0.3518642421875
2 0.2006263234375 0.314120078125 0.20663100937499998 0.32462827656250004 0.2318839875 0.3038003125 0.2182809890625 0.2997194125 0.2006263234375 0.314120078125
2 0.257276253125 0.23261128437499998 0.2667983515625 0.24031965 0.27178611875 0.20132438593750002 0.2604502859375 0.19724348593750002 0.257276253125 0.23261128437499998
7 0.3075961453125 0.337982509375 0.27932134375 0.38203859375000004 0.2970752890625 0.396504771875 0.305623484375 0.38335370156250004 0.2983903953125 0.3780932734375 0.322719875 0.343900490625 0.3075961453125 0.337982509375
6 0.6987137015625 0.29614489375 0.5218493890625 0.2488439734375 0.47763331249999996 0.32185191562500004 0.4951140875 0.33316300625 0.5321321984375 0.2827772421875 0.6976854203125 0.332134725 0.6987137015625 0.29614489375
6 0.43485679531250004 0.734115315625 0.3595043671875 0.59026068125 0.3275366703125 0.5936857921875001 0.43028998124999995 0.7980507078125 0.5695778015624999 0.6941556953125 0.63351319375 0.6267951921875 0.6940234765625 0.554867875 0.74540013125 0.4509728609375 0.7819346421875 0.347077846875 0.7933516765624999 0.2625917921875 0.721424359375 0.25459986875 0.690598365625 0.334519109375 0.6586306703125 0.43384730937500005 0.61867105 0.510341440625 0.56729439375 0.5982526046875 0.474816415625 0.68958888125 0.43485679531250004 0.734115315625
6 0.469259240625 0.6744693140625 0.49892797812499995 0.6421633546875001 0.5193664421874999 0.6098573953125 0.537826990625 0.5867817093750001 0.558924759375 0.557112971875 0.5773853078125 0.520191875 0.5793632234375 0.49447896875 0.554968928125 0.4740405046875 0.5365083796875 0.46019509375 0.52727810625 0.44832759843750003 0.4507986921875 0.563706025 0.43695328125 0.582166571875 0.4211299546875 0.6006271203125 0.403988015625 0.61447253125 0.3888239953125 0.6237028062500001 0.4066252375 0.656008765625 0.4250857859375 0.6718320921875 0.42970092343750005 0.688314725 0.44816147031250003 0.6836995875 0.469259240625 0.6744693140625
6 0.322331628125 0.344966340625 0.300673378125 0.381498328125 0.30850166093750003 0.384890584375 0.33224745312500004 0.348358596875 0.322331628125 0.344966340625
6 0.3609511578125 0.2880808171875 0.3580807875 0.291734015625 0.3844360078125 0.3081734109375 0.3935690046875 0.2946043859375 0.3990488015625 0.29721381406249997 0.395656546875 0.2846885609375 0.387306378125 0.2755555640625 0.3792171515625 0.27372896562500004 0.373737353125 0.2763383921875 0.36721378437499996 0.281818190625 0.3609511578125 0.2880808171875
6 0.2659294359375 0.46389696875 0.2748362578125 0.46129914687499995 0.27891855 0.454990146875 0.3008144875 0.41862062499999997 0.2907943125 0.4082293328125 0.2971033125 0.397838040625 0.27891855 0.38336445625 0.266300553125 0.3885601015625 0.25331143749999996 0.3974669234375 0.24663132187499998 0.40934268593749995 0.247744675 0.4286408 0.25924931875 0.45350567656249996 0.2659294359375 0.46389696875