0 0.5449753734375 0.6650920796875 0.6033154671875 0.7616250296875 0.65791586875 0.72795073125 0.60095433125 0.639725578125 0.5449753734375 0.6650920796875
1 0.604357496875 0.760582378125 0.633071471875 0.8004176296875001 0.695275878125 0.7693001500000001 0.6722372156249999 0.745097690625 0.65726205 0.727426025 0.63191955625 0.742024340625 0.604357496875 0.760582378125
3 0.7236261171875 0.7451559890625 0.7363467781249999 0.7454055328125 0.7498157 0.7466532640625 0.7495662796875 0.7234453875 0.7375939109375 0.7234453875 0.7261203546874999 0.7234453875 0.7109054578125 0.72444358125 0.6979353765625 0.72643995625 0.6842170328125 0.7299336125 0.6747389 0.7329281828124999 0.668026725 0.7370055453125001 0.6665078703125 0.7379191203125 0.6792285312499999 0.753640590625 0.6964388515625 0.7481505515625 0.7056675921875 0.7451559890625 0.7236261171875 0.7451559890625
2 0.689189659375 0.7625649937500001 0.7054181140625 0.757633340625 0.720383590625 0.756385609375 0.7343514109375 0.756884696875 0.7495662796875 0.760128815625 0.7500998265625001 0.7470600859375 0.7298617234375 0.7454055328125 0.7121525890625 0.7454055328125 0.6976859546874999 0.7471523796875 0.6797274015625 0.7528919468749999 0.689189659375 0.7625649937500001
2 0.732930165625 0.7237262203125 0.7498674921874999 0.7245314781250001 0.7479034609374999 0.7137293 0.727281121875 0.7145149125 0.7094084296875 0.7151041234375 0.69428538125 0.7164789453125 0.6777875109375 0.7200142031250001 0.6695385765624999 0.7227638484375001 0.6585399953125 0.7274775250000001 0.6664081390625001 0.7381312125 0.6860913796875 0.7293788125 0.7004893265625001 0.725914321875 0.71379369375 0.7246379296875001 0.732930165625 0.7237262203125
3 0.750061875 0.7685822578125 0.7502441234375 0.76019455625 0.7387622703125001 0.7569123953125 0.724546571875 0.7565477281249999 0.7110599125 0.7572770828125 0.7030408171875 0.7587358156249999 0.689738878125 0.76296161875 0.6944749734375 0.768946946875 0.7044988328125 0.768946946875 0.7205370453125 0.7685822578125 0.7318366703125 0.767305865625 0.750061875 0.7685822578125
2 0.6019264468750001 0.7602133953125 0.5833915078125 0.778508634375 0.594355534375 0.7900763796875 0.6025287046875001 0.7797053015625 0.61050253125 0.769733115625 0.6019264468750001 0.7602133953125
3 0.6222639515624999 0.7854891625 0.6107018859375 0.7699325515625 0.594825025 0.7901141171875 0.606914303125 0.8058324484374999 0.6222639515624999 0.7854891625
2 0.6079065906250001 0.805998875 0.615685525 0.815804634375 0.6210678609375 0.8074279859375 0.6329941953125 0.8007025609375 0.62182709375 0.7856946109375 0.6138267828124999 0.7973674546875 0.6079065906250001 0.805998875
3 0.63313916875 0.8013561828125001 0.6223179156249999 0.8069318843750001 0.6145548093750001 0.816030265625 0.6223179156249999 0.824241 0.6382877109375 0.8062661468749999 0.63313916875 0.8013561828125001
7 0.6368383578125 0.64550001875 0.6240520953125 0.6294140765625 0.6067287718750001 0.636425896875 0.610853371875 0.64343771875 0.6067287718750001 0.6463249390625 0.6125032125 0.6549866 0.6368383578125 0.64550001875
6 0.7084682078125 0.6364130078125 0.720999546875 0.62388166875 0.719656903125 0.6068748515625 0.71652406875 0.5925533203125 0.6382032 0.628357146875 0.6301473390625 0.6332801734375 0.6395458421875 0.6453639640625 0.6144831640625 0.656552659375 0.62388166875 0.6735594781249999 0.6458115125 0.66774135625 0.6646085203125 0.6610281390625 0.677139859375 0.648944346875 0.6802726953125 0.6395458421875 0.6865383640625 0.6382032 0.7084682078125 0.6364130078125
5 0.7113230890625 0.7170509046875 0.7464059578125 0.716692915625 0.8029681359374999 0.22553273593749998 0.749269865625 0.2219528515625 0.6601307375000001 0.223026815625 0.6264798218750001 0.2326925046875 0.5487963234375 0.2616895703125 0.46860690624999995 0.2892546828125 0.393429328125 0.3193257140625 0.3356070296875 0.34704118125 0.282982725 0.382840028125 0.2468258890625 0.409331175 0.21424893906250003 0.43940220625000004 0.19943521250000001 0.45253662656250004 0.5845264765625 0.7796103750000001 0.6039265484375 0.7610834859375 0.620036028125 0.7510598078124999 0.6561928640625 0.728506534375 0.6787461375 0.7220627421875 0.7113230890625 0.7170509046875
6 0.55642493125 0.6849205421875 0.5470797968750001 0.6631152265625 0.5291682875 0.669734696875 0.5182656296875 0.680247975 0.5182656296875 0.69543381875 0.530336428125 0.7036108125 0.5427966093750001 0.6969913421875 0.5427966093750001 0.6888143484375 0.55642493125 0.6849205421875