0 0.4550246265625 0.3349079203125 0.3966845328125 0.2383749703125 0.34208413125 0.27204926875 0.39904566875 0.360274421875 0.4550246265625 0.3349079203125
1 0.395642503125 0.23941762187500001 0.366928528125 0.19958237031249998 0.304724121875 0.23069985 0.327762784375 0.25490230937499997 0.34273794999999996 0.27257397499999997 0.36808044375 0.257975659375 0.395642503125 0.23941762187500001
3 0.2763738828125 0.2548440109375 0.263653221875 0.2545944671875 0.2501843 0.2533467359375 0.2504337203125 0.2765546125 0.2624060890625 0.2765546125 0.2738796453125 0.2765546125 0.2890945421875 0.27555641875000003 0.3020646234375 0.27356004375 0.3157829671875 0.2700663875 0.32526109999999997 0.2670718171875 0.331973275 0.2629944546875 0.3334921296875 0.2620808796875 0.32077146875 0.24635940937499998 0.3035611484375 0.2518494484375 0.2943324078125 0.2548440109375 0.2763738828125 0.2548440109375
2 0.310810340625 0.23743500625 0.2945818859375 0.24236665937500002 0.279616409375 0.24361439062499998 0.2656485890625 0.24311530312500002 0.2504337203125 0.23987118437500002 0.2499001734375 0.2529399140625 0.2701382765625 0.2545944671875 0.2878474109375 0.2545944671875 0.3023140453125 0.25284762031249997 0.3202725984375 0.247108053125 0.310810340625 0.23743500625
2 0.267069834375 0.2762737796875 0.25013250781249996 0.27546852187500004 0.25209653906249996 0.2862707 0.272718878125 0.2854850875 0.2905915703125 0.2848958765625 0.30571461875 0.2835210546875 0.3222124890625 0.279985796875 0.33046142343749996 0.27723615156250003 0.3414600046875 0.27252247500000004 0.33359186093750004 0.2618687875 0.3139086203125 0.2706211875 0.29951067343750004 0.274085678125 0.28620630625 0.27536207031250004 0.267069834375 0.2762737796875
3 0.24993812499999998 0.23141774218750003 0.2497558765625 0.23980544374999999 0.26123772968750003 0.2430876046875 0.275453428125 0.243452271875 0.2889400875 0.2427229171875 0.2969591828125 0.241264184375 0.310261121875 0.23703838125 0.30552502656249997 0.231053053125 0.29550116718749997 0.231053053125 0.2794629546875 0.23141774218750003 0.2681633296875 0.23269413437500003 0.24993812499999998 0.23141774218750003
2 0.39807355312500003 0.2397866046875 0.4166084921875 0.221491365625 0.405644465625 0.20992362031249998 0.39747129531250003 0.2202946984375 0.38949746875 0.23026688437499998 0.39807355312500003 0.2397866046875
3 0.37773604843749997 0.2145108375 0.3892981140625 0.2300674484375 0.405174975 0.2098858828125 0.393085696875 0.1941675515625 0.37773604843749997 0.2145108375
2 0.39209340937500003 0.194001125 0.384314475 0.184195365625 0.3789321390625 0.1925720140625 0.3670058046875 0.1992974390625 0.37817290625 0.21430538906250002 0.3861732171875 0.20263254531250002 0.39209340937500003 0.194001125
3 0.36686083125 0.1986438171875 0.377682084375 0.19306811562499998 0.385445190625 0.183969734375 0.377682084375 0.175759 0.3617122890625 0.193733853125 0.36686083125 0.1986438171875
7 0.3631616421875 0.35449998125 0.3759479046875 0.3705859234375 0.39327122812500004 0.363574103125 0.389146628125 0.35656228125 0.39327122812500004 0.3536750609375 0.3874967875 0.34501339999999997 0.3631616421875 0.35449998125
6 0.29153179218749997 0.3635869921875 0.279000453125 0.37611833125 0.280343096875 0.3931251484375 0.28347593125000003 0.4074466796875 0.3617968 0.371642853125 0.3698526609375 0.3667198265625 0.3604541578125 0.3546360359375 0.38551683593749997 0.343447340625 0.37611833125 0.326440521875 0.3541884875 0.33225864375 0.3353914796875 0.3389718609375 0.322860140625 0.351055653125 0.3197273046875 0.3604541578125 0.3134616359375 0.3617968 0.29153179218749997 0.3635869921875
5 0.2886769109375 0.2829490953125 0.2535940421875 0.28330708437499996 0.1970318640625 0.7744672640625 0.250730134375 0.7780471484375 0.3398692625 0.776973184375 0.373520178125 0.7673074953125 0.4512036765625 0.7383104296874999 0.53139309375 0.7107453171875 0.6065706718749999 0.6806742859375 0.6643929703125 0.65295881875 0.717017275 0.6171599718749999 0.7531741109375 0.5906688250000001 0.7857510609375 0.56059779375 0.8005647874999999 0.5474633734375 0.4154735234375 0.220389625 0.3960734515625 0.23891651406249997 0.379963971875 0.2489401921875 0.3438071359375 0.271493465625 0.3212538625 0.2779372578125 0.2886769109375 0.2829490953125
6 0.44357506874999997 0.3150794578125 0.452920203125 0.3368847734375 0.4708317125 0.330265303125 0.4817343703125 0.319752025 0.4817343703125 0.30456618125 0.46966357187499996 0.2963891875 0.457203390625 0.3030086578125 0.457203390625 0.3111856515625 0.44357506874999997 0.3150794578125