5 0.689584371875 0.7550347093750001 0.7044522078125001 0.7153871484375001 0.7242759890625 0.68069553125 0.7462237453125 0.6566237984375001 0.7830393390625 0.6311360796875001 0.5328632265625 0.24457235625 0.41604451875 0.329531415625 0.277278053125 0.5277692234375 0.2206386796875 0.673615609375 0.689584371875 0.7550347093750001
4 0.511782425 0.6882501000000001 0.5205078125 0.6796875 0.5441484562500001 0.6967714125 0.580078125 0.6474609375 0.5840021140625 0.6340951328125 0.6288015921875 0.57634609375 0.638671875 0.5458984375 0.67304489375 0.5064621015624999 0.5095110703125 0.3951169609375 0.4140625 0.5126953125 0.3984375 0.5419921875 0.40234375 0.5498046875 0.373232890625 0.590539025 0.511782425 0.6882501000000001
1 0.738130553125 0.6561800156250001 0.7666015625 0.685546875 0.8031428734375 0.65218665 0.7785493812500001 0.6273913859375 0.738130553125 0.6561800156250001
0 0.739257575 0.6554937921875 0.7646484375 0.63671875 0.7781585296875 0.627190834375 0.732421875 0.5634765625 0.6767578125 0.513671875 0.671487553125 0.509892971875 0.640625 0.5458984375 0.630859375 0.5712890625 0.739257575 0.6554937921875
7 0.6162109375 0.640625 0.5947265625 0.62109375 0.583984375 0.6435546875 0.5859375 0.6474609375 0.5927734375 0.65234375 0.6044921875 0.65625 0.6220703125 0.658203125 0.642578125 0.6396484375 0.6640625 0.6083984375 0.6669921875 0.599609375 0.6572265625 0.591796875 0.64453125 0.6103515625 0.63671875 0.6181640625 0.62890625 0.6318359375 0.6201171875 0.640625 0.6162109375 0.640625
2 0.6897071125 0.7509043281250001 0.7165871625 0.7533825546874999 0.7353167671875 0.752875565625 0.7416619 0.727614075 0.766215440625 0.686241640625 0.7532394765625 0.6713678109375001 0.7400895296875001 0.6589016546875001 0.7260074875 0.671106090625 0.7062926296875001 0.7005219109375 0.6897071125 0.7509043281250001
6 0.48784138906249996 0.6661672750000001 0.4306640625 0.630859375 0.41796875 0.6376953125 0.419921875 0.6494140625 0.4306640625 0.654296875 0.4807030140625 0.6831287578125 0.48784138906249996 0.6661672750000001
6 0.304979028125 0.5289968859374999 0.4412270546875 0.340415178125 0.4358132265625 0.31785755781249997 0.41325560625 0.333196740625 0.2923467609375 0.5163646187500001 0.304979028125 0.5289968859374999
6 0.6216228484374999 0.6738173484375001 0.6341282546875 0.666522528125 0.6414230734374999 0.66131194375 0.64871789375 0.6503697140625 0.6617443578125 0.63734325 0.6706023531249999 0.6248378453125001 0.6763339968750001 0.615458790625 0.67841823125 0.6066007953125 0.665912825 0.5993059765625001 0.64038095625 0.640990659375 0.6294387265625 0.653496065625 0.6237070828125 0.659227709375 0.60755426875 0.659227709375 0.5945278046875 0.6540171234375001 0.587232984375 0.6482854796875 0.5835855750000001 0.6446380703125 0.5471114765625 0.6957018078125 0.55961688125 0.7066440375 0.5721222859374999 0.7050808609375 0.58514875 0.69413863125 0.5903593359375 0.684759578125 0.608596384375 0.6759015828125 0.6216228484374999 0.6738173484375001
6 0.626833434375 0.6321326640625 0.658096946875 0.5935743312499999 0.6367335468750001 0.5737741062499999 0.5981752140625 0.6191061999999999 0.608596384375 0.63161160625 0.6127648531250001 0.638906425 0.618496496875 0.6425538359375 0.626833434375 0.6321326640625
6 0.41482677187499994 0.4576779984375 0.44385445 0.47537780312500005 0.4990778390625 0.40599457031249997 0.4615542546875 0.38121484375 0.41482677187499994 0.4576779984375