5 0.7550347093750001 0.310415628125 0.7153871484375001 0.2955477921875 0.68069553125 0.2757240109375 0.6566237984375001 0.2537762546875 0.6311360796875001 0.21696066093750002 0.24457235625 0.4671367734375 0.329531415625 0.5839554812500001 0.5277692234375 0.722721946875 0.673615609375 0.7793613203125 0.7550347093750001 0.310415628125
4 0.6882501000000001 0.488217575 0.6796875 0.4794921875 0.6967714125 0.45585154375 0.6474609375 0.419921875 0.6340951328125 0.41599788593750003 0.57634609375 0.3711984078125 0.5458984375 0.361328125 0.5064621015624999 0.32695510625 0.3951169609375 0.4904889296875 0.5126953125 0.5859375 0.5419921875 0.6015625 0.5498046875 0.59765625 0.590539025 0.626767109375 0.6882501000000001 0.488217575
1 0.6561800156250001 0.26186944687499997 0.685546875 0.2333984375 0.65218665 0.1968571265625 0.6273913859375 0.22145061875 0.6561800156250001 0.26186944687499997
0 0.6554937921875 0.260742425 0.63671875 0.2353515625 0.627190834375 0.2218414703125 0.5634765625 0.267578125 0.513671875 0.3232421875 0.509892971875 0.328512446875 0.5458984375 0.359375 0.5712890625 0.369140625 0.6554937921875 0.260742425
7 0.640625 0.3837890625 0.62109375 0.4052734375 0.6435546875 0.416015625 0.6474609375 0.4140625 0.65234375 0.4072265625 0.65625 0.3955078125 0.658203125 0.3779296875 0.6396484375 0.357421875 0.6083984375 0.3359375 0.599609375 0.3330078125 0.591796875 0.3427734375 0.6103515625 0.35546875 0.6181640625 0.36328125 0.6318359375 0.37109375 0.640625 0.3798828125 0.640625 0.3837890625
2 0.7509043281250001 0.3102928875 0.7533825546874999 0.2834128375 0.752875565625 0.2646832328125 0.727614075 0.2583381 0.686241640625 0.233784559375 0.6713678109375001 0.24676052343750002 0.6589016546875001 0.25991047031250003 0.671106090625 0.2739925125 0.7005219109375 0.2937073703125 0.7509043281250001 0.3102928875
6 0.6661672750000001 0.5121586109375 0.630859375 0.5693359375 0.6376953125 0.58203125 0.6494140625 0.580078125 0.654296875 0.5693359375 0.6831287578125 0.5192969859375001 0.6661672750000001 0.5121586109375
6 0.5289968859374999 0.695020971875 0.340415178125 0.5587729453125 0.31785755781249997 0.5641867734375 0.333196740625 0.58674439375 0.5163646187500001 0.7076532390625 0.5289968859374999 0.695020971875
6 0.6738173484375001 0.37837715156249996 0.666522528125 0.3658717453125 0.66131194375 0.3585769265625 0.6503697140625 0.35128210625 0.63734325 0.3382556421875 0.6248378453125001 0.329397646875 0.615458790625 0.323666003125 0.6066007953125 0.32158176875 0.5993059765625001 0.33408717499999996 0.640990659375 0.35961904375 0.653496065625 0.3705612734375 0.659227709375 0.3762929171875 0.659227709375 0.39244573125 0.6540171234375001 0.4054721953125 0.6482854796875 0.41276701562499996 0.6446380703125 0.416414425 0.6957018078125 0.4528885234375 0.7066440375 0.44038311874999997 0.7050808609375 0.4278777140625 0.69413863125 0.41485125 0.684759578125 0.4096406640625 0.6759015828125 0.391403615625 0.6738173484375001 0.37837715156249996
6 0.6321326640625 0.373166565625 0.5935743312499999 0.34190305312499997 0.5737741062499999 0.363266453125 0.6191061999999999 0.40182478593750004 0.63161160625 0.391403615625 0.638906425 0.387235146875 0.6425538359375 0.381503503125 0.6321326640625 0.373166565625
6 0.4576779984375 0.5851732281250001 0.47537780312500005 0.55614555 0.40599457031249997 0.5009221609375001 0.38121484375 0.5384457453125 0.4576779984375 0.5851732281250001