5 0.47223077656249995 0.277278053125 0.326384390625 0.2206386796875 0.244965290625 0.689584371875 0.2846128515625 0.7044522078125001 0.31930446875 0.7242759890625 0.34337620156250004 0.7462237453125 0.36886392031250004 0.7830393390625 0.75542764375 0.5328632265625 0.670468584375 0.41604451875 0.47223077656249995 0.277278053125
4 0.4501953125 0.40234375 0.409460975 0.373232890625 0.3117499 0.511782425 0.3203125 0.5205078125 0.3032285875 0.5441484562500001 0.3525390625 0.580078125 0.3659048671875 0.5840021140625 0.42365390625000005 0.6288015921875 0.4541015625 0.638671875 0.4935378984375 0.67304489375 0.6048830390625 0.5095110703125 0.4873046875 0.4140625 0.4580078125 0.3984375 0.4501953125 0.40234375
1 0.34781335 0.8031428734375 0.3726086140625 0.7785493812500001 0.343819984375 0.738130553125 0.314453125 0.7666015625 0.34781335 0.8031428734375
0 0.4541015625 0.640625 0.4287109375 0.630859375 0.34450620781249996 0.739257575 0.36328125 0.7646484375 0.372809165625 0.7781585296875 0.4365234375 0.732421875 0.486328125 0.6767578125 0.490107028125 0.671487553125 0.4541015625 0.640625
7 0.3681640625 0.62890625 0.359375 0.6201171875 0.359375 0.6162109375 0.37890625 0.5947265625 0.3564453125 0.583984375 0.3525390625 0.5859375 0.34765625 0.5927734375 0.34375 0.6044921875 0.341796875 0.6220703125 0.3603515625 0.642578125 0.3916015625 0.6640625 0.400390625 0.6669921875 0.408203125 0.6572265625 0.3896484375 0.64453125 0.3818359375 0.63671875 0.3681640625 0.62890625
2 0.32889390937499996 0.7260074875 0.2994780890625 0.7062926296875001 0.249095671875 0.6897071125 0.2466174453125 0.7165871625 0.247124434375 0.7353167671875 0.272385925 0.7416619 0.313758359375 0.766215440625 0.3286321890625 0.7532394765625 0.3410983453125 0.7400895296875001 0.32889390937499996 0.7260074875
6 0.345703125 0.4306640625 0.3168712421875 0.4807030140625 0.333832725 0.48784138906249996 0.369140625 0.4306640625 0.3623046875 0.41796875 0.3505859375 0.419921875 0.345703125 0.4306640625
6 0.666803259375 0.41325560625 0.48363538124999994 0.2923467609375 0.47100311406250006 0.304979028125 0.659584821875 0.4412270546875 0.6821424421875 0.4358132265625 0.666803259375 0.41325560625
6 0.315240421875 0.5903593359375 0.3240984171875 0.608596384375 0.32618265156250004 0.6216228484374999 0.333477471875 0.6341282546875 0.33868805625 0.6414230734374999 0.3496302859375 0.64871789375 0.36265675 0.6617443578125 0.3751621546875 0.6706023531249999 0.38454120937499997 0.6763339968750001 0.3933992046875 0.67841823125 0.40069402343749994 0.665912825 0.359009340625 0.64038095625 0.346503934375 0.6294387265625 0.34077229062500003 0.6237070828125 0.34077229062500003 0.60755426875 0.34598287656250004 0.5945278046875 0.3517145203125 0.587232984375 0.3553619296875 0.5835855750000001 0.3042981921875 0.5471114765625 0.2933559625 0.55961688125 0.2949191390625 0.5721222859374999 0.30586136875 0.58514875 0.315240421875 0.5903593359375
6 0.361093575 0.6127648531250001 0.3574461640625 0.618496496875 0.3678673359375 0.626833434375 0.40642566875 0.658096946875 0.42622589375000003 0.6367335468750001 0.3808938 0.5981752140625 0.36838839375 0.608596384375 0.361093575 0.6127648531250001
6 0.5940054296875 0.4990778390625 0.61878515625 0.4615542546875 0.5423220015625 0.41482677187499994 0.524622196875 0.44385445 0.5940054296875 0.4990778390625