5 0.79906496875 0.6732926703125 0.8086787578125 0.6406208515625 0.7716656875 0.5035745078125 0.7529188296875 0.4007167140625 0.7428243218749999 0.2940151625 0.1956679140625 0.29113234375 0.5835958515625 0.6849895796875 0.5789092375 0.67953876875 0.6250554140625 0.6833825078125 0.7077339796875 0.7093277687499999 0.761571253125 0.699718409375 0.79906496875 0.6732926703125
4 0.4792790078125 0.47955055625 0.4693848296875 0.548257440625 0.5053163515625 0.5555445265625 0.507399346875 0.5654341875 0.5719719671875 0.5779671375000001 0.6136317171875 0.5847337234375 0.7302790234375001 0.5940620703125 0.7313205015625 0.54201139375 0.7399402296875001 0.49973080468750003 0.6729968687500001 0.4946452265625 0.6844532828125 0.371285059375 0.6740857203124999 0.3676020734375 0.6846609453125 0.322438084375 0.6409181796875 0.31282872500000003 0.5962140484375 0.3157115359375 0.5933299203125 0.35366850312500003 0.5293982125000001 0.3579927140625 0.5260334015625 0.4045981109375 0.5236299546875001 0.43438712968750004 0.5198972796875 0.48319406875000004 0.4792790078125 0.47955055625
7 0.71517735625 0.46705834062499996 0.73600723125 0.4811120328125 0.7485051640625 0.5097399171875 0.73600723125 0.605513209375 0.71517735625 0.616964346875 0.7141358390625 0.63362059375 0.7401731828125 0.6242514515625001 0.752671115625 0.604992709375 0.763086053125 0.511821953125 0.7495466421875 0.47590696406250005 0.7349657140625 0.4597712546875 0.7193433078125 0.44988161406250005 0.7000756890625001 0.44675858125 0.69955495 0.4321843890625 0.6811197796874999 0.4291666671875 0.6735176078125 0.4972477609375 0.6938267437500001 0.49256322968750005 0.6922644859375 0.468099359375 0.71517735625 0.46705834062499996
0 0.7063246359375001 0.7091349 0.7172603515625 0.593582346875 0.611458321875 0.584765625 0.604778996875 0.649276596875 0.6125902 0.667494340625 0.62612965 0.6810275140625001 0.7063246359375001 0.7091349
6 0.46546654218750005 0.40082967500000005 0.46258241250000004 0.486833440625 0.47748377656249996 0.4849115890625 0.5178616953125 0.48395063125000004 0.5284368484375 0.4022710796875 0.46546654218750005 0.40082967500000005
6 0.5303596125000001 0.633376175 0.5486257890624999 0.6083918359375 0.6072699203124999 0.6271301312500001 0.6120768140624999 0.5877317171875001 0.5082479078125 0.5824465765625 0.4885396125 0.573317678125 0.46017896562500005 0.5468919390625 0.46546654218750005 0.48154829218749995 0.46165864218749997 0.4796875 0.4500844578125 0.49019672031250006 0.44383551718750003 0.5440091375 0.5053637421875 0.6035871562499999 0.5303596125000001 0.633376175
1 0.623317296875 0.6786057703124999 0.62409405 0.7458433453125 0.70436916875 0.7636206453125001 0.7058112515625 0.706925428125 0.623317296875 0.6786057703124999
2 0.622171284375 0.6829020296875 0.5770432578125 0.6822115390625 0.6031817671875 0.736569521875 0.62583426875 0.7361791171875 0.6284202624999999 0.6848239453125 0.622171284375 0.6829020296875
2 0.8293484171875001 0.7126910484375 0.8519408046875 0.6824216046875 0.8581897828124999 0.6531130296875001 0.8567477 0.61851933125 0.8428077359374999 0.5810051765625001 0.8125242874999999 0.43723231093750003 0.805313946875 0.37185097968749997 0.8043525828125 0.2940151625 0.7428243218749999 0.2959370234375 0.7572450046875 0.43527275625 0.810120840625 0.6453502171875 0.794258075 0.6751769109375 0.7649360640625 0.6958370125 0.7375367828125 0.705446371875 0.705048065625 0.7056490390625 0.70436916875 0.751608946875 0.7360947 0.7549722437499999 0.79041261875 0.738155865625 0.8293484171875001 0.7126910484375
6 0.678533221875 0.4303993984375 0.7001885375 0.4331063125 0.6974816234375 0.4457385796875 0.7254530734375 0.45115240781250004 0.7254530734375 0.4258878734375 0.6938724046875 0.41325560625 0.702895453125 0.3789680234375 0.69657931875 0.3374620015625 0.6812401375 0.3347550875 0.674924003125 0.369944975 0.68484935625 0.3726518890625 0.678533221875 0.4303993984375
6 0.49536534374999996 0.3627265359375 0.49807225937500005 0.37535880312500003 0.5070953078125 0.38799107187500004 0.5070953078125 0.4006233390625 0.5323598421875 0.4042325578125 0.529652928125 0.3627265359375 0.5991303984374999 0.3573127078125 0.5991303984374999 0.3437781359375 0.5675497296875001 0.35370348749999997 0.5395782812500001 0.3509965734375 0.5079976125 0.35370348749999997 0.49536534374999996 0.3627265359375
6 0.46378467656250005 0.3293412578125 0.49807225937500005 0.324829734375 0.5143137453125 0.30678363750000004 0.2327946421875 0.30588133281249996 0.21384624218749998 0.30678363750000004 0.226478509375 0.3221228203125 0.46378467656250005 0.3293412578125
6 0.42498556875000004 0.47641694375 0.399721034375 0.45115240781250004 0.368140365625 0.438520140625 0.3275366484375 0.4240832640625 0.444836275 0.5431874999999999 0.45025010312499997 0.4926584296875 0.42498556875000004 0.47641694375