5 0.6655891875 0.516899684375 0.6223957625 0.28315301718749997 0.6038843 0.215310953125 0.30955204687500004 0.2572496640625 0.4035288671875 0.78148771875 0.6402902218750001 0.7457123890624999 0.6668233015625 0.7296769953125 0.689037034375 0.6963727343749999 0.6933563796875 0.6741698703125001 0.6655891875 0.516899684375
4 0.5487974703125 0.6155983484374999 0.6460787906250001 0.59764755625 0.6281191390624999 0.494430353125 0.6363506359375 0.494430353125 0.6281191390624999 0.45778083125 0.619139334375 0.4600246484375 0.6079145687499999 0.378498103125 0.5473008140625 0.390465296875 0.5398176234375 0.38223779687500004 0.5248512828125 0.3770021390625 0.50913659375 0.3777501640625 0.494918559375 0.390465296875 0.48593875468750003 0.4009366140625 0.3792896359375 0.41666806718749994 0.39763726093749996 0.5467869375000001 0.46498585625000005 0.53556768125 0.4627408953125 0.5295840843749999 0.53308278125 0.5198606203125 0.5487974703125 0.6155983484374999
0 0.666978609375 0.51407565 0.6315910484375 0.5211496953125 0.645240546875 0.5868371781249999 0.6801225640624999 0.580773721875 0.666978609375 0.51407565
1 0.6658370312499999 0.51681968125 0.6766403921874999 0.579531553125 0.6828734453124999 0.5791512437499999 0.693260971875 0.577455009375 0.7152832124999999 0.5724712671875001 0.7298262281250001 0.579531553125 0.71569874375 0.4952235421875 0.70198676875 0.51266659375 0.6658370312499999 0.51681968125
2 0.61728254375 0.2655346265625 0.6318792828124999 0.33643994843749997 0.6467679578125 0.41989231406250005 0.6641464375 0.51611901875 0.6829678828125 0.514140984375 0.6537743953125 0.3426410078125 0.6453082890624999 0.29471376562499996 0.62428898125 0.20980243125000003 0.6047293421875 0.2153464859375 0.61728254375 0.2655346265625
3 0.6619485703125 0.2722458296875 0.64501635 0.205425559375 0.6237051203124999 0.21009421874999998 0.6310034921875001 0.23343755000000002 0.640053459375 0.27107864843749996 0.6526066562499999 0.33643994843749997 0.6616566484375 0.3910049625 0.671582421875 0.446445353125 0.6833927875 0.515809296875 0.6846622328125 0.5137610703125 0.702428928125 0.511819815625 0.702819446875 0.503052909375 0.6966888265625 0.462202071875 0.6855952890625 0.40880423906249996 0.6771291828125 0.351904896875 0.6619485703125 0.2722458296875
2 0.6441115578125001 0.20538594687499998 0.6581854875 0.26396014375 0.6697215062499999 0.3135406453125 0.6872562531249999 0.4193893078125 0.6953314609375 0.4629740390625 0.7036373984375001 0.51049531875 0.7149426921875001 0.497120115625 0.704329575 0.4325501328125 0.6916399390625 0.364290428125 0.6780274359375 0.295569515625 0.6579547765625 0.200773796875 0.6441115578125001 0.20538594687499998
2 0.7303181953125 0.580190896875 0.7140453671875 0.5725188140624999 0.7232564203125 0.6286785375 0.7293971046875 0.665811490625 0.7318533609375 0.6857589328125 0.7312393015625 0.7007962375 0.7472051000000001 0.7007962375 0.746591021875 0.67900746875 0.7419855046875 0.6602875781249999 0.7367659093750001 0.6210064531249999 0.7303181953125 0.580190896875
3 0.7461975265625 0.7138763296875 0.7461975265625 0.7008707078125 0.733000965625 0.7015011921875 0.7312916828125 0.672030071875 0.7268801265625 0.6539421062499999 0.7189981109375 0.6060512499999999 0.7140199984375 0.5735020671875 0.6900745749999999 0.578967040625 0.7046860296874999 0.6408809515625 0.7109739687500001 0.6645633484375 0.7136834734375 0.6856974828125 0.712599671875 0.7100830234375 0.701219753125 0.7230886453125 0.7223538875 0.7534350953125 0.7369852109374999 0.7388037703125 0.7461975265625 0.7138763296875
6 0.4821055796875 0.3412432640625 0.47137833125000006 0.343450734375 0.46822325156250005 0.31475359062499997 0.415849025 0.3213760359375 0.4316243953125 0.40841332656249996 0.48652268750000005 0.399583484375 0.5108167453125 0.37624739687500003 0.4972499375 0.359849065625 0.48399861250000004 0.3601644125 0.4821055796875 0.3412432640625
2 0.680787646875 0.7871653296875001 0.7261637375000001 0.7497654609375 0.6808670453125 0.7083350390625001 0.6452313171874999 0.7465891796874999 0.42000035 0.7806036109375001 0.40464896718750004 0.782894146875 0.411486209375 0.8166364484375 0.42644266562500005 0.8145008453125 0.5772891765625 0.7974161390625001 0.680787646875 0.7871653296875001
2 0.6906956046875 0.6468301359375 0.6911229 0.6878334453125 0.6847129921875 0.7044910171875001 0.7013787687499999 0.7113248890625 0.7163352390625 0.7057723734375 0.68941359375 0.578491359375 0.6753118015624999 0.5806269640624999 0.6906956046875 0.6468301359375