5 0.303627265625 0.689037034375 0.3258301296875 0.6933563796875 0.48310031562500005 0.6655891875 0.7168469828124999 0.6223957625 0.784689046875 0.6038843 0.7427503359375 0.30955204687500004 0.21851228125 0.4035288671875 0.25428761093749996 0.6402902218750001 0.2703230046875 0.6668233015625 0.303627265625 0.689037034375
4 0.470415915625 0.4627408953125 0.4801393796875 0.53308278125 0.3844016515625 0.5487974703125 0.40235244375 0.6460787906250001 0.505569646875 0.6281191390624999 0.505569646875 0.6363506359375 0.54221916875 0.6281191390624999 0.5399753515625 0.619139334375 0.621501896875 0.6079145687499999 0.609534703125 0.5473008140625 0.6177622031250001 0.5398176234375 0.6229978609375 0.5248512828125 0.6222498359374999 0.50913659375 0.609534703125 0.494918559375 0.5990633859375001 0.48593875468750003 0.5833319328125001 0.3792896359375 0.4532130625 0.39763726093749996 0.46443231875 0.46498585625000005 0.470415915625 0.4627408953125
0 0.41316282187500003 0.645240546875 0.419226278125 0.6801225640624999 0.48592435 0.666978609375 0.4788503046875 0.6315910484375 0.41316282187500003 0.645240546875
1 0.5047764578125 0.71569874375 0.48733340625 0.70198676875 0.48318031875 0.6658370312499999 0.420468446875 0.6766403921874999 0.42084875625 0.6828734453124999 0.42254499062499995 0.693260971875 0.4275287328125 0.7152832124999999 0.420468446875 0.7298262281250001 0.5047764578125 0.71569874375
2 0.79019756875 0.62428898125 0.7846535140625 0.6047293421875 0.7344653734375 0.61728254375 0.6635600515625 0.6318792828124999 0.5801076859375 0.6467679578125 0.48388098125 0.6641464375 0.485859015625 0.6829678828125 0.6573589921874999 0.6537743953125 0.705286234375 0.6453082890624999 0.79019756875 0.62428898125
3 0.5911957609375 0.6855952890625 0.648095103125 0.6771291828125 0.7277541703125 0.6619485703125 0.794574440625 0.64501635 0.78990578125 0.6237051203124999 0.76656245 0.6310034921875001 0.7289213515624999 0.640053459375 0.6635600515625 0.6526066562499999 0.6089950375 0.6616566484375 0.553554646875 0.671582421875 0.484190703125 0.6833927875 0.48623892968750004 0.6846622328125 0.488180184375 0.702428928125 0.496947090625 0.702819446875 0.537797928125 0.6966888265625 0.5911957609375 0.6855952890625
2 0.704430484375 0.6780274359375 0.799226203125 0.6579547765625 0.794614053125 0.6441115578125001 0.73603985625 0.6581854875 0.6864593546875 0.6697215062499999 0.5806106921875 0.6872562531249999 0.5370259609375 0.6953314609375 0.48950468125 0.7036373984375001 0.502879884375 0.7149426921875001 0.5674498671875 0.704329575 0.635709571875 0.6916399390625 0.704430484375 0.6780274359375
2 0.339712421875 0.7419855046875 0.378993546875 0.7367659093750001 0.41980910312499997 0.7303181953125 0.4274811859375 0.7140453671875 0.3713214625 0.7232564203125 0.334188509375 0.7293971046875 0.3142410671875 0.7318533609375 0.2992037625 0.7312393015625 0.2992037625 0.7472051000000001 0.32099253125 0.746591021875 0.339712421875 0.7419855046875
3 0.24656490468749998 0.7223538875 0.2611962296875 0.7369852109374999 0.28612367031249997 0.7461975265625 0.2991292921875 0.7461975265625 0.29849880781250004 0.733000965625 0.32796992812500003 0.7312916828125 0.34605789374999996 0.7268801265625 0.39394874999999996 0.7189981109375 0.42649793281250004 0.7140199984375 0.421032959375 0.6900745749999999 0.35911904843750003 0.7046860296874999 0.3354366515625 0.7109739687500001 0.3143025171875 0.7136834734375 0.2899169765625 0.712599671875 0.2769113546875 0.701219753125 0.24656490468749998 0.7223538875
6 0.640150934375 0.4972499375 0.6398355875 0.48399861250000004 0.6587567359375 0.4821055796875 0.656549265625 0.47137833125000006 0.685246409375 0.46822325156250005 0.6786239640625 0.415849025 0.5915866734375 0.4316243953125 0.600416515625 0.48652268750000005 0.623752603125 0.5108167453125 0.640150934375 0.4972499375
2 0.1854991546875 0.42644266562500005 0.2025838609375 0.5772891765625 0.2128346703125 0.680787646875 0.2502345390625 0.7261637375000001 0.2916649609375 0.6808670453125 0.2534108203125 0.6452313171874999 0.2193963890625 0.42000035 0.217105853125 0.40464896718750004 0.1833635515625 0.411486209375 0.1854991546875 0.42644266562500005
2 0.42150864062500004 0.68941359375 0.4193730359375 0.6753118015624999 0.3531698640625 0.6906956046875 0.3121665546875 0.6911229 0.29550898281250004 0.6847129921875 0.2886751109375 0.7013787687499999 0.2942276265625 0.7163352390625 0.42150864062500004 0.68941359375