4 0.58984375 0.5244140625 0.5751953125 0.435546875 0.5576171875 0.423828125 0.4990234375 0.427734375 0.4912109375 0.419921875 0.4501953125 0.421875 0.4296875 0.4345703125 0.4306640625 0.478515625 0.443359375 0.5419921875 0.4453125 0.6025390625 0.4521484375 0.611328125 0.5751953125 0.60546875 0.5859375 0.6005859375 0.58984375 0.5244140625
7 0.4222654421875 0.4146486203125 0.4134763796875 0.4195314328125 0.4085935671875 0.4341798703125 0.41505223593749996 0.4929269234375 0.4193357546875 0.5308595578124999 0.4349803171875 0.542161003125 0.43087747656250003 0.5116827625 0.42736075625 0.47886004218749995 0.4222654421875 0.4146486203125
6 0.4521484375 0.615234375 0.4501953125 0.630859375 0.462890625 0.6474609375 0.4697265625 0.65234375 0.4853515625 0.654296875 0.505859375 0.6455078125 0.5029296875 0.609375 0.4521484375 0.615234375
1 0.5088314375 0.32471048125 0.5498598375 0.3223660015625 0.5585534453125 0.3049036234375 0.5352068375 0.3065407625 0.498867396875 0.308299121875 0.5088314375 0.32471048125
2 0.3066200359375 0.41673132187500006 0.3087100828125 0.46223039843749997 0.3212022 0.6805765312500001 0.3312370765625 0.679313084375 0.31892855625 0.486479603125 0.3165840765625 0.41673132187500006 0.3242036359375 0.369841721875 0.310546875 0.3837890625 0.3066200359375 0.41673132187500006
2 0.5106634953125 0.3294757421875 0.4949483703125 0.3067159046875 0.467311425 0.3067159046875 0.4234174515625 0.30888350781249996 0.3741044703125 0.3186377234375 0.35513794062500004 0.3278500390625 0.3676016609375 0.34519086718750003 0.3453837234375 0.3717440109375 0.33996471562499997 0.4286436046875 0.3453837234375 0.5825434578124999 0.3491770296875 0.6432363578125 0.351344634375 0.6790018156250001 0.4142593703125 0.6783709921875001 0.4111271078125 0.6220703125 0.393612903125 0.3506098765625 0.436964975 0.3294757421875 0.5106634953125 0.3294757421875
2 0.58133326875 0.3049036234375 0.5634765625 0.302734375 0.5497354109375 0.3174015265625 0.5810546875 0.318359375 0.58133326875 0.3049036234375
0 0.5094175578125 0.32471048125 0.5146926374999999 0.424937003125 0.5586516375 0.4231786421875 0.5504459578125 0.32060764218750004 0.5094175578125 0.32471048125
3 0.3438109109375 0.3870048078125 0.346155390625 0.3688350875 0.35553331093749996 0.35652656718750003 0.3701863109375 0.3418735671875 0.35513794062500004 0.3262243359375 0.336713309375 0.3392299578125 0.3250550703125 0.3541820875 0.31509103125000004 0.3664906078125 0.3250550703125 0.3729379265625 0.316849390625 0.3952104875 0.31509103125000004 0.411621846875 0.32974403125 0.6783064484375 0.3514304703125 0.674203609375 0.3455692703125 0.5962496484375001 0.34146643125 0.5241568875 0.3397080703125 0.44854740781249997 0.3397080703125 0.411621846875 0.3438109109375 0.3870048078125
5 0.6033285484375 0.663286690625 0.5821944125 0.3218891296875 0.42666885781249997 0.33110144375 0.3925291015625 0.3506098765625 0.41420513750000004 0.6762923125 0.6033285484375 0.663286690625
7 0.47708467499999996 0.42036959218750003 0.49508111250000003 0.4179927046875 0.513756659375 0.4169740375 0.513756659375 0.4037313765625 0.458409128125 0.4074664875 0.45942779375000004 0.4217278140625 0.46893534531250003 0.4217278140625 0.47708467499999996 0.42036959218750003