4 0.60546875 0.4248046875 0.6005859375 0.4140625 0.5244140625 0.41015625 0.435546875 0.4248046875 0.423828125 0.4423828125 0.427734375 0.5009765625 0.419921875 0.5087890625 0.421875 0.5498046875 0.4345703125 0.5703125 0.478515625 0.5693359375 0.5419921875 0.556640625 0.6025390625 0.5546875 0.611328125 0.5478515625 0.60546875 0.4248046875
7 0.5116827625 0.5691225234374999 0.47886004218749995 0.5726392437500001 0.4146486203125 0.5777345578124999 0.4195314328125 0.5865236203124999 0.4341798703125 0.5914064328124999 0.4929269234375 0.5849477640625 0.5308595578124999 0.5806642453124999 0.542161003125 0.5650196828125 0.5116827625 0.5691225234374999
6 0.6455078125 0.494140625 0.609375 0.4970703125 0.615234375 0.5478515625 0.630859375 0.5498046875 0.6474609375 0.537109375 0.65234375 0.5302734375 0.654296875 0.5146484375 0.6455078125 0.494140625
1 0.3065407625 0.4647931625 0.308299121875 0.5011326031250001 0.32471048125 0.49116856249999996 0.3223660015625 0.4501401625 0.3049036234375 0.44144655468750005 0.3065407625 0.4647931625
2 0.369841721875 0.6757963640625 0.3837890625 0.689453125 0.41673132187500006 0.6933799640625 0.46223039843749997 0.6912899171875 0.6805765312500001 0.6787978 0.679313084375 0.6687629234375 0.486479603125 0.68107144375 0.41673132187500006 0.6834159234375 0.369841721875 0.6757963640625
2 0.3506098765625 0.606387096875 0.3294757421875 0.563035025 0.3294757421875 0.4893365046875 0.3067159046875 0.5050516296875001 0.3067159046875 0.532688575 0.30888350781249996 0.5765825484375 0.3186377234375 0.6258955296875001 0.3278500390625 0.6448620593750001 0.34519086718750003 0.6323983390625 0.3717440109375 0.6546162765625 0.4286436046875 0.6600352843749999 0.5825434578124999 0.6546162765625 0.6432363578125 0.6508229703125 0.6790018156250001 0.648655365625 0.6783709921875001 0.5857406296875001 0.6220703125 0.5888728921874999 0.3506098765625 0.606387096875
2 0.3174015265625 0.4502645890625 0.318359375 0.4189453125 0.3049036234375 0.41866673125 0.302734375 0.4365234375 0.3174015265625 0.4502645890625
0 0.4231786421875 0.4413483625 0.32060764218750004 0.4495540421875 0.32471048125 0.49058244218749997 0.424937003125 0.48530736250000006 0.4231786421875 0.4413483625
3 0.44854740781249997 0.6602919296875001 0.411621846875 0.6602919296875001 0.3870048078125 0.6561890890625001 0.3688350875 0.653844609375 0.35652656718750003 0.6444666890625 0.3418735671875 0.6298136890625 0.3262243359375 0.6448620593750001 0.3392299578125 0.663286690625 0.3541820875 0.6749449296875001 0.3664906078125 0.6849089687500001 0.3729379265625 0.6749449296875001 0.3952104875 0.6831506093749999 0.411621846875 0.6849089687500001 0.6783064484375 0.67025596875 0.674203609375 0.6485695296875 0.5962496484375001 0.6544307296875 0.5241568875 0.65853356875 0.44854740781249997 0.6602919296875001
5 0.3506098765625 0.6074708984375 0.6762923125 0.5857948625 0.663286690625 0.3966714515625 0.3218891296875 0.4178055875 0.33110144375 0.5733311421875 0.3506098765625 0.6074708984375
7 0.4217278140625 0.54057220625 0.4217278140625 0.5310646546875 0.42036959218750003 0.522915325 0.4179927046875 0.5049188874999999 0.4169740375 0.486243340625 0.4037313765625 0.486243340625 0.4074664875 0.541590871875 0.4217278140625 0.54057220625