4 0.41015625 0.4755859375 0.4248046875 0.564453125 0.4423828125 0.576171875 0.5009765625 0.572265625 0.5087890625 0.580078125 0.5498046875 0.578125 0.5703125 0.5654296875 0.5693359375 0.521484375 0.556640625 0.4580078125 0.5546875 0.3974609375 0.5478515625 0.388671875 0.4248046875 0.39453125 0.4140625 0.3994140625 0.41015625 0.4755859375
7 0.5777345578124999 0.5853513796875001 0.5865236203124999 0.5804685671875001 0.5914064328124999 0.5658201296875001 0.5849477640625 0.5070730765625 0.5806642453124999 0.4691404421875 0.5650196828125 0.45783899687499996 0.5691225234374999 0.4883172375 0.5726392437500001 0.5211399578125 0.5777345578124999 0.5853513796875001
6 0.5478515625 0.384765625 0.5498046875 0.369140625 0.537109375 0.3525390625 0.5302734375 0.34765625 0.5146484375 0.345703125 0.494140625 0.3544921875 0.4970703125 0.390625 0.5478515625 0.384765625
1 0.49116856249999996 0.67528951875 0.4501401625 0.6776339984375 0.44144655468750005 0.6950963765625 0.4647931625 0.6934592375 0.5011326031250001 0.691700878125 0.49116856249999996 0.67528951875
2 0.6933799640625 0.5832686781249999 0.6912899171875 0.5377696015625 0.6787978 0.31942346875 0.6687629234375 0.32068691562499996 0.68107144375 0.513520396875 0.6834159234375 0.5832686781249999 0.6757963640625 0.6301582781249999 0.689453125 0.6162109375 0.6933799640625 0.5832686781249999
2 0.4893365046875 0.6705242578124999 0.5050516296875001 0.6932840953125 0.532688575 0.6932840953125 0.5765825484375 0.6911164921874999 0.6258955296875001 0.6813622765625 0.6448620593750001 0.6721499609375 0.6323983390625 0.6548091328125001 0.6546162765625 0.6282559890625 0.6600352843749999 0.5713563953125 0.6546162765625 0.4174565421875 0.6508229703125 0.3567636421875 0.648655365625 0.320998184375 0.5857406296875001 0.32162900781250003 0.5888728921874999 0.3779296875 0.606387096875 0.6493901234375 0.563035025 0.6705242578124999 0.4893365046875 0.6705242578124999
2 0.41866673125 0.6950963765625 0.4365234375 0.697265625 0.4502645890625 0.6825984734375 0.4189453125 0.681640625 0.41866673125 0.6950963765625
0 0.49058244218749997 0.67528951875 0.48530736250000006 0.5750629968750001 0.4413483625 0.5768213578125 0.4495540421875 0.6793923578125 0.49058244218749997 0.67528951875
3 0.6561890890625001 0.6129951921875 0.653844609375 0.6311649125 0.6444666890625 0.6434734328125 0.6298136890625 0.6581264328125 0.6448620593750001 0.6737756640625 0.663286690625 0.6607700421875 0.6749449296875001 0.6458179125 0.6849089687500001 0.6335093921875 0.6749449296875001 0.6270620734375 0.6831506093749999 0.6047895125 0.6849089687500001 0.5883781531250001 0.67025596875 0.3216935515625 0.6485695296875 0.325796390625 0.6544307296875 0.40375035156249994 0.65853356875 0.47584311250000005 0.6602919296875001 0.5514525921875 0.6602919296875001 0.5883781531250001 0.6561890890625001 0.6129951921875
5 0.3966714515625 0.336713309375 0.4178055875 0.6781108703125 0.5733311421875 0.66889855625 0.6074708984375 0.6493901234375 0.5857948625 0.3237076875 0.3966714515625 0.336713309375
7 0.522915325 0.5796304078125 0.5049188874999999 0.5820072953125 0.486243340625 0.5830259625 0.486243340625 0.5962686234375 0.541590871875 0.5925335125 0.54057220625 0.5782721859375 0.5310646546875 0.5782721859375 0.522915325 0.5796304078125