5 0.21764369218750002 0.2572726453125 0.20305356875 0.2788766296875 0.19721754687499998 0.3063195015625 0.3394680015625 0.8800716046874999 0.801476715625 0.876977625 0.598737434375 0.120295996875 0.2882598234375 0.231581440625 0.21764369218750002 0.2572726453125
0 0.2515917671875 0.4677781421875 0.24121893437500003 0.47469675312500004 0.2585070015625 0.53834801875 0.382980953125 0.49683631093749997 0.3553200921875 0.39997567031250003 0.252974790625 0.4297257484375 0.260581496875 0.45117343437499996 0.2515917671875 0.4677781421875
1 0.2426019578125 0.47469675312500004 0.19508812343749998 0.4712540953125 0.21701567187499998 0.5611794671875 0.2591984734375 0.5369643171875 0.2426019578125 0.47469675312500004
4 0.5074549421875 0.5272782796875 0.5529348 0.5119182390625 0.558456259375 0.53637041875 0.599472821875 0.5198060390625 0.5860635609375 0.50087531875 0.6374611046875 0.48507468125 0.5814479515625 0.317644103125 0.55724465 0.30657432500000004 0.538573440625 0.31556855 0.51921095625 0.3383999578125 0.4936245515625 0.3473941625 0.48670927812500003 0.3515453296875 0.3926622734375 0.3584639609375 0.3467849203125 0.3753091125 0.40787576562499994 0.5902376546875 0.50676343125 0.5618713578125 0.5074549421875 0.5272782796875
7 0.3407981109375 0.374376796875 0.482560128125 0.3370162359375 0.4984652921875 0.3377080875 0.4998482359375 0.343934846875 0.5129871140625 0.33909182968749996 0.50952955625 0.326638309375 0.4991567234375 0.319719696875 0.34771330625 0.3660744234375 0.32997044375 0.3750595734375 0.3255846171875 0.38683027812500004 0.329006334375 0.4067594859375 0.3405379328125 0.403723365625 0.3366489625 0.388905871875 0.3407981109375 0.374376796875
6 0.4188223375 0.6631732687499999 0.450750103125 0.7668585875 0.6082953390625 0.7181579046875 0.6349890640625 0.7150159125 0.6569722046875001 0.7171105640625 0.6527848406250001 0.729678528125 0.6763381749999999 0.729678528125 0.6967510031249999 0.7181579046875 0.7009382468750001 0.6972113671875 0.6915169015625 0.674170178125 0.6590657375 0.6296588265625 0.6485975953125 0.6202328828125 0.639176309375 0.595620728125 0.610912390625 0.5746741906249999 0.5863123781249999 0.5746741906249999 0.5768909718749999 0.5814817984375 0.5481036546875 0.5830527937500001 0.53292486875 0.567342896875 0.50361409375 0.5741505203124999 0.5102684796875 0.60055254375 0.514605634375 0.6218038781249999 0.5078013390625 0.6317534765625 0.50361409375 0.638561084375 0.4188223375 0.6631732687499999
2 0.21880798750000002 0.5603172562500001 0.30053253125 0.8879519890625 0.332460296875 0.8853336828125 0.245079565625 0.5457886249999999 0.21880798750000002 0.5603172562500001
3 0.24557488906249997 0.5439052625 0.24726709375000003 0.5500130984375 0.2906527484375 0.7172884359375 0.29956495 0.7144135328125001 0.2565374640625 0.539705115625 0.24557488906249997 0.5439052625
2 0.211917203125 0.259697603125 0.2608020890625 0.235720553125 0.2375641015625 0.218555253125 0.21732725 0.222211009375 0.19876896875 0.2339320296875 0.1767920546875 0.2593275734375 0.1665361625 0.27837423125 0.160623378125 0.30077037500000003 0.16376385625 0.3379504640625 0.19673841875 0.47253195000000003 0.2250023375 0.47253195000000003 0.19359797031249998 0.3405687859375 0.189934153125 0.3164802703125 0.1956915921875 0.2843097875 0.211917203125 0.259697603125
3 0.19765516249999998 0.30861427343750003 0.1985428359375 0.2941156171875 0.21215382031250002 0.26630186562499997 0.219255203125 0.2606799375 0.22872371406249997 0.25269088125 0.2671895390625 0.23937578906249998 0.28464710625 0.23404975156250002 0.2851940515625 0.228801465625 0.29095149062500003 0.203141971875 0.2354704796875 0.21646060625 0.2653046234375 0.23688346562499998 0.26007058125000004 0.2389781171875 0.22604916406250003 0.2504987109375 0.2100825828125 0.2589045921875 0.2017976359375 0.2722196859375 0.196767490625 0.28257586875 0.19359797031249998 0.2950100859375 0.1888873265625 0.31962224687499996 0.19883204062499998 0.3557550109375 0.22757143281249997 0.47280221562499997 0.23789633437500002 0.474609103125 0.2038688734375 0.32903075 0.19765516249999998 0.30861427343750003
2 0.4072379671875 0.196244871875 0.47842122187499997 0.1705853765625 0.533378865625 0.1475441875 0.59775779375 0.1245030140625 0.58885990625 0.09674886875000001 0.5380895078125 0.11717173593750001 0.45434451875 0.1506861796875 0.397293253125 0.17320369687499998 0.3355313140625 0.193626565625 0.2933904703125 0.2060504640625 0.28371411874999997 0.23499597031250002 0.31197803749999997 0.22714102343749998 0.4072379671875 0.196244871875
6 0.5198060390625 0.5710767406249999 0.5616113796875 0.5655552796875 0.5915850218750001 0.5600338203125 0.6191923218750001 0.5489909 0.6412781625 0.5434694390625 0.65784254375 0.5237499390625 0.6688854640625 0.4992977578125 0.660208884375 0.4835221578125 0.6412781625 0.4835221578125 0.58921868125 0.5000865375 0.59710648125 0.522172378125 0.52848261875 0.5411031000000001 0.522172378125 0.5276938390625 0.5032416578125 0.5332152984375 0.5032416578125 0.5521460203124999 0.5119182390625 0.57344308125 0.5198060390625 0.5710767406249999
7 0.2123934953125 0.2664204578125 0.2042894515625 0.2745245015625 0.20057509687500003 0.282966215625 0.1971984125 0.29579761875 0.1982114171875 0.30423933124999997 0.20158810312500003 0.32078508906250003 0.2086791421875 0.344421884375 0.2397446453125 0.4729047546875 0.245485009375 0.4718917484375 0.246498015625 0.4681773953125 0.2161078484375 0.34526605625 0.2123934953125 0.31819179375 0.210029815625 0.306373396875 0.2161078484375 0.2905029765625 0.2231988875 0.2803729203125 0.2346796171875 0.269567528125 0.25122537500000003 0.260112809375 0.28668056875 0.2506580921875 0.28229087812500003 0.2346796171875 0.2360302921875 0.24987469999999998 0.22421189375 0.25460205937499997 0.2171208546875 0.25932941875000004 0.2123934953125 0.2664204578125
7 0.260830628125 0.5389189484375 0.2550902625 0.5395942859375 0.2989170296875 0.71501811875 0.306165584375 0.7119115953125 0.260830628125 0.5389189484375
6 0.3757312296875 0.8354096156249999 0.33104967812499997 0.842179546875 0.3398505890625 0.8800911671874999 0.8022369484375 0.8780601875 0.780573165625 0.7859891109375 0.6390815859375001 0.8029139421875 0.454262440625 0.8306706625 0.3757312296875 0.8354096156249999