5 0.6936804984375 0.19721754687499998 0.11992839531249999 0.3394680015625 0.12302237499999999 0.801476715625 0.8797040031250001 0.598737434375 0.7684185593749999 0.2882598234375 0.7427273546875 0.21764369218750002 0.7211233703125 0.20305356875 0.6936804984375 0.19721754687499998
0 0.46165198125 0.2585070015625 0.5031636890625 0.382980953125 0.6000243296875001 0.3553200921875 0.5702742515625 0.252974790625 0.548826565625 0.260581496875 0.5322218578125 0.2515917671875 0.525303246875 0.24121893437500003 0.46165198125 0.2585070015625
1 0.4388205328125 0.21701567187499998 0.46303568281249996 0.2591984734375 0.525303246875 0.2426019578125 0.5287459046875 0.19508812343749998 0.4388205328125 0.21701567187499998
4 0.46362958125000003 0.558456259375 0.4801939609375 0.599472821875 0.49912468125 0.5860635609375 0.51492531875 0.6374611046875 0.682355896875 0.5814479515625 0.6934256750000001 0.55724465 0.68443145 0.538573440625 0.6616000421875 0.51921095625 0.6526058375 0.4936245515625 0.6484546703125 0.48670927812500003 0.6415360390625 0.3926622734375 0.6246908875 0.3467849203125 0.4097623453125 0.40787576562499994 0.43812864218750003 0.50676343125 0.4727217203125 0.5074549421875 0.4880817609375 0.5529348 0.46362958125000003 0.558456259375
7 0.6622919125 0.4984652921875 0.6560651531249999 0.4998482359375 0.6609081703124999 0.5129871140625 0.673361690625 0.50952955625 0.680280303125 0.4991567234375 0.6339255765625 0.34771330625 0.6249404265625 0.32997044375 0.6131697218750001 0.3255846171875 0.5932405140625 0.329006334375 0.596276634375 0.3405379328125 0.611094128125 0.3366489625 0.625623203125 0.3407981109375 0.6629837640625 0.482560128125 0.6622919125 0.4984652921875
6 0.2818420953125 0.6082953390625 0.2849840875 0.6349890640625 0.2828894359375 0.6569722046875001 0.270321471875 0.6527848406250001 0.270321471875 0.6763381749999999 0.2818420953125 0.6967510031249999 0.3027886328125 0.7009382468750001 0.325829821875 0.6915169015625 0.3703411734375 0.6590657375 0.3797671171875 0.6485975953125 0.404379271875 0.639176309375 0.42532580937500003 0.610912390625 0.42532580937500003 0.5863123781249999 0.4185182015625 0.5768909718749999 0.41694720625 0.5481036546875 0.43265710312500005 0.53292486875 0.42584947968750003 0.50361409375 0.39944745625 0.5102684796875 0.37819612187499996 0.514605634375 0.3682465234375 0.5078013390625 0.361438915625 0.50361409375 0.33682673125 0.4188223375 0.23314141249999998 0.450750103125 0.2818420953125 0.6082953390625
2 0.1146663171875 0.332460296875 0.45421137500000003 0.245079565625 0.43968274375 0.21880798750000002 0.11204801093750001 0.30053253125 0.1146663171875 0.332460296875
3 0.28271156406250003 0.2906527484375 0.2855864671875 0.29956495 0.460294884375 0.2565374640625 0.45609473749999996 0.24557488906249997 0.44998690156250004 0.24726709375000003 0.28271156406250003 0.2906527484375
2 0.781444746875 0.2375641015625 0.7777889906250001 0.21732725 0.7660679703125 0.19876896875 0.7406724265625 0.1767920546875 0.72162576875 0.1665361625 0.699229625 0.160623378125 0.6620495359375 0.16376385625 0.52746805 0.19673841875 0.52746805 0.2250023375 0.6594312140625 0.19359797031249998 0.6835197296875 0.189934153125 0.7156902125 0.1956915921875 0.740302396875 0.211917203125 0.764279446875 0.2608020890625 0.781444746875 0.2375641015625
3 0.733698134375 0.21215382031250002 0.7393200625 0.219255203125 0.74730911875 0.22872371406249997 0.7606242109375 0.2671895390625 0.7659502484375 0.28464710625 0.7711985343750001 0.2851940515625 0.7968580281250001 0.29095149062500003 0.78353939375 0.2354704796875 0.763116534375 0.2653046234375 0.7610218828125 0.26007058125000004 0.7495012890625 0.22604916406250003 0.7410954078125 0.2100825828125 0.7277803140625 0.2017976359375 0.71742413125 0.196767490625 0.7049899140625 0.19359797031249998 0.6803777531249999 0.1888873265625 0.6442449890625 0.19883204062499998 0.527197784375 0.22757143281249997 0.5253908968750001 0.23789633437500002 0.67096925 0.2038688734375 0.6913857265625001 0.19765516249999998 0.7058843828125 0.1985428359375 0.733698134375 0.21215382031250002
2 0.8524558125 0.533378865625 0.8754969859375 0.59775779375 0.90325113125 0.58885990625 0.8828282640625 0.5380895078125 0.8493138203124999 0.45434451875 0.826796303125 0.397293253125 0.806373434375 0.3355313140625 0.7939495359375 0.2933904703125 0.7650040296875 0.28371411874999997 0.7728589765625 0.31197803749999997 0.8037551281249999 0.4072379671875 0.8294146234375 0.47842122187499997 0.8524558125 0.533378865625
6 0.43996617968749996 0.5915850218750001 0.4510091 0.6191923218750001 0.4565305609375 0.6412781625 0.47625006093750005 0.65784254375 0.5007022421875 0.6688854640625 0.5164778421875 0.660208884375 0.5164778421875 0.6412781625 0.4999134625 0.58921868125 0.47782762187500005 0.59710648125 0.45889689999999994 0.52848261875 0.4723061609375 0.522172378125 0.4667847015625 0.5032416578125 0.4478539796875 0.5032416578125 0.42655691874999996 0.5119182390625 0.42892325937500003 0.5198060390625 0.43444472031250003 0.5616113796875 0.43996617968749996 0.5915850218750001
7 0.717033784375 0.20057509687500003 0.70420238125 0.1971984125 0.69576066875 0.1982114171875 0.6792149109375 0.20158810312500003 0.655578115625 0.2086791421875 0.5270952453125 0.2397446453125 0.5281082515625 0.245485009375 0.5318226046875 0.246498015625 0.6547339437499999 0.2161078484375 0.68180820625 0.2123934953125 0.693626603125 0.210029815625 0.7094970234375 0.2161078484375 0.7196270796875 0.2231988875 0.730432471875 0.2346796171875 0.739887190625 0.25122537500000003 0.7493419078125 0.28668056875 0.7653203828125 0.28229087812500003 0.7501253 0.2360302921875 0.745397940625 0.22421189375 0.7406705812500001 0.2171208546875 0.7335795421875 0.2123934953125 0.7254754984375 0.2042894515625 0.717033784375 0.20057509687500003
7 0.28498188125 0.2989170296875 0.28808840468749997 0.306165584375 0.4610810515625 0.260830628125 0.46040571406249997 0.2550902625 0.28498188125 0.2989170296875
6 0.1199088328125 0.3398505890625 0.12193981250000001 0.8022369484375 0.21401088906250001 0.780573165625 0.1970860578125 0.6390815859375001 0.1693293375 0.454262440625 0.164590384375 0.3757312296875 0.15782045312499998 0.33104967812499997 0.1199088328125 0.3398505890625