5 0.26882215 0.7345445453125 0.83243194375 0.626896146875 0.8057407515625 0.508384096875 0.7574913921875 0.3503680109375 0.72361414375 0.2657165359375 0.1694803328125 0.4786278046875 0.26882215 0.7345445453125
0 0.7434411578125 0.31272809687500003 0.6646517296875001 0.342283903125 0.689672778125 0.40594255781250005 0.7667562515624999 0.3746815703125 0.7434411578125 0.31272809687500003
1 0.7674207562500001 0.37408874999999997 0.8299115203125 0.35463419687500003 0.8035423578125 0.2807568234375 0.782673575 0.299736275 0.7424137890625 0.315099815625 0.7655867359374999 0.37659770625 0.7674207562500001 0.37408874999999997
7 0.7096520953125001 0.46644849062500005 0.7504044624999999 0.45007567968749995 0.7516030671875 0.444085628125 0.74800725625 0.4273134625 0.743612415625 0.41493405 0.73362410625 0.38737981875 0.7206252859375 0.3946787578125 0.728030615625 0.411739359375 0.7300282734375 0.41772941093749993 0.72922921875 0.4277128171875 0.7136474203125001 0.43929356718749996 0.6996637625 0.4452836203125 0.7096520953125001 0.46644849062500005
2 0.84891435 0.620111925 0.8299720796875001 0.5316110843749999 0.817197003125 0.4867002578125 0.8048624640625001 0.4413490609375 0.7925279749999999 0.3973188265625 0.781875790625 0.370283525 0.7621321390625 0.376184325 0.7898848265625 0.455438778125 0.817197003125 0.5593501734374999 0.8308530781250001 0.6262761671875 0.84891435 0.620111925
3 0.8475928125 0.41228913437500003 0.8247822593749999 0.437186971875 0.8203799328124999 0.42151131093750005 0.8031003906249999 0.36297524999999997 0.7810744609375 0.370900675 0.7929684625 0.3981994671875 0.8053029765625 0.44399088593749997 0.822923734375 0.5029914296875 0.8352582734375 0.55846955625 0.8497954234374999 0.6209925171874999 0.8678566453125001 0.6148283 0.8550816187500001 0.5430589765625 0.8423065671875 0.4963868921875 0.8321746640625 0.45719998593750005 0.8621299125 0.46556570781250006 0.8475928125 0.41228913437500003
2 0.8947283078125 0.6051416421875 0.8612488624999999 0.46424482031250003 0.831734128125 0.45675966562500003 0.8497954234374999 0.526327484375 0.8700866125 0.6116131984375001 0.8947283078125 0.6051416421875
2 0.8035791531250001 0.36305260625 0.8148770031250001 0.3997853765625 0.8258828625 0.437186971875 0.8456934078125 0.4135359375 0.825057403125 0.3568835515625 0.8035791531250001 0.36305260625
2 0.7618713046875001 0.3085990640625 0.742465059375 0.2584603796875 0.723424975 0.2657798703125 0.7413665890625001 0.315186634375 0.7618713046875001 0.3085990640625
3 0.7615051546875 0.308965034375 0.780545271875 0.3016455234375 0.7622374765625 0.2511408484375 0.743108103125 0.25792116875 0.7615051546875 0.308965034375
2 0.7809114 0.30091358281249997 0.8021484390625 0.2811508734375 0.7878683765625001 0.24235743593749998 0.7633503593750001 0.251402475 0.7809114 0.30091358281249997
4 0.4794807296875 0.6119008515625 0.72867034375 0.5206352609375 0.71275829375 0.47702694531249995 0.657322834375 0.3179847375 0.402794009375 0.41392308125 0.4751680703125 0.61452145 0.4794807296875 0.6119008515625
6 0.5670547390625 0.5985197624999999 0.581426909375 0.6031371328125 0.596825646875 0.6010849484375 0.6117110703125 0.59698066875 0.6224901984375 0.5887720484375001 0.6219768859375 0.572354778125 0.6209503187500001 0.5595288171874999 0.47671547968750005 0.6133979375 0.404854703125 0.417416940625 0.4105009078125 0.4717990921875 0.4156338234375 0.51181613125 0.4279528 0.5456767328125001 0.43462558749999997 0.5636331265625001 0.45002432499999995 0.5918502953125 0.461830034375 0.6087805375 0.47363575 0.6236587140625 0.4847712421875 0.631139078125 0.5049464921875 0.6205804953125 0.5193186484375001 0.610319690625 0.5347173859375001 0.603650165625 0.5526825828125 0.5980067609375 0.5670547390625 0.5985197624999999
6 0.1674469515625 0.475101525 0.2672210421875 0.7353817609375 0.3288206984375 0.720632546875 0.2403254171875 0.450808703125 0.1674469515625 0.475101525
6 0.679881203125 0.5525910734374999 0.7009239515625 0.55108801875 0.7129483796875 0.5455768234375 0.739502325 0.5405666453125 0.75703795 0.5385625734375 0.765054234375 0.52102695 0.761547109375 0.501988271875 0.7545328609374999 0.484452646875 0.741005378125 0.4599027734375 0.7094412546875 0.46892109375 0.7234697546875 0.5230310203124999 0.672866953125 0.539063590625 0.67437000625 0.549584965625 0.679881203125 0.5525910734374999
6 0.7194616109374999 0.395271471875 0.6904025765624999 0.4072959 0.7024270046875001 0.44086409531250004 0.7114453265625 0.4423671484375 0.7149524515625 0.438860025 0.7234697546875 0.429841703125 0.7319870578125001 0.419320328125 0.7194616109374999 0.395271471875