5 0.7342834640625 0.72361414375 0.5213721953125 0.1694803328125 0.2654554546875 0.26882215 0.373103853125 0.83243194375 0.49161590312500003 0.8057407515625 0.6496319890625 0.7574913921875 0.7342834640625 0.72361414375
0 0.5940574421875 0.689672778125 0.6253184296875001 0.7667562515624999 0.687271903125 0.7434411578125 0.657716096875 0.6646517296875001 0.5940574421875 0.689672778125
1 0.684900184375 0.7424137890625 0.62340229375 0.7655867359374999 0.6259112499999999 0.7674207562500001 0.645365803125 0.8299115203125 0.7192431765625 0.8035423578125 0.700263725 0.782673575 0.684900184375 0.7424137890625
7 0.5607064328125 0.7136474203125001 0.5547163796875 0.6996637625 0.533551509375 0.7096520953125001 0.5499243203125 0.7504044624999999 0.5559143718749999 0.7516030671875 0.5726865375 0.74800725625 0.58506595 0.743612415625 0.61262018125 0.73362410625 0.6053212421875 0.7206252859375 0.5882606406249999 0.728030615625 0.5822705890625001 0.7300282734375 0.5722871828125 0.72922921875 0.5607064328125 0.7136474203125001
2 0.4406498265625 0.817197003125 0.3737238328125 0.8308530781250001 0.379888075 0.84891435 0.468388915625 0.8299720796875001 0.5132997421875001 0.817197003125 0.5586509390625001 0.8048624640625001 0.6026811734375 0.7925279749999999 0.629716475 0.781875790625 0.623815675 0.7621321390625 0.544561221875 0.7898848265625 0.4406498265625 0.817197003125
3 0.5428000140625 0.8321746640625 0.5344342921874999 0.8621299125 0.587710865625 0.8475928125 0.562813028125 0.8247822593749999 0.5784886890625 0.8203799328124999 0.6370247499999999 0.8031003906249999 0.629099325 0.7810744609375 0.6018005328125 0.7929684625 0.5560091140625001 0.8053029765625 0.4970085703125 0.822923734375 0.44153044374999995 0.8352582734375 0.37900748281249996 0.8497954234374999 0.3851717 0.8678566453125001 0.4569410234375 0.8550816187500001 0.5036131078125 0.8423065671875 0.5428000140625 0.8321746640625
2 0.473672515625 0.8497954234374999 0.3883868015625 0.8700866125 0.3948583578125 0.8947283078125 0.5357551796875 0.8612488624999999 0.543240334375 0.831734128125 0.473672515625 0.8497954234374999
2 0.5864640624999999 0.8456934078125 0.6431164484375 0.825057403125 0.63694739375 0.8035791531250001 0.6002146234375 0.8148770031250001 0.562813028125 0.8258828625 0.5864640624999999 0.8456934078125
2 0.7342201296875001 0.723424975 0.684813365625 0.7413665890625001 0.6914009359375 0.7618713046875001 0.7415396203125 0.742465059375 0.7342201296875001 0.723424975
3 0.7488591515625 0.7622374765625 0.74207883125 0.743108103125 0.691034965625 0.7615051546875 0.6983544765625 0.780545271875 0.7488591515625 0.7622374765625
2 0.7576425640625 0.7878683765625001 0.748597525 0.7633503593750001 0.6990864171875 0.7809114 0.7188491265625 0.8021484390625 0.7576425640625 0.7878683765625001
4 0.58607691875 0.402794009375 0.38547855000000003 0.4751680703125 0.3880991484375 0.4794807296875 0.4793647390625 0.72867034375 0.5229730546875 0.71275829375 0.6820152625 0.657322834375 0.58607691875 0.402794009375
6 0.396349834375 0.5347173859375001 0.40199323906249995 0.5526825828125 0.40148023750000006 0.5670547390625 0.39686286718749997 0.581426909375 0.3989150515625 0.596825646875 0.40301933125 0.6117110703125 0.41122795156249997 0.6224901984375 0.42764522187500004 0.6219768859375 0.44047118281250003 0.6209503187500001 0.3866020625 0.47671547968750005 0.582583059375 0.404854703125 0.5282009078125001 0.4105009078125 0.48818386875 0.4156338234375 0.4543232671875 0.4279528 0.43636687343749997 0.43462558749999997 0.40814970468749995 0.45002432499999995 0.3912194625 0.461830034375 0.3763412859375 0.47363575 0.36886092187499997 0.4847712421875 0.3794195046875 0.5049464921875 0.389680309375 0.5193186484375001 0.396349834375 0.5347173859375001
6 0.279367453125 0.3288206984375 0.549191296875 0.2403254171875 0.524898475 0.1674469515625 0.2646182390625 0.2672210421875 0.279367453125 0.3288206984375
6 0.460936409375 0.672866953125 0.450415034375 0.67437000625 0.44740892656250003 0.679881203125 0.44891198125000004 0.7009239515625 0.4544231765625 0.7129483796875 0.4594333546875 0.739502325 0.4614374265625 0.75703795 0.47897305 0.765054234375 0.498011728125 0.761547109375 0.515547353125 0.7545328609374999 0.5400972265624999 0.741005378125 0.53107890625 0.7094412546875 0.4769689796875 0.7234697546875 0.460936409375 0.672866953125
6 0.5701582968750001 0.7234697546875 0.580679671875 0.7319870578125001 0.604728528125 0.7194616109374999 0.5927041 0.6904025765624999 0.5591359046875 0.7024270046875001 0.5576328515625 0.7114453265625 0.561139975 0.7149524515625 0.5701582968750001 0.7234697546875