4 0.3816603890625 0.3461901875 0.30771442968749996 0.4055279109375 0.4535234734375 0.6355920578124999 0.4878927984375 0.6147717796875 0.5180961328125 0.62518191875 0.5358014953125 0.610607746875 0.5514239015625 0.636633096875 0.6284944546875 0.5908284671875 0.6337019234375 0.5741722593749999 0.6711956812500001 0.5502289453125 0.6585937734375 0.5348958328125 0.5889176593750001 0.41802016562500005 0.5451749546875 0.3597233609375 0.5097641515625 0.37950256250000003 0.486851321875 0.3961588484375 0.44623305 0.42843030625 0.3816603890625 0.3461901875
0 0.4274861296875 0.32536990781249997 0.4076462546875 0.3436288578125 0.38895089375 0.354518290625 0.4450521078125 0.422916665625 0.5462164328125 0.3524362953125 0.434776634375 0.19003809375 0.3962413171875 0.21502244531249998 0.4316521203125 0.287893421875 0.4338702484375 0.3112345125 0.4274861296875 0.32536990781249997
1 0.3491117640625 0.1556356484375 0.3969199140625 0.2156913015625 0.4368968125 0.1917051625 0.39285454999999997 0.1254463078125 0.3491117640625 0.1556356484375
3 0.16132664218749998 0.3328683 0.172767878125 0.3468749984375 0.2845205 0.262376803125 0.3793769375 0.20027951875 0.36777169375 0.178864428125 0.23363611875 0.27040746250000003 0.16132664218749998 0.3328683
3 0.41396329375 0.151731878125 0.42467577343749996 0.1677932640625 0.54094450625 0.09618295624999999 0.5332477671875 0.0813392453125 0.41396329375 0.151731878125
2 0.368080378125 0.181696428125 0.352366296875 0.15976257031250002 0.1434724625 0.3052070171875 0.1675755765625 0.3301914125 0.1970349984375 0.2971763921875 0.2791641921875 0.237392440625 0.368080378125 0.181696428125
2 0.521702659375 0.056599728125000005 0.3918748078125 0.12800345468750002 0.41240714062499995 0.151203146875 0.49641337500000005 0.10223039375000001 0.53489706875 0.08078947812500001 0.521702659375 0.056599728125000005
6 0.4844902765625 0.6911691875 0.5121642390625001 0.72596879375 0.547872596875 0.73221485 0.5782247125 0.7090151421875001 0.5746538640625001 0.668861746875 0.6010672859375 0.6446127578125 0.6010672859375 0.6207329828125 0.6523385687500001 0.5778898578125 0.663993225 0.5555129171875001 0.5550142265625 0.6331698390625 0.5434090515625 0.630492953125 0.534344384375 0.6130071734375 0.5195951125 0.6270541 0.48798952812499996 0.6130071734375 0.46340740625 0.6298634859375001 0.4929059515625 0.67130191875 0.4844902765625 0.6911691875
2 0.2660609765625 0.2765065515625 0.17370011093749999 0.3474265015625 0.18854382187500002 0.3628199796875 0.25451586875 0.31554001249999997 0.3138907109375 0.27320794843749996 0.3963557703125 0.2171317078125 0.385360428125 0.1962405609375 0.2660609765625 0.2765065515625
0 0.5502905453125 0.11817363750000001 0.54094450625 0.098931790625 0.49091570312500005 0.12367130781249999 0.4216450546875 0.16985174218750002 0.43538923125 0.1907428890625 0.5502905453125 0.11817363750000001
6 0.387559496875 0.3045446703125 0.3666683484375 0.3078432734375 0.35127487031250004 0.31938838125 0.34137906406249996 0.33093348906250003 0.324336284375 0.338630228125 0.3028953703125 0.3463269671875 0.29354932968749997 0.357872075 0.279805153125 0.3787632234375 0.279805153125 0.3809622921875 0.279805153125 0.3963557703125 0.2913502609375 0.4040525078125 0.30674373906249996 0.4040525078125 0.3259855859375 0.38316136093750003 0.35292417187499997 0.3639195125 0.36831765 0.3545734734375 0.3837111265625 0.344677665625 0.391407865625 0.34797626875 0.40680134375000004 0.346876734375 0.4144980828125 0.340829296875 0.416147384375 0.33533162656250004 0.4144980828125 0.32378651718749996 0.40130367343750006 0.3138907109375 0.387559496875 0.3045446703125
0 0.4486581328125 0.690967615625 0.4093267390625 0.6396963343750001 0.3847446171875 0.6326728703125 0.37982819375 0.6375892953125 0.5497960046875 0.8756847000000001 0.80755710625 0.6488268359375 0.699395771875 0.4128384703125 0.6867535375 0.4128384703125 0.6818371140624999 0.4128384703125 0.6776230359375 0.42267131874999997 0.6825394593749999 0.442337015625 0.6923723093749999 0.4718355625 0.6972887328125 0.4936082984375 0.704312196875 0.5181904203125 0.704312196875 0.5357490781250001 0.6965863859375 0.5575218140625 0.6867535375 0.579996896875 0.6769206890625 0.59474616875 0.660064378125 0.61160248125 0.6453151046875 0.624244715625 0.627756446875 0.6439104125 0.6256494078125 0.6656831484375 0.6256494078125 0.6930746546875 0.6284587921875 0.7225732 0.6453151046875 0.743643590625 0.60809075 0.7780585609374999 0.5540100828125001 0.7970219109375 0.5076552249999999 0.784379678125 0.49992941562500004 0.7696304046875 0.4486581328125 0.690967615625
6 0.387554003125 0.568057009375 0.39949389062499996 0.568057009375 0.4093267390625 0.5652476234375 0.367185959375 0.5020364546875 0.3601624953125 0.5195951125 0.3650789203125 0.539260809375 0.3699953453125 0.5561171218750001 0.387554003125 0.568057009375
6 0.54698661875 0.19370641718749998 0.559628853125 0.19370641718749998 0.574378125 0.191599378125 0.578592203125 0.17895714375 0.55190304375 0.130495246875 0.522404496875 0.14032809531249998 0.527320921875 0.162803178125 0.5371537703125 0.1775524515625 0.54698661875 0.19370641718749998
5 0.8079838796875001 0.6491668078124999 0.6509613515625 0.3153817765625 0.546877846875 0.120673840625 0.42226053593749996 0.197900725 0.2844321078125 0.291686234375 0.189763753125 0.3630986796875 0.54777511875 0.878132571875 0.8079838796875001 0.6491668078124999