5 0.294575178125 0.153268734375 0.1899759890625 0.1941852140625 0.39592108593750003 0.9524877609375 0.8147744546875 0.9486372968750001 0.6460785375 0.0467391546875 0.294575178125 0.153268734375
0 0.254360303125 0.2026305625 0.264343725 0.23336386562500003 0.31810062031249997 0.397018709375 0.42407847656250003 0.363212084375 0.3876005796875 0.261945959375 0.3538105296875 0.2700134375 0.3396033515625 0.26770845312499997 0.3269321046875 0.25733594531250004 0.31925253593749997 0.24581095625 0.3096531078125 0.22237681718750002 0.30082162343749996 0.19779016562500001 0.2946779859375 0.17512436874999998 0.291547775 0.16160035625 0.29045420625 0.1569147671875 0.23784929375 0.1765072453125 0.254360303125 0.2026305625
7 0.4023399859375 0.22818220781249998 0.41389450156249996 0.22310071874999998 0.4266953625 0.2188337640625 0.42801764843749995 0.21738061718749999 0.5114700140624999 0.18789519999999998 0.5205683421875 0.19079378281249998 0.5248352953125 0.197498996875 0.533369203125 0.22553897812499998 0.5504370171875 0.220662459375 0.533369203125 0.1822598765625 0.52910225 0.17860248750000002 0.5073849609375001 0.1794290859375 0.3979631140625 0.21767255625 0.377930178125 0.2237102828125 0.36995112343750003 0.22945937343749997 0.364115315625 0.2428883703125 0.35857126093749997 0.25748511406249996 0.3534005234375 0.2688754515625 0.36907576249999996 0.26613374843750004 0.384540709375 0.2316854234375 0.4023399859375 0.22818220781249998
6 0.4200531265625 0.398855065625 0.4151232421875 0.4090279609375 0.42837232968750005 0.435230865625 0.4354590421875 0.452185671875 0.44839998124999997 0.4605089609375 0.44870809375 0.43276471250000004 0.4254560625 0.3647976703125 0.42775606718750003 0.363712359375 0.4086527734375 0.3692612046875 0.4200531265625 0.398855065625
2 0.21877794375 0.1545062375 0.18239376406250002 0.171882840625 0.19308357812500002 0.1968059328125 0.23653041562500002 0.1778762203125 0.21877794375 0.1545062375
1 0.214145521875 0.1480142796875 0.23793191875000003 0.179278425 0.29118934375 0.15614212656249998 0.2890870828125 0.11968493437500001 0.214145521875 0.1480142796875
2 0.3322672453125 0.14240999062499998 0.41589076406250003 0.112496403125 0.5809307390625 0.0649665859375 0.6482032640625001 0.04977608125 0.6449330671875 0.02243319375 0.526505365625 0.05071088124999999 0.48049060624999995 0.06565078437500001 0.40597689218750005 0.089488171875 0.3436365875 0.10866073125 0.325650521875 0.11450323281250001 0.3010971515625 0.12337465781250001 0.29122564687499997 0.12983913593750002 0.2899060046875 0.1368657984375 0.2917746984375 0.15719768750000002 0.3322672453125 0.14240999062499998
4 0.523353790625 0.23090000625 0.523792340625 0.2502060140625 0.48783062499999996 0.2624916671875 0.46853409062500007 0.20545117343750002 0.3773141484375 0.23528773749999998 0.45899480937500003 0.4784192296875 0.517322915625 0.4599907484375 0.52609405625 0.493776296875 0.5737879078125 0.482316896875 0.56425823125 0.44791617187500005 0.62773045625 0.42834780468749994 0.6321160640625 0.3980724859375 0.6772874468750001 0.3761338265625 0.6261261609375001 0.2223948390625 0.5737879078125 0.242308096875 0.5637010890624999 0.2133490890625 0.523353790625 0.23090000625
6 0.4501686734375 0.5139487500000001 0.4605514765625 0.54213064375 0.45832659062500003 0.565862765625 0.4605514765625 0.591819771875 0.4709342796875 0.62296818125 0.4813170828125 0.6489251890625 0.493924771875 0.6667242796874999 0.514690378125 0.67191568125 0.569570909375 0.6622745078125 0.6318677265625 0.6363175 0.6496668171875 0.6340926140625001 0.6733989390625 0.6289012125 0.7015808328124999 0.5925614015625 0.7023224625 0.563637878125 0.6867482578125 0.5302645828125 0.6630161359375 0.5117238640624999 0.6422505296875001 0.5013410609375 0.6192600374999999 0.47835056875 0.6140686359374999 0.4701926515625 0.6340926140625001 0.4627763640625 0.6244514390625 0.43162795468750004 0.5666043937499999 0.44349401562499996 0.576987196875 0.47760893906249996 0.5332310984374999 0.49318314374999994 0.51765689375 0.4598098484375 0.4605514765625 0.47835056875 0.40641257499999994 0.49540802968750003 0.4034460609375 0.510982234375 0.43681935625 0.510982234375 0.4501686734375 0.5139487500000001
6 0.6296428406250001 0.2113642046875 0.6162935218750001 0.2009814015625 0.5829202265625 0.19875651562500002 0.5591881062499999 0.20023977187500003 0.5517718171875 0.20023977187500003 0.5465804171875 0.20023977187500003 0.5517718171875 0.2158139765625 0.5621546203125 0.2113642046875 0.577728825 0.23954609843750002 0.6289012125 0.22693840937499998 0.657824734375 0.315192234375 0.6682075375000001 0.29739314375000003 0.66079125 0.26624473437499996 0.6452170453125 0.2321298109375 0.6296428406250001 0.2113642046875
6 0.5309309437499999 0.229196365625 0.526663990625 0.2163955046875 0.5205683421875 0.199327690625 0.5138631296875 0.19079378281249998 0.5059387875 0.19079378281249998 0.4632692515625 0.20664246875 0.48216575937500006 0.24443548593750003 0.48887097187500006 0.24199722656249997 0.5309309437499999 0.229196365625