4 0.513148678125 0.6038411515625 0.55376695 0.57156969375 0.6183396109375 0.6538098125 0.6922855703125 0.5944720890624999 0.5464765265625 0.3644079421875 0.5121072015625 0.38522822031250004 0.4819038671875 0.37481808125 0.4641985046875 0.389392253125 0.4485760984375 0.36336690312500003 0.3715055453125 0.40917153281249996 0.3662980765625 0.42582774062500006 0.32880431875 0.4497710546875 0.3414062265625 0.46510416718750003 0.411082340625 0.581979834375 0.4548250453125 0.6402766390625 0.4902358484375 0.6204974375 0.513148678125 0.6038411515625
0 0.5683478796875 0.712106578125 0.5661297515625 0.6887654875 0.5725138703125 0.6746300921875 0.5923537453125001 0.6563711421875 0.6110491062500001 0.645481709375 0.5549478921875 0.5770833343749999 0.4537835671875 0.6475637046875 0.565223365625 0.8099619062500001 0.6037586828125 0.7849775546875 0.5683478796875 0.712106578125
1 0.5631031875 0.8082948375000001 0.60714545 0.8745536921875001 0.6508882359375 0.8443643515625 0.6030800859375 0.7843086984375 0.5631031875 0.8082948375000001
3 0.63222830625 0.821135571875 0.76636388125 0.7295925375000001 0.8386733578125 0.6671317 0.827232121875 0.6531250015625 0.7154795 0.737623196875 0.6206230625 0.79972048125 0.63222830625 0.821135571875
3 0.45905549375000004 0.9038170437499999 0.4667522328125 0.9186607546875001 0.58603670625 0.8482681218750001 0.5753242265625 0.8322067359374999 0.45905549375000004 0.9038170437499999
2 0.8029650015625001 0.7028236078125001 0.7208358078125 0.762607559375 0.6319196218750001 0.818303571875 0.647633703125 0.8402374296874999 0.8565275375000001 0.6947929828125 0.8324244234375 0.6698085875 0.8029650015625001 0.7028236078125001
2 0.503586625 0.89776960625 0.46510293125 0.919210521875 0.478297340625 0.943400271875 0.6081251921875 0.8719965453125 0.587592859375 0.8487968531250001 0.503586625 0.89776960625
6 0.53659259375 0.37013651406250003 0.5070940484375 0.32869808125 0.5155097234375 0.3088308125 0.4878357609375 0.27403120625 0.452127403125 0.26778515 0.42177528750000004 0.2909848578125 0.4253461359375 0.331138253125 0.39893271406249997 0.3553872421875 0.39893271406249997 0.3792670171875 0.34766143125000004 0.4221101421875 0.336006775 0.44448708281249993 0.44498577343749995 0.3668301609375 0.45659094843750003 0.369507046875 0.46565561562499996 0.3869928265625 0.48040488750000004 0.3729459 0.512010471875 0.3869928265625 0.53659259375 0.37013651406250003
2 0.6036442296875 0.7828682921875 0.614639571875 0.8037594390624999 0.7339390234375001 0.7234934484375 0.8262998890625 0.6525734984375 0.811456178125 0.6371800203125 0.74548413125 0.6844599875 0.6861092890625 0.7267920515624999 0.6036442296875 0.7828682921875
0 0.5783549453125 0.8301482578125 0.5646107687499999 0.8092571109375 0.4497094546875 0.8818263625 0.45905549375000004 0.9010682093750001 0.509084296875 0.8763286921875 0.5783549453125 0.8301482578125
6 0.5855019171875 0.6762134828125 0.5986963265624999 0.6861092890625 0.612440503125 0.6954553296875 0.6333316515625 0.6921567265624999 0.6487251296875 0.68061161875 0.6586209359375 0.6690665109375 0.675663715625 0.661369771875 0.6971046296875001 0.6536730328125 0.7064506703125 0.642127925 0.720194846875 0.6212367765625 0.720194846875 0.6190377078125 0.720194846875 0.6036442296875 0.7086497390625001 0.5959474921875 0.6932562609375 0.5959474921875 0.6740144140625 0.6168386390625 0.647075828125 0.6360804875 0.63168235 0.6454265265625 0.6162888734374999 0.655322334375 0.608592134375 0.65202373125 0.59319865625 0.653123265625 0.5855019171875 0.659170703125 0.583852615625 0.6646683734375001 0.5855019171875 0.6762134828125
0 0.492344775 0.215620321875 0.500070584375 0.2303695953125 0.5513418671875 0.30903238437499997 0.5906732609375 0.360303665625 0.6152553828125 0.3673271296875 0.62017180625 0.3624107046875 0.4502039953125 0.12431529999999999 0.19244289375 0.3511731640625 0.300604228125 0.5871615296875 0.3132464625 0.5871615296875 0.3181628859375 0.5871615296875 0.3223769640625 0.57732868125 0.317460540625 0.5576629843750001 0.307627690625 0.5281644375 0.30271126718749997 0.5063917015625 0.295687803125 0.48180957968750004 0.295687803125 0.464250921875 0.3034136140625 0.4424781859375 0.3132464625 0.420003103125 0.3230793109375 0.40525383125000003 0.339935621875 0.38839751875 0.3546848953125 0.375755284375 0.372243553125 0.35608958749999997 0.3743505921875 0.3343168515625 0.3743505921875 0.3069253453125 0.3715412078125 0.27742680000000003 0.3546848953125 0.25635640937500004 0.39190925 0.2219414390625 0.4459899171875 0.2029780890625 0.492344775 0.215620321875
6 0.6349210796875 0.460739190625 0.6300046546875 0.443882878125 0.612445996875 0.43194299062499997 0.600506109375 0.43194299062499997 0.5906732609375 0.4347523765625 0.632814040625 0.4979635453125 0.6398375046875 0.48040488750000004 0.6349210796875 0.460739190625
6 0.472679078125 0.837196821875 0.4628462296875 0.8224475484375 0.45301338125 0.8062935828125 0.440371146875 0.8062935828125 0.42562187500000004 0.808400621875 0.42140779687499996 0.8210428562500001 0.44809695625 0.869504753125 0.477595503125 0.8596719046875 0.472679078125 0.837196821875
5 0.810236246875 0.6369013203125 0.45222488125 0.121867428125 0.19201612031249998 0.3508331921875 0.3490386484375 0.6846182234375 0.453122153125 0.8793261593749999 0.5777394640625 0.802099275 0.7155678921875 0.708313765625 0.810236246875 0.6369013203125