5 0.737136528125 0.7680137515625 0.6287401265625 0.1486598 0.2648180015625 0.289075146875 0.44691379062500003 0.85267455 0.634334778125 0.7939017484375 0.737136528125 0.7680137515625
0 0.578885046875 0.735826021875 0.57466126875 0.7250693546875 0.5064469734375 0.74906349375 0.529735903125 0.8264892937500001 0.600387778125 0.8061284609375001 0.5869485875 0.7611809859374999 0.578885046875 0.735826021875
1 0.601155765625 0.819958434375 0.598083946875 0.8038234546874999 0.531644534375 0.8268159671875001 0.540103275 0.8914133765625 0.63148998125 0.86490593125 0.6122911249999999 0.8414717484375001 0.601155765625 0.819958434375
7 0.616674728125 0.7517639125 0.6270336796875 0.7435190328125 0.6303562453125 0.73650243125 0.6319084359375 0.7236353296875 0.6208215234375001 0.72518828125 0.6186041312499999 0.7347276609375 0.6157215609375 0.7384990578124999 0.6112868015624999 0.74138305625 0.604856409375 0.743157825 0.598070896875 0.7456331046875 0.5927857171875 0.7479585828124999 0.5885575734375 0.7485928046875 0.58327239375 0.7494384328125 0.5871173953125 0.760018153125 0.5968738515625 0.75713415625 0.6084298484375 0.7547236125000001 0.616674728125 0.7517639125
2 0.5340121124999999 0.8421029765625001 0.5328625390624999 0.8317518875 0.5288390828125 0.8239885499999999 0.4515313515625 0.8513039609374999 0.4460709546875 0.8527416078125001 0.4512439671875 0.8691308453125 0.5340121124999999 0.8421029765625001
3 0.4515313515625 0.8682682828124999 0.4526809078125 0.8708560359374999 0.45814130625000005 0.890983178125 0.5363112250000001 0.8645303609375 0.5348742671875 0.839802734375 0.4515313515625 0.8682682828124999
2 0.45618349843750006 0.8902493484375 0.458195225 0.892549575 0.46451779374999996 0.9135393125 0.5409633546875 0.88996180625 0.53837685625 0.8635089890625001 0.45618349843750006 0.8902493484375
2 0.5993361296875 0.8013012734375 0.6005703484375 0.8208115890625001 0.646644259375 0.8088966234375 0.6986617328125 0.7950951625 0.7279754625 0.7884819625 0.7397584109374999 0.7841690046875 0.7365684015625 0.7667431203125 0.6900400515625 0.7795685203125 0.6394595187500001 0.7933699812499999 0.5993361296875 0.8013012734375
3 0.7405219125 0.7854024140625 0.7016480734375 0.7947978906250001 0.656004078125 0.8068153703125001 0.6012926249999999 0.8205636593750001 0.612544009375 0.840901309375 0.6173486296874999 0.8380608203125 0.7470736812500001 0.806378390625 0.7405219125 0.7854024140625
2 0.6439925093750001 0.8312873250000001 0.6118888296875 0.839808803125 0.6300153890625 0.8647177625 0.7575565015625 0.8297578265625001 0.747510459375 0.804193378125 0.7047055703125 0.8155553578125 0.6439925093750001 0.8312873250000001
6 0.7037858109374999 0.7094151546874999 0.7078145328125001 0.7029660171875001 0.6864622781249999 0.7009506562500001 0.676390453125 0.7082059468749999 0.6606782984375 0.713445878125 0.6481892671875 0.71626738125 0.62885130625 0.7207011703124999 0.6333431671875001 0.7334282109375 0.6493978703125001 0.73359946875 0.6687357859375 0.728762615625 0.6884766625000001 0.7239257390625 0.7037858109374999 0.7094151546874999
4 0.5939270328124999 0.6952291046875 0.6281712765624999 0.6823308515625001 0.627768409375 0.6940198843750001 0.698674240625 0.672254078125 0.622531040625 0.4112296640625 0.4150511265625 0.47531803593750005 0.416932871875 0.4784946171875 0.4972373375 0.753271415625 0.547596534375 0.7266687093749999 0.522618428125 0.6537127500000001 0.5939270328124999 0.6952291046875
6 0.49010343125 0.77698879375 0.50155534375 0.7773838765625001 0.5118226140625 0.77698879375 0.5153766531249999 0.77698879375 0.5111971671875 0.7689845109375 0.508522015625 0.761445446875 0.506090059375 0.75025845 0.49587584375000004 0.7536631875 0.49602684375 0.7493326234375 0.49602684375 0.743801384375 0.49444726875 0.7394554140625 0.4936574703125 0.7378750640625 0.48197424218749996 0.7444452453125 0.48339024375 0.7560491296875 0.48339024375 0.7659263171874999 0.4845749078125 0.772642846875 0.49010343125 0.77698879375
6 0.3518046140625 0.3543644078125 0.356000621875 0.341770221875 0.33431142187499996 0.33365583125 0.3266286875 0.352265353125 0.335720025 0.3606614703125 0.34970669062500004 0.3627604859375 0.3518046140625 0.3543644078125