5 0.7351819984375 0.710924853125 0.553086209375 0.14732545 0.365665221875 0.2060982515625 0.262863471875 0.23198624843750001 0.3712598734375 0.8513401999999999 0.7351819984375 0.710924853125
0 0.4935530265625 0.25093650625 0.470264096875 0.17351070625 0.399612221875 0.19387153906250001 0.41305141250000005 0.2388190140625 0.421114953125 0.264173978125 0.42533873125 0.2749306453125 0.4935530265625 0.25093650625
1 0.468355465625 0.1731840328125 0.459896725 0.1085866234375 0.36851001875 0.13509406875000002 0.387708875 0.1585282515625 0.398844234375 0.180041565625 0.401916053125 0.1961765453125 0.468355465625 0.1731840328125
7 0.3696437546875 0.26349756874999997 0.3680915640625 0.2763646703125 0.37917847656250003 0.27481171875 0.38139586875 0.2652723390625 0.3842784390625 0.2615009421875 0.38871319843749996 0.25861694375 0.395143590625 0.256842175 0.40192910312499996 0.2543668953125 0.4072142828125 0.2520414171875 0.41144242656249996 0.2514071953125 0.41672760625 0.2505615671875 0.4128826046875 0.239981846875 0.40312614843750005 0.24286584375000003 0.39157015156249997 0.2452763875 0.383325271875 0.24823608749999998 0.3729663203125 0.2564809671875 0.3696437546875 0.26349756874999997
2 0.4711609171875 0.17601145 0.5484686484375 0.1486960390625 0.5539290453125 0.1472583921875 0.5487560328125001 0.1308691546875 0.46598788750000003 0.1578970234375 0.4671374609375 0.1682481125 0.4711609171875 0.17601145
3 0.54185869375 0.10901682187499999 0.46368877499999994 0.1354696390625 0.4651257328125 0.160197265625 0.5484686484375 0.1317317171875 0.5473190921875 0.1291439640625 0.54185869375 0.10901682187499999
2 0.53548220625 0.0864606875 0.4590366453125 0.11003819374999999 0.46162314374999996 0.1364910109375 0.5438165015624999 0.1097506515625 0.541804775 0.10745042499999999 0.53548220625 0.0864606875
2 0.35335574062499997 0.1911033765625 0.3013382671875 0.2049048375 0.2720245375 0.2115180375 0.2602415890625 0.2158309953125 0.2634315984375 0.2332568796875 0.3099599484375 0.2204314796875 0.36054048125 0.20663001875 0.40066387031249995 0.1986987265625 0.3994296515625 0.1791884109375 0.35335574062499997 0.1911033765625
3 0.343995921875 0.1931846296875 0.398707375 0.179436340625 0.387455990625 0.15909869062499998 0.38265137031249996 0.1619391796875 0.25292631875 0.193621609375 0.2594780875 0.2145975859375 0.2983519265625 0.205202109375 0.343995921875 0.1931846296875
2 0.3699846109375 0.13528223749999999 0.2424434984375 0.1702421734375 0.252489540625 0.195806621875 0.2952944296875 0.1844446421875 0.35600749062500003 0.168712675 0.38811117031250003 0.160191196875 0.3699846109375 0.13528223749999999
6 0.313537721875 0.29904934375000003 0.323609546875 0.291794053125 0.33932170156249997 0.28655412187499996 0.3518107328125 0.28373261875 0.37114869375000004 0.27929882968749997 0.3666568328125 0.2665717890625 0.35060212968750004 0.26640053125 0.3312642140625 0.271237384375 0.3115233375 0.2760742609375 0.29621418906249997 0.2905848453125 0.2921854671875 0.29703398281250004 0.313537721875 0.29904934375000003
4 0.372231590625 0.305980115625 0.301325759375 0.32774592187499996 0.37746895937499997 0.5887703359375001 0.5849488734375 0.5246819640625 0.583067128125 0.5215053828125 0.5027626625 0.246728584375 0.45240346562499995 0.273331290625 0.47738157187499997 0.34628725 0.4060729671875 0.3047708953125 0.3718287234375 0.3176691484375 0.372231590625 0.305980115625
6 0.48817738593750004 0.22301120624999998 0.484623346875 0.22301120624999998 0.48880283281250003 0.23101548906249997 0.491477984375 0.238554553125 0.49390994062500004 0.24974154999999998 0.50412415625 0.2463368125 0.50397315625 0.2506673765625 0.50397315625 0.256198615625 0.50555273125 0.2605445859375 0.5063425296874999 0.2621249359375 0.5180257578125 0.2555547546875 0.51660975625 0.2439508703125 0.51660975625 0.2340736828125 0.5154250921875 0.227357153125 0.50989656875 0.22301120624999998 0.49844465624999995 0.2226161234375 0.48817738593750004 0.22301120624999998
6 0.6656885781249999 0.66634416875 0.6733713125 0.647734646875 0.664279975 0.6393385296874999 0.6502933093750001 0.6372395140625 0.6481953859375 0.6456355921875 0.643999378125 0.658229778125 0.6656885781249999 0.66634416875