5 0.710924853125 0.2648180015625 0.14732545 0.44691379062500003 0.2060982515625 0.634334778125 0.23198624843750001 0.737136528125 0.8513401999999999 0.6287401265625 0.710924853125 0.2648180015625
0 0.25093650625 0.5064469734375 0.17351070625 0.529735903125 0.19387153906250001 0.600387778125 0.2388190140625 0.5869485875 0.264173978125 0.578885046875 0.2749306453125 0.57466126875 0.25093650625 0.5064469734375
1 0.1731840328125 0.531644534375 0.1085866234375 0.540103275 0.13509406875000002 0.63148998125 0.1585282515625 0.6122911249999999 0.180041565625 0.601155765625 0.1961765453125 0.598083946875 0.1731840328125 0.531644534375
7 0.26349756874999997 0.6303562453125 0.2763646703125 0.6319084359375 0.27481171875 0.6208215234375001 0.2652723390625 0.6186041312499999 0.2615009421875 0.6157215609375 0.25861694375 0.6112868015624999 0.256842175 0.604856409375 0.2543668953125 0.598070896875 0.2520414171875 0.5927857171875 0.2514071953125 0.5885575734375 0.2505615671875 0.58327239375 0.239981846875 0.5871173953125 0.24286584375000003 0.5968738515625 0.2452763875 0.6084298484375 0.24823608749999998 0.616674728125 0.2564809671875 0.6270336796875 0.26349756874999997 0.6303562453125
2 0.17601145 0.5288390828125 0.1486960390625 0.4515313515625 0.1472583921875 0.4460709546875 0.1308691546875 0.4512439671875 0.1578970234375 0.5340121124999999 0.1682481125 0.5328625390624999 0.17601145 0.5288390828125
3 0.10901682187499999 0.45814130625000005 0.1354696390625 0.5363112250000001 0.160197265625 0.5348742671875 0.1317317171875 0.4515313515625 0.1291439640625 0.4526809078125 0.10901682187499999 0.45814130625000005
2 0.0864606875 0.46451779374999996 0.11003819374999999 0.5409633546875 0.1364910109375 0.53837685625 0.1097506515625 0.45618349843750006 0.10745042499999999 0.458195225 0.0864606875 0.46451779374999996
2 0.1911033765625 0.646644259375 0.2049048375 0.6986617328125 0.2115180375 0.7279754625 0.2158309953125 0.7397584109374999 0.2332568796875 0.7365684015625 0.2204314796875 0.6900400515625 0.20663001875 0.6394595187500001 0.1986987265625 0.5993361296875 0.1791884109375 0.6005703484375 0.1911033765625 0.646644259375
3 0.1931846296875 0.656004078125 0.179436340625 0.6012926249999999 0.15909869062499998 0.612544009375 0.1619391796875 0.6173486296874999 0.193621609375 0.7470736812500001 0.2145975859375 0.7405219125 0.205202109375 0.7016480734375 0.1931846296875 0.656004078125
2 0.13528223749999999 0.6300153890625 0.1702421734375 0.7575565015625 0.195806621875 0.747510459375 0.1844446421875 0.7047055703125 0.168712675 0.6439925093750001 0.160191196875 0.6118888296875 0.13528223749999999 0.6300153890625
6 0.29904934375000003 0.6864622781249999 0.291794053125 0.676390453125 0.28655412187499996 0.6606782984375 0.28373261875 0.6481892671875 0.27929882968749997 0.62885130625 0.2665717890625 0.6333431671875001 0.26640053125 0.6493978703125001 0.271237384375 0.6687357859375 0.2760742609375 0.6884766625000001 0.2905848453125 0.7037858109374999 0.29703398281250004 0.7078145328125001 0.29904934375000003 0.6864622781249999
4 0.305980115625 0.627768409375 0.32774592187499996 0.698674240625 0.5887703359375001 0.622531040625 0.5246819640625 0.4150511265625 0.5215053828125 0.416932871875 0.246728584375 0.4972373375 0.273331290625 0.547596534375 0.34628725 0.522618428125 0.3047708953125 0.5939270328124999 0.3176691484375 0.6281712765624999 0.305980115625 0.627768409375
6 0.22301120624999998 0.5118226140625 0.22301120624999998 0.5153766531249999 0.23101548906249997 0.5111971671875 0.238554553125 0.508522015625 0.24974154999999998 0.506090059375 0.2463368125 0.49587584375000004 0.2506673765625 0.49602684375 0.256198615625 0.49602684375 0.2605445859375 0.49444726875 0.2621249359375 0.4936574703125 0.2555547546875 0.48197424218749996 0.2439508703125 0.48339024375 0.2340736828125 0.48339024375 0.227357153125 0.4845749078125 0.22301120624999998 0.49010343125 0.2226161234375 0.50155534375 0.22301120624999998 0.5118226140625
6 0.66634416875 0.33431142187499996 0.647734646875 0.3266286875 0.6393385296874999 0.335720025 0.6372395140625 0.34970669062500004 0.6456355921875 0.3518046140625 0.658229778125 0.356000621875 0.66634416875 0.33431142187499996