5 0.6159038125 0.7952832046875 0.773515740625 0.661871940625 0.69298510625 0.5678619312500001 0.598968184375 0.45829879531250006 0.3867886640625 0.204066159375 0.2306259953125 0.3362927015625 0.6159038125 0.7952832046875
6 0.42530145468749997 0.4756581171875 0.451996553125 0.4507831390625 0.41862767968750003 0.4046734234375 0.367057603125 0.44289595156250006 0.40831366406249997 0.495072734375 0.4137740265625 0.49021908124999997 0.416807559375 0.4993196828125 0.427121575 0.49021908124999997 0.42530145468749997 0.4756581171875
4 0.510778421875 0.42585359843750004 0.49179373593750003 0.4231415 0.46150864374999995 0.445742315625 0.461056628125 0.464274984375 0.41061351874999996 0.5084747265625 0.5821228515625 0.71630368125 0.6102220078125 0.6924889750000001 0.61745426875 0.7015293015624999 0.7101176109375 0.6246865296874999 0.5333792359375 0.415909240625 0.510778421875 0.42585359843750004
6 0.506189596875 0.38861626718750003 0.47827931562500003 0.41950542031250004 0.48367141562500005 0.4265151515625 0.5014653484375 0.418966209375 0.5106319187499999 0.4248975203125 0.5424453125 0.41411332031250003 0.506189596875 0.38861626718750003
0 0.6899295999999999 0.733328396875 0.7402833328125 0.6904859953125 0.6934799984375 0.6374189171875 0.6440403046875 0.6793543718749999 0.6899295999999999 0.733328396875
1 0.7764680562499999 0.728794065625 0.739448740625 0.6907641921875001 0.6899295999999999 0.7344411875 0.7186412718749999 0.7720537984375 0.7764680562499999 0.728794065625
2 0.7455682484375 0.6934799984375 0.7543967640625 0.7018670890625 0.7852965734375 0.672732984375 0.7791166125 0.66478731875 0.7455682484375 0.6934799984375
3 0.7530724875 0.7009842374999999 0.7658738359374999 0.7159927171875 0.7967736453125001 0.689065740625 0.784413721875 0.6749401125000001 0.7530724875 0.7009842374999999
3 0.7102541812500001 0.7605767265625001 0.6987771078125 0.7442439703125 0.623734715625 0.8100164203125001 0.6365360640625 0.8259077515625 0.7102541812500001 0.7605767265625001
2 0.69789425625 0.7460096734375 0.6930385718750001 0.7362983046875 0.6175547531250001 0.798980775 0.6246175671875001 0.8104578468750001 0.69789425625 0.7460096734375
2 0.7764680562499999 0.7279112140625 0.807367865625 0.7005428125 0.797215071875 0.689065740625 0.7658738359374999 0.71687556875 0.7764680562499999 0.7279112140625
2 0.643157453125 0.836501971875 0.7190826968749999 0.7738195015625 0.7115784578125 0.761018153125 0.6374189171875 0.8259077515625 0.643157453125 0.836501971875
6 0.567596525 0.7313065546875 0.5711889078125 0.7400309125 0.578373675 0.7400309125 0.6071127390625 0.7384913203125001 0.6286670375 0.7456760859375 0.6394441875 0.7513212593749999 0.6517609281250001 0.757992828125 0.6645908687500001 0.74157050625 0.6733152265625 0.7189898125 0.6425233718750001 0.681013190625 0.61942948125 0.69384313125 0.6014675656249999 0.69897510625 0.5763208843750001 0.716937021875 0.567596525 0.7313065546875