5 0.3840961875 0.20471679531250003 0.226484259375 0.338128059375 0.30701489375 0.43213806874999994 0.401031815625 0.5417012046874999 0.6132113359375 0.7959338406249999 0.7693740046875 0.6637072984375 0.3840961875 0.20471679531250003
6 0.5746985453125 0.5243418828124999 0.548003446875 0.5492168609375 0.5813723203125 0.5953265765625 0.632942396875 0.5571040484374999 0.5916863359375 0.504927265625 0.5862259734374999 0.50978091875 0.583192440625 0.5006803171875001 0.5728784250000001 0.50978091875 0.5746985453125 0.5243418828124999
4 0.489221578125 0.5741464015625 0.5082062640625 0.5768584999999999 0.53849135625 0.554257684375 0.5389433718750001 0.535725015625 0.58938648125 0.49152527343749997 0.4178771484375 0.28369631875 0.38977799218750003 0.307511025 0.38254573125 0.29847069843749996 0.2898823890625 0.3753134703125 0.4666207640625 0.584090759375 0.489221578125 0.5741464015625
6 0.493810403125 0.6113837328125 0.521720684375 0.5804945796875 0.516328584375 0.5734848484375 0.49853465156250004 0.581033790625 0.48936808125000003 0.5751024796875 0.45755468749999995 0.5858866796875 0.493810403125 0.6113837328125
0 0.31007039999999997 0.266671603125 0.2597166671875 0.3095140046875 0.3065200015625 0.3625810828125 0.3559596953125 0.32064562812499997 0.31007039999999997 0.266671603125
1 0.22353194375 0.271205934375 0.260551259375 0.30923580781250004 0.31007039999999997 0.2655588125 0.28135872812499996 0.2279462015625 0.22353194375 0.271205934375
2 0.2544317515625 0.3065200015625 0.2456032359375 0.2981329109375 0.2147034265625 0.327267015625 0.22088338749999997 0.33521268125 0.2544317515625 0.3065200015625
3 0.24692751249999997 0.2990157625 0.2341261640625 0.2840072828125 0.2032263546875 0.310934259375 0.21558627812500003 0.32505988750000003 0.24692751249999997 0.2990157625
3 0.28974581875 0.2394232734375 0.3012228921875 0.2557560296875 0.376265284375 0.1899835796875 0.3634639359375 0.17409224843749999 0.28974581875 0.2394232734375
2 0.30210574375 0.2539903265625 0.306961428125 0.2637016953125 0.38244524687500003 0.20101922499999997 0.3753824328125 0.189542153125 0.30210574375 0.2539903265625
2 0.22353194375 0.27208878593749997 0.19263213437499999 0.2994571875 0.20278492812499999 0.310934259375 0.2341261640625 0.28312443125 0.22353194375 0.27208878593749997
2 0.356842546875 0.163498028125 0.28091730312499996 0.2261804984375 0.2884215421875 0.23898184687500001 0.3625810828125 0.17409224843749999 0.356842546875 0.163498028125
6 0.432403475 0.2686934453125 0.4288110921875 0.2599690875 0.42162632499999997 0.2599690875 0.3928872609375 0.2615086796875 0.37133296250000003 0.2543239140625 0.3605558125 0.248678740625 0.34823907187500003 0.242007171875 0.33540913125 0.25842949375 0.3266847734375 0.2810101875 0.35747662812500003 0.318986809375 0.38057051875000003 0.30615686875 0.39853243437499997 0.30102489375 0.423679115625 0.283062978125 0.432403475 0.2686934453125