5 0.7940749546875 0.5776193875 0.3282002484375 0.22119261250000002 0.207490415625 0.31906545 0.5950668515624999 0.780542403125 0.6962021171874999 0.691151878125 0.7940749546875 0.5776193875
4 0.6438461140625 0.6381345296875 0.62942543125 0.6285251703125 0.6467302796875 0.6150720890625 0.695760659375 0.5622206109375 0.627502703125 0.48918945625 0.5699519015625001 0.4449519234375 0.46022277031250003 0.555494053125 0.542901409375 0.6487048468750001 0.5928930796875 0.6900250859375 0.6438461140625 0.6381345296875
0 0.737099978125 0.637173609375 0.6784558109375001 0.5833611734375 0.633271034375 0.6314079703125001 0.6668547390625 0.66434965 0.6928764921874999 0.6900250859375 0.737099978125 0.637173609375
1 0.7801451140625 0.6668629125 0.7378944093750001 0.6386283374999999 0.693457384375 0.6892910375 0.7235040140625 0.7281980265625 0.7801451140625 0.6668629125
3 0.60347220625 0.7901041671875 0.6231592953125 0.8061326 0.7161993609375 0.7186874390625 0.700924140625 0.7006432078125 0.60347220625 0.7901041671875
3 0.82382038125 0.592377740625 0.80659720625 0.5800347234375 0.75230445625 0.6472045390625001 0.77174569375 0.6596966484375 0.82382038125 0.592377740625
2 0.622569428125 0.8065972234375 0.6301025874999999 0.809602646875 0.7231426515625 0.7284035796875 0.7141163515625 0.722157484375 0.622569428125 0.8065972234375
2 0.83423531875 0.6000118578125 0.8248263734375 0.5939236125 0.769662684375 0.66316669375 0.782855003125 0.6645547703125 0.83423531875 0.6000118578125
2 0.7911071625 0.5746674578125 0.7390013078125001 0.638797740625 0.7475186109374999 0.6493191140625 0.8036326078125 0.58168170625 0.7911071625 0.5746674578125
2 0.6929076671875001 0.6904025765624999 0.5952091890625 0.7760766265625 0.6017224203125 0.789604109375 0.7054331125 0.6974168265625 0.6929076671875001 0.6904025765624999
6 0.6656022234375001 0.704914778125 0.6592760656250001 0.714404015625 0.69271433125 0.687743778125 0.6434606703125 0.640297590625 0.592851403125 0.69090685625 0.6149929578125 0.695425540625 0.6371345109375001 0.696781146875 0.6592760656250001 0.7017517 0.6656022234375001 0.704914778125
6 0.25055446406250004 0.37251706875 0.273391459375 0.345112675 0.2942709984375 0.3359778765625 0.3419024453125 0.3040060828125 0.394753778125 0.2772541734375 0.3282002484375 0.222445384375 0.209447871875 0.31770827968750004 0.25055446406250004 0.37251706875