5 0.7925095843750001 0.68093455 0.4049331484375 0.21945759687500002 0.3037978828125 0.308848121875 0.20592504531250003 0.42238061250000003 0.6717997515625 0.7788073875 0.7925095843750001 0.68093455
4 0.35326972031250004 0.3849279109375 0.304239340625 0.4377793890625 0.372497296875 0.51081054375 0.43004809843749997 0.5550480765625 0.5397772296875 0.444505946875 0.45709859062499997 0.35129515312500004 0.4071069203125 0.3099749140625 0.3561538859375 0.3618654703125 0.37057456875 0.3714748296875 0.35326972031250004 0.3849279109375
0 0.366728965625 0.3685920296875 0.33314526093749997 0.33565035 0.3071235078125 0.3099749140625 0.262900021875 0.362826390625 0.32154418906250004 0.41663882656249995 0.366728965625 0.3685920296875
1 0.306542615625 0.3107089625 0.2764959859375 0.2718019734375 0.21985488593750002 0.33313708750000004 0.262105590625 0.36137166249999997 0.306542615625 0.3107089625
3 0.28380063906249997 0.2813125609375 0.299075859375 0.2993567921875 0.39652779374999997 0.20989583281250002 0.3768407046875 0.1938674 0.28380063906249997 0.2813125609375
3 0.24769554375 0.3527954609375 0.22825430624999998 0.34030335156249997 0.17617961875000002 0.40762225937499996 0.19340279375 0.41996527656250005 0.24769554375 0.3527954609375
2 0.2768573484375 0.2715964203125 0.28588364843749997 0.277842515625 0.377430571875 0.1934027765625 0.36989741249999997 0.190397353125 0.2768573484375 0.2715964203125
2 0.230337315625 0.33683330625 0.21714499687500002 0.3354452296875 0.16576468125 0.3999881421875 0.1751736265625 0.4060763875 0.230337315625 0.33683330625
2 0.2524813890625 0.3506808859375 0.1963673921875 0.41831829374999996 0.2088928375 0.4253325421875 0.2609986921875 0.361202259375 0.2524813890625 0.3506808859375
2 0.3982775796875 0.210395890625 0.2945668875 0.3025831734375 0.30709233281250004 0.30959742343749996 0.4047908109375 0.2239233734375 0.3982775796875 0.210395890625
6 0.30728566874999996 0.312256221875 0.3565393296875 0.359702409375 0.40714859687500005 0.30909314375 0.3850070421875 0.304574459375 0.3628654890625 0.303218853125 0.34072393437500004 0.2982483 0.3343977765625 0.295085221875 0.34072393437500004 0.285595984375 0.30728566874999996 0.312256221875
6 0.7057290015625 0.6640221234375 0.6580975546875 0.6959939171875 0.605246221875 0.7227458265625 0.6717997515625 0.777554615625 0.7905521281250001 0.6822917203125 0.7494455359375001 0.62748293125 0.726608540625 0.654887325 0.7057290015625 0.6640221234375