4 0.609468278125 0.610421825 0.6755288187499999 0.45783893593749997 0.5800089234375 0.4069779609375 0.493526765625 0.38191964375 0.42735564375 0.5318997046875 0.5237682343750001 0.558668634375 0.609468278125 0.610421825
5 0.2921699625 0.3609158359375 0.16241212656249998 0.40302268281250003 0.6290247421874999 0.7536266375 0.677146853125 0.6857400874999999 0.7106604671875 0.6273060953125 0.7613605484375 0.5284839015625 0.7948741625 0.44083291406249997 0.8215131875000001 0.3385734265625 0.8395589796875 0.24576649687500002 0.6530857984375 0.27326484687499997 0.39099215468750004 0.330839515625 0.2921699625 0.3609158359375
6 0.3764712625 0.4694387984375 0.39583195781249997 0.465535003125 0.405930684375 0.453377446875 0.41056166875000005 0.43876607187500005 0.4068233796875 0.42214702812500005 0.3853983515625 0.410547165625 0.3703897671875 0.410212540625 0.358482121875 0.4187500015625 0.35075016406250004 0.43207383125 0.3514753859375 0.45159284531250005 0.3764712625 0.4694387984375
0 0.682101828125 0.563667859375 0.697368096875 0.57068358125 0.7356643640625 0.5868675624999999 0.761255371875 0.526786171875 0.66424765 0.4875250828125 0.6499642984375 0.5214324 0.6430747328125 0.5417271203125 0.682101828125 0.563667859375
1 0.803614034375 0.534828453125 0.7572456937500001 0.527156040625 0.7332350671875 0.5868675624999999 0.76521609375 0.6150527203125 0.803614034375 0.534828453125
3 0.638319090625 0.76400618125 0.657433553125 0.7794376703125 0.710365975 0.6964014765625001 0.7566818359374999 0.6067518265625 0.7406602359375001 0.5931087390625 0.7089347046875 0.6531672359375 0.6853700578125 0.692727309375 0.638319090625 0.76400618125
2 0.8029975859375 0.5354729828125 0.8471079093749999 0.4208389875 0.8787203296874999 0.24521379843750002 0.8687499828125 0.24375 0.8301990421875001 0.418634465625 0.7919700046875 0.53620780625 0.8029975859375 0.5354729828125
2 0.7669742 0.6133653109375 0.7575367484375 0.6077205890624999 0.6552280140625 0.780907315625 0.6640501125 0.78972535 0.7669742 0.6133653109375
3 0.7671581015625 0.5317988171875 0.79215401875 0.5347381609374999 0.834058803125 0.410551309375 0.86493600625 0.24521379843750002 0.8430146890625 0.24466911875 0.8362643406249999 0.30326563281249996 0.8134739625 0.403202975 0.7671581015625 0.5317988171875
2 0.6787571906250001 0.70450714375 0.6990099640625 0.672102709375 0.7212880125 0.631597165625 0.7426980859375 0.5902236453125 0.7314143984375 0.5850157890625 0.6819397703125001 0.6752852875 0.6260999843749999 0.7539817734375001 0.6382516468749999 0.7629508578124999 0.6787571906250001 0.70450714375
2 0.82457715 0.35774496718750004 0.8315209578125 0.3241832296875 0.8367288140625 0.2958293484375 0.84164734375 0.24461876875000002 0.8355715125 0.2463547203125 0.83036365625 0.2747086015625 0.820526596875 0.330635184375 0.80721763125 0.3775058859375 0.7959339437499999 0.42415091406250005 0.7858075578125 0.45163681875000006 0.7759704968750001 0.4792268796875 0.7565857015625 0.526572075 0.7687373640625 0.5307267859375 0.8011418000000001 0.4420543640625 0.82457715 0.35774496718750004
6 0.6633963578125 0.638266903125 0.675717125 0.6182456546874999 0.6838026296875 0.602074646875 0.6945833015625 0.5843635421875 0.69727846875 0.575122965625 0.69727846875 0.568192534375 0.67841229375 0.5601070296875 0.6703267890625 0.577433109375 0.6595461171875 0.580128278125 0.653000709375 0.580128278125 0.6368297015625 0.6070799578125 0.6272041015625 0.623250965625 0.6206586921875 0.623250965625 0.6206586921875 0.637881878125 0.6256640046874999 0.6448123109375 0.640679940625 0.647507478125 0.6633963578125 0.638266903125
7 0.6608941203125 0.567365525 0.6565583578124999 0.567365525 0.6525322921875001 0.5791340234375 0.6568680546875 0.580063115625 0.6633717 0.580063115625 0.66987534375 0.5744885640625 0.6773080796875 0.5596230906249999 0.667397765625 0.5565261171875 0.6652298828125 0.561790971875 0.6608941203125 0.567365525
6 0.43789000624999996 0.4257824484375 0.42443716406250004 0.4284730171875 0.4170381015625 0.447306996875 0.40762111250000005 0.46345040624999995 0.393495628125 0.495737228125 0.3867692078125 0.5152438484374999 0.393495628125 0.5226429109375 0.4284730171875 0.538786321875 0.46412304843749996 0.4372173640625 0.454706059375 0.4325088703125 0.43789000624999996 0.4257824484375
6 0.388414184375 0.3334174859375 0.226002059375 0.39013283125 0.18131724062500001 0.4141938875 0.226002059375 0.450285471875 0.28873266875 0.40560065312500004 0.3523226015625 0.3849768921875 0.382398921875 0.3609158359375 0.388414184375 0.3334174859375