4 0.4199910765625 0.5930220390625001 0.506473234375 0.61808035625 0.57264435625 0.46810029531249997 0.47623176562499997 0.44133136562499997 0.390531721875 0.38957817499999997 0.32447118124999996 0.5421610640625001 0.4199910765625 0.5930220390625001
5 0.37097525781249996 0.24637336250000003 0.322853146875 0.31425991249999996 0.2893395328125 0.3726939046875 0.23863945156250002 0.47151609843750003 0.20512583750000002 0.5591670859375 0.1784868125 0.6614265734375 0.16044102031250002 0.754233503125 0.3469142015625 0.726735153125 0.6090078453125 0.6691604843750001 0.7078300375000001 0.6390841640625 0.8375878734375 0.5969773171874999 0.37097525781249996 0.24637336250000003
6 0.594069315625 0.546622553125 0.58943833125 0.561233928125 0.5931766203125 0.577852971875 0.6146016484375 0.5894528343750001 0.6296102328125001 0.589787459375 0.6415178781249999 0.5812499984375 0.6492498359375001 0.56792616875 0.6485246140625 0.5484071546875 0.6235287375 0.5305612015625 0.6041680421875 0.5344649968749999 0.594069315625 0.546622553125
0 0.2643356359375 0.4131324375 0.238744628125 0.473213828125 0.33575235000000003 0.5124749171875 0.3500357015625 0.4785676 0.3569252671875 0.4582728796875 0.31789817187499997 0.436332140625 0.302631903125 0.42931641875000004 0.2643356359375 0.4131324375
1 0.2667649328125 0.4131324375 0.23478390624999998 0.38494727968750003 0.196385965625 0.465171546875 0.24275430625 0.472843959375 0.2667649328125 0.4131324375
3 0.289634025 0.3035985234375 0.2433181640625 0.3932481734375 0.25933976406250003 0.40689126093750005 0.2910652953125 0.3468327640625 0.31462994218749996 0.30727269062499996 0.361680909375 0.23599381875 0.342566446875 0.22056232968749998 0.289634025 0.3035985234375
2 0.1212796703125 0.7547862015625 0.1312500171875 0.75625 0.1698009578125 0.5813655343749999 0.2080299953125 0.46379219374999997 0.19700241406250002 0.46452701718749995 0.152892090625 0.5791610125 0.1212796703125 0.7547862015625
2 0.34477198593749997 0.21909268437499999 0.3359498875 0.21027464999999998 0.2330258 0.3866346890625 0.24246325156249998 0.39227941093749996 0.34477198593749997 0.21909268437499999
3 0.165941196875 0.589448690625 0.13506399375 0.7547862015625 0.1569853109375 0.75533088125 0.163735659375 0.6967343671874999 0.18652603750000002 0.596797025 0.23284189843749997 0.4682011828125 0.20784598124999998 0.4652618390625 0.165941196875 0.589448690625
2 0.27871198750000004 0.368402834375 0.2573019140625 0.4097763546875 0.2685856015625 0.41498421093750004 0.31806022968750003 0.3247147125 0.37390001562499997 0.2460182265625 0.361748353125 0.2370491421875 0.321242809375 0.29549285625 0.3009900359375 0.327897290625 0.27871198750000004 0.368402834375
2 0.1632711859375 0.7041706515625 0.15835265625 0.75538123125 0.1644284875 0.7536452796875001 0.16963634375 0.7252913984375 0.179473403125 0.669364815625 0.19278236875000002 0.6224941140625 0.20406605625 0.5758490859375 0.21419244218750003 0.5483631812499999 0.224029503125 0.5207731203125 0.2434142984375 0.473427925 0.2312626359375 0.4692732140625 0.1988582 0.5579456359375 0.17542285 0.6422550328125001 0.1684790421875 0.6758167703125 0.1632711859375 0.7041706515625
6 0.3161973703125 0.397925353125 0.3054166984375 0.4156364578125 0.30272153125 0.424877034375 0.30272153125 0.43180746562500005 0.32158770625 0.43989297031249996 0.3296732109375 0.422566890625 0.3404538828125 0.419871721875 0.346999290625 0.419871721875 0.3631702984375 0.3929200421875 0.3727958984375 0.376749034375 0.3793413078125 0.376749034375 0.3793413078125 0.362118121875 0.3743359953125 0.3551876890625 0.359320059375 0.352492521875 0.3366036421875 0.361733096875 0.324282875 0.38175434531249997 0.3161973703125 0.397925353125
7 0.3474677078125 0.42086597656249997 0.3431319453125 0.41993688437500004 0.3366283 0.41993688437500004 0.33012465625 0.42551143593749996 0.3226919203125 0.440376909375 0.332602234375 0.4434738828125 0.3347701171875 0.438209028125 0.3391058796875 0.43263447499999996 0.3434416421875 0.43263447499999996 0.3474677078125 0.42086597656249997
6 0.5829618984375 0.552693003125 0.5923788875 0.53654959375 0.6065043718750001 0.504262771875 0.6132307921875 0.4847561515625 0.6065043718750001 0.47735708906249996 0.5715269828125 0.461213678125 0.5358769515625 0.5627826359375 0.5452939406249999 0.5674911296875 0.56210999375 0.5742175515625 0.5755628359375 0.5715269828125 0.5829618984375 0.552693003125
6 0.8186827593749999 0.5858061125 0.7739979406249999 0.549714528125 0.71126733125 0.594399346875 0.6476773984374999 0.6150231078124999 0.617601078125 0.6390841640625 0.611585815625 0.6665825140625 0.7739979406249999 0.60986716875 0.8186827593749999 0.5858061125