5 0.7834935921875 0.6002042390625 0.7818521953124999 0.5941857828125 0.741364396875 0.29764002343749996 0.2179269984375 0.38706437031249996 0.26237976875 0.702209215625 0.7851349890625 0.6073169609375 0.7834935921875 0.6002042390625
1 0.8213193046875 0.5705296234375 0.8111795609374999 0.49143961718750007 0.774000496875 0.50428329375 0.77264853125 0.506987225 0.7780563953125 0.5799933859374999 0.8213193046875 0.5705296234375
7 0.6745775671875001 0.5024070859374999 0.6758134453125 0.5199223843749999 0.6848071609375 0.51863756875 0.68965464375 0.51797051875 0.6799274984375 0.4328579921875 0.6483142734375 0.435289778125 0.6483142734375 0.45717585625 0.6716594234375 0.45717585625 0.6745775671875001 0.5024070859374999
2 0.80892741875 0.48425586875000004 0.7803122984375 0.28835235937500003 0.73592395 0.3002170375 0.76587434375 0.504878059375 0.8097524921874999 0.4898502734375 0.80892741875 0.48425586875000004
2 0.8217910578125001 0.5708342531249999 0.7810439890625 0.5802937265625 0.783442659375 0.61018485 0.8270477171874999 0.6062680296875 0.8217910578125001 0.5708342531249999
4 0.544871184375 0.5199532953125 0.5564995328125 0.6091039671875 0.6041203890625 0.59636815625 0.6567248234374999 0.5947069640625 0.6473113984375 0.508324946875 0.6567248234374999 0.5055562921875 0.6456502046875 0.42914143125 0.63512931875 0.359371340625 0.6190711234374999 0.3566026859375 0.55982191875 0.3560489546875 0.49392794375 0.3793056515625 0.49835779062499996 0.378751921875 0.52272195 0.5210607578124999 0.544871184375 0.5199532953125
6 0.5050025625 0.42360412187499996 0.462919015625 0.42914143125 0.479530940625 0.5299204515625 0.5249368734375001 0.5205070265625 0.5050025625 0.42360412187499996
0 0.7025221312500001 0.6232534234375 0.717497328125 0.6204010046875 0.740316675 0.583319565625 0.779537428125 0.577614728125 0.7708660765625 0.5055911640625 0.6489251890625 0.5205663609375 0.658908653125 0.5975816578125001 0.6068520171875 0.60328649375 0.60767921875 0.6403679343750001 0.6804158890625 0.6261058421875 0.7025221312500001 0.6232534234375
1 0.60767921875 0.6410810390624999 0.6098185328125 0.6532038171875 0.679702784375 0.6425072484375 0.722489059375 0.618261690625 0.60767921875 0.6410810390624999
6 0.722489059375 0.3187577578125 0.7246283734375 0.3565523015625 0.7096531765625 0.361544034375 0.6925386671875 0.3736668125 0.6925386671875 0.3836502765625 0.7075138640625 0.396486159375 0.7125055953125 0.41360067031250003 0.71036628125 0.44141175 0.717497328125 0.49346838593750003 0.732472525 0.49346838593750003 0.740316675 0.511296 0.76741465 0.5077304781249999 0.7396035703125 0.320897071875 0.722489059375 0.3187577578125
6 0.660448959375 0.366535765625 0.6504654953125 0.35369988281250003 0.6354902984375 0.36083092968749997 0.6454737625 0.42786276250000005 0.6775634703125 0.426436553125 0.679702784375 0.4014778921875 0.6725717375 0.3815109625 0.660448959375 0.366535765625
6 0.65327608125 0.520322909375 0.6762556421875 0.51594585 0.6685957890625 0.457402684375 0.6494461546875 0.457402684375 0.6571060078125 0.5050032015625 0.651634684375 0.5050032015625 0.65327608125 0.520322909375