5 0.258635603125 0.7023599765624999 0.7820730015625 0.6129356296874999 0.73762023125 0.297790784375 0.21486501093750002 0.3926830390625 0.2165064078125 0.3997957609375 0.2181478046875 0.4058142171875 0.258635603125 0.7023599765624999
1 0.225999503125 0.49571670624999997 0.22735146875 0.49301277499999996 0.2219436046875 0.4200066140625 0.1786806953125 0.4294703765625 0.18882043906249998 0.5085603828124999 0.225999503125 0.49571670624999997
7 0.3151928390625 0.48136243125 0.31034535625 0.48202948125 0.3200725015625 0.5671420078125 0.3516857265625 0.564710221875 0.3516857265625 0.54282414375 0.3283405765625 0.54282414375 0.3254224328125 0.49759291406250006 0.3241865546875 0.48007761562500006 0.3151928390625 0.48136243125
2 0.26407605 0.6997829624999999 0.23412565624999998 0.495121940625 0.1902475078125 0.5101497265625 0.19107258124999998 0.51574413125 0.2196877015625 0.7116476406250001 0.26407605 0.6997829624999999
2 0.216557340625 0.38981515 0.1729522828125 0.3937319703125 0.1782089421875 0.42916574687500003 0.2189560109375 0.4197062734375 0.216557340625 0.38981515
4 0.3958796109375 0.40363184375000005 0.3432751765625 0.4052930359375 0.35268860156250004 0.491675053125 0.3432751765625 0.4944437078125 0.3543497953125 0.5708585687500001 0.36487068125 0.640628659375 0.38092887656249996 0.6433973140625 0.44017808125 0.6439510453125 0.5060720562500001 0.6206943484375 0.501642209375 0.621248078125 0.47727804999999995 0.4789392421875 0.455128815625 0.4800467046875 0.4435004671875 0.3908960328125 0.3958796109375 0.40363184375000005
6 0.520469059375 0.4700795484375 0.47506312656249994 0.47949297343749997 0.4949974375 0.576395878125 0.537080984375 0.5708585687500001 0.520469059375 0.4700795484375
0 0.259683325 0.416680434375 0.220462571875 0.42238527187499997 0.2291339234375 0.49440883593749996 0.35107481093750004 0.4794336390625 0.341091346875 0.40241834218749994 0.3931479828125 0.39671350625 0.39232078125 0.359632065625 0.3195841109375 0.3738941578125 0.29747786875000004 0.3767465765625 0.282502671875 0.37959899531249996 0.259683325 0.416680434375
1 0.320297215625 0.35749275156250004 0.277510940625 0.38173830937500003 0.39232078125 0.3589189609375 0.3901814671875 0.3467961828125 0.320297215625 0.35749275156250004
6 0.2903468234375 0.6384559656250001 0.3074613328125 0.6263331875 0.3074613328125 0.6163497234374999 0.2924861359375 0.603513840625 0.2874944046875 0.5863993296875 0.28963371875 0.55858825 0.282502671875 0.5065316140625 0.26752747499999996 0.5065316140625 0.259683325 0.48870399999999997 0.23258535 0.49226952187500006 0.2603964296875 0.6791029281250001 0.277510940625 0.6812422421875 0.2753716265625 0.6434476984375 0.2903468234375 0.6384559656250001
6 0.3645097015625 0.6391690703124999 0.3545262375 0.5721372375 0.3224365296875 0.5735634468749999 0.320297215625 0.5985221078125 0.3274282625 0.6184890375000001 0.339551040625 0.633464234375 0.34953450468749997 0.6463001171875 0.3645097015625 0.6391690703124999
6 0.3314042109375 0.542597315625 0.3505538453125 0.542597315625 0.3428939921875 0.4949967984375 0.348365315625 0.4949967984375 0.34672391875 0.47967709062499997 0.3237443578125 0.48405414999999996 0.3314042109375 0.542597315625