5 0.7060546875 0.73046875 0.8056640625 0.6396484375 0.822265625 0.6083984375 0.8310546875 0.580078125 0.8388671875 0.5498046875 0.33640625 0.1923828125 0.1596484375 0.4423828125 0.64453125 0.8046875 0.6796875 0.76171875 0.7060546875 0.73046875
2 0.8365885421874999 0.646484375 0.8463541671874999 0.6412760421875 0.8548177078125001 0.64453125 0.865234375 0.6171875 0.8736979171874999 0.5872395828125 0.8782552078125001 0.5696614578125 0.841796875 0.5501302078125 0.828125 0.5885416671875 0.8196614578125001 0.6197916671875 0.7981770828125 0.6471354171875 0.8203125 0.6647135421875 0.8365885421874999 0.646484375
2 0.6848958328125 0.8098958328125001 0.7194010421875 0.7682291671875 0.7389322921875 0.7493489578125 0.7428385421875 0.740234375 0.7552083328125 0.7291666671875 0.7604166671875 0.7213541671875 0.7610677078125 0.7174479171875 0.7688802078125 0.7122395828125 0.75 0.6888020828125 0.6985677078125 0.73828125 0.6455078125 0.8046875 0.6848958328125 0.8326822921874999 0.6998697921875 0.8151041671874999 0.6848958328125 0.8098958328125001
3 0.7331081078125 0.755489865625 0.709459459375 0.7795608109375001 0.6866554046875 0.80954391875 0.7014358109375001 0.8146114859375 0.6853885140625 0.8323479734375001 0.6934121625 0.8399493250000001 0.7858952703125001 0.731841215625 0.7698479734375 0.7136824328125 0.7614020265625 0.7179054046875 0.7614020265625 0.7208614859375 0.7605574328125 0.7229729734375 0.7457770265625 0.736908784375 0.7331081078125 0.755489865625
1 0.8205236484375 0.6646959453125 0.7951858109375001 0.6482263515625 0.750422296875 0.6883445953125 0.7863175671875 0.731841215625 0.82136824375 0.6980574328125 0.8391047296874999 0.6815878375 0.85050675625 0.6701858109375001 0.862753378125 0.649915540625 0.8521959453125 0.6440033781250001 0.8450168921874999 0.6423141890624999 0.8378378375000001 0.646959459375 0.828125 0.65625 0.8205236484375 0.6646959453125
0 0.692989865625 0.613175675 0.6887668921875 0.608952703125 0.6777871625 0.6216216218749999 0.7491554046875 0.6875 0.794341215625 0.6465371625 0.7195945953125 0.567989865625 0.6959459453125 0.5950168921875 0.702702703125 0.6009290546875 0.692989865625 0.613175675
4 0.6171875 0.6982421875 0.6796875 0.6328125 0.671875 0.6259765625 0.685546875 0.6083984375 0.6904296875 0.61328125 0.7001953125 0.603515625 0.693359375 0.591796875 0.7197265625 0.5654296875 0.5361328125 0.39453125 0.482421875 0.44921875 0.4208984375 0.5185546875 0.5029296875 0.60546875 0.6171875 0.6982421875
3 0.8546875 0.64453125 0.863671875 0.65078125 0.864453125 0.6484375 0.8703125 0.637109375 0.873828125 0.62578125 0.878515625 0.6109375 0.883203125 0.591015625 0.88671875 0.574609375 0.87890625 0.569921875 0.876953125 0.57734375 0.871484375 0.593359375 0.86875 0.608203125 0.862890625 0.62421875 0.8546875 0.64453125
6 0.3667660390625 0.40419862812499996 0.418608496875 0.396460946875 0.47277225781250004 0.37479544374999996 0.5238409468749999 0.3237267546875 0.3373628546875 0.193733728125 0.160943746875 0.4452083328125 0.2746876453125 0.528775278125 0.2777827171875 0.49937209375 0.29635315 0.4529460125 0.32885140625 0.42044775625 0.3667660390625 0.40419862812499996
6 0.4828312421875 0.6131159921875 0.4665821140625 0.6022832390625 0.4557493609375 0.5914504875000001 0.4418215375 0.5721062875 0.43098878437500004 0.5674636796875 0.42557240937499996 0.5697849828125 0.41473965625 0.57829643125 0.40777574375 0.594545559375 0.4240248734375 0.6107946875 0.44259530468749997 0.62394874375 0.46967718593749996 0.6487093203125001 0.49675906562499994 0.6587683046875 0.5130081953125 0.6587683046875 0.517650803125 0.6479355531250001 0.509913121875 0.6371028 0.4959852984375 0.6262700484375 0.4828312421875 0.6131159921875
6 0.6638929578125 0.6456142484375 0.6940699109375 0.6750174328125 0.714961646875 0.653351928125 0.6994862859375 0.640197871875 0.6940699109375 0.65025685625 0.6770470140625 0.6371028 0.6638929578125 0.6456142484375