5 0.26953125 0.7060546875 0.3603515625 0.8056640625 0.3916015625 0.822265625 0.419921875 0.8310546875 0.4501953125 0.8388671875 0.8076171875 0.33640625 0.5576171875 0.1596484375 0.1953125 0.64453125 0.23828125 0.6796875 0.26953125 0.7060546875
2 0.353515625 0.8365885421874999 0.3587239578125 0.8463541671874999 0.35546875 0.8548177078125001 0.3828125 0.865234375 0.4127604171875 0.8736979171874999 0.4303385421875 0.8782552078125001 0.4498697921875 0.841796875 0.4114583328125 0.828125 0.3802083328125 0.8196614578125001 0.3528645828125 0.7981770828125 0.3352864578125 0.8203125 0.353515625 0.8365885421874999
2 0.1901041671875 0.6848958328125 0.23177083281250002 0.7194010421875 0.2506510421875 0.7389322921875 0.259765625 0.7428385421875 0.2708333328125 0.7552083328125 0.2786458328125 0.7604166671875 0.2825520828125 0.7610677078125 0.2877604171875 0.7688802078125 0.3111979171875 0.75 0.26171875 0.6985677078125 0.1953125 0.6455078125 0.1673177078125 0.6848958328125 0.1848958328125 0.6998697921875 0.1901041671875 0.6848958328125
3 0.24451013437500002 0.7331081078125 0.2204391890625 0.709459459375 0.19045608125 0.6866554046875 0.1853885140625 0.7014358109375001 0.1676520265625 0.6853885140625 0.160050675 0.6934121625 0.268158784375 0.7858952703125001 0.2863175671875 0.7698479734375 0.2820945953125 0.7614020265625 0.2791385140625 0.7614020265625 0.2770270265625 0.7605574328125 0.263091215625 0.7457770265625 0.24451013437500002 0.7331081078125
1 0.3353040546875 0.8205236484375 0.3517736484375 0.7951858109375001 0.3116554046875 0.750422296875 0.268158784375 0.7863175671875 0.3019425671875 0.82136824375 0.3184121625 0.8391047296874999 0.32981418906250004 0.85050675625 0.350084459375 0.862753378125 0.35599662187500003 0.8521959453125 0.35768581093749996 0.8450168921874999 0.353040540625 0.8378378375000001 0.34375 0.828125 0.3353040546875 0.8205236484375
0 0.38682432499999997 0.692989865625 0.391047296875 0.6887668921875 0.37837837812499997 0.6777871625 0.3125 0.7491554046875 0.3534628375 0.794341215625 0.432010134375 0.7195945953125 0.4049831078125 0.6959459453125 0.3990709453125 0.702702703125 0.38682432499999997 0.692989865625
4 0.3017578125 0.6171875 0.3671875 0.6796875 0.3740234375 0.671875 0.3916015625 0.685546875 0.38671875 0.6904296875 0.396484375 0.7001953125 0.408203125 0.693359375 0.4345703125 0.7197265625 0.60546875 0.5361328125 0.55078125 0.482421875 0.4814453125 0.4208984375 0.39453125 0.5029296875 0.3017578125 0.6171875
3 0.35546875 0.8546875 0.34921875 0.863671875 0.3515625 0.864453125 0.362890625 0.8703125 0.37421875 0.873828125 0.3890625 0.878515625 0.408984375 0.883203125 0.425390625 0.88671875 0.430078125 0.87890625 0.42265625 0.876953125 0.406640625 0.871484375 0.391796875 0.86875 0.37578125 0.862890625 0.35546875 0.8546875
6 0.595801371875 0.3667660390625 0.603539053125 0.418608496875 0.62520455625 0.47277225781250004 0.6762732453125 0.5238409468749999 0.806266271875 0.3373628546875 0.5547916671875 0.160943746875 0.471224721875 0.2746876453125 0.50062790625 0.2777827171875 0.5470539875 0.29635315 0.57955224375 0.32885140625 0.595801371875 0.3667660390625
6 0.3868840078125 0.4828312421875 0.39771676093749997 0.4665821140625 0.40854951249999993 0.4557493609375 0.42789371249999997 0.4418215375 0.4325363203125 0.43098878437500004 0.4302150171875 0.42557240937499996 0.42170356875000004 0.41473965625 0.40545444062499997 0.40777574375 0.3892053125 0.4240248734375 0.37605125625 0.44259530468749997 0.3512906796875 0.46967718593749996 0.34123169531249997 0.49675906562499994 0.34123169531249997 0.5130081953125 0.352064446875 0.517650803125 0.36289720000000003 0.509913121875 0.3737299515625 0.4959852984375 0.3868840078125 0.4828312421875
6 0.3543857515625 0.6638929578125 0.3249825671875 0.6940699109375 0.346648071875 0.714961646875 0.359802128125 0.6994862859375 0.34974314375 0.6940699109375 0.36289720000000003 0.6770470140625 0.3543857515625 0.6638929578125