5 0.786483096875 0.29396576093750004 0.21145797187499998 0.2951518046875 0.21188140781250003 0.7040716078125 0.7893308890624999 0.705306996875 0.786483096875 0.29396576093750004
4 0.565513984375 0.41669535625 0.461283875 0.41729758281249996 0.460078928125 0.40706004374999993 0.3184947078125 0.40525335937499996 0.308252421875 0.45764560000000004 0.31608473125000003 0.508231196875 0.337774240625 0.508833384375 0.3359667796875 0.55219245625 0.328736953125 0.55219245625 0.3257245234375 0.6051868812500001 0.3292800546875 0.639560640625 0.5625015453125 0.6419216546875 0.565513984375 0.5738719921875 0.5305697796875 0.5732698046875 0.534184703125 0.5046179140625 0.5679239203125 0.5046179140625 0.565513984375 0.41669535625
6 0.546836925 0.5287063187500001 0.5323772515625 0.5281040921875 0.5324928890625 0.548114865625 0.5456319578125 0.549181440625 0.546836925 0.5287063187500001
6 0.5986506968749999 0.4919715453125 0.5974457296875 0.4287395796875 0.5618990828125 0.4293417234375 0.5618990828125 0.45583899843750003 0.56568431875 0.492570025 0.5986506968749999 0.4919715453125
7 0.2895543140625 0.46999833437499994 0.2895543140625 0.5121529921875 0.291835659375 0.55328991875 0.2955675734375 0.558514596875 0.3048973578125 0.5637392765625 0.3142271421875 0.5652320421875 0.3269156484375 0.5652320421875 0.33848458125 0.5648588515624999 0.3388577734375 0.5480652390625 0.314973525 0.5465724734374999 0.3037777828125 0.5454528984375 0.3022850171875 0.50888014375 0.304732103125 0.4251270046875 0.3171288015625 0.40760522187500003 0.327925303125 0.3990921203125 0.311846296875 0.38508683125 0.302206515625 0.3989376546875 0.2931692375 0.41037956875 0.29015679843750003 0.4200149640625 0.29015679843750003 0.43868344375 0.2895543140625 0.46999833437499994
0 0.4306484390625 0.3574207109375 0.446048440625 0.3569320484375 0.44580401406250003 0.31710591093749996 0.21086626874999997 0.31710591093749996 0.21086626874999997 0.3620630296875 0.29269665 0.36377335624999996 0.33312368124999997 0.40441431093749997 0.41573733281249997 0.40653148593750005 0.4159817765625 0.3864962390625 0.4164706640625 0.3708589875 0.422337334375 0.3605970421875 0.4306484390625 0.3574207109375
1 0.1804129953125 0.306174071875 0.1805915203125 0.3068030984375 0.1805915203125 0.370288953125 0.181146325 0.3716551 0.1865241078125 0.36456946874999996 0.190679665625 0.361881815625 0.197279665625 0.361881815625 0.21054980156249997 0.3620905953125 0.2114574421875 0.31692468125 0.200946328125 0.3161916953125 0.1892130046875 0.31570305 0.1823685515625 0.31203805625 0.1804129953125 0.306174071875
2 0.17916857656250001 0.7041230765625001 0.211923946875 0.7039782781249999 0.2109463625 0.3622631453125 0.19016857812500002 0.3622631453125 0.184754465625 0.36736696874999997 0.181613028125 0.37105913749999997 0.17916857656250001 0.7041230765625001
2 0.19942436562500002 0.3172736609375 0.2106688015625 0.31654065781249996 0.21274843593749998 0.2950322390625 0.18035768593749998 0.2952837640625 0.1808465734375 0.306034371875 0.182122478125 0.3093268421875 0.1837799125 0.31287568125 0.19135768749999998 0.3160519953125 0.19942436562500002 0.3172736609375
6 0.25251489843749997 0.5942384953125 0.247381559375 0.5925281515624999 0.2427371140625 0.5905735187500001 0.23540378281250002 0.5925281515624999 0.23320378281249998 0.5971704875 0.23051489531249997 0.605966428125 0.2339371140625 0.6125634140625 0.24050619687500002 0.6157580640625 0.2495815671875 0.6147624046875 0.25447045468749996 0.6101200859375 0.2574037859375 0.604989103125 0.25569268125 0.5983921343749999 0.25251489843749997 0.5942384953125
6 0.334857184375 0.693853303125 0.32874607031249997 0.6945863046875 0.32092384375 0.6926316375 0.313834946875 0.6936089796875 0.306501615625 0.6931203171875 0.29941273125 0.6936089796875 0.2876793953125 0.693853303125 0.280834946875 0.6955636468749999 0.273990503125 0.6953193062499999 0.2676349453125 0.6987399437499999 0.264691178125 0.7045279359375 0.3529460640625 0.7048482515625001 0.3512349515625 0.697029634375 0.34439050625 0.6953193062499999 0.3404794015625 0.6945863046875 0.334857184375 0.693853303125
6 0.44805647187500003 0.66542745625 0.4575898125 0.666160459375 0.46736759531249994 0.66542745625 0.47494537968749995 0.6615181406249999 0.4798342671875 0.6551655109375 0.48594538125 0.6527221812499999 0.48667870312500006 0.64050556875 0.41254935625 0.6415920203125001 0.41774535625000003 0.6480798796875 0.42116758125000003 0.6539438468750001 0.42874535625 0.659074828125 0.435834253125 0.66322845 0.44145647187500003 0.6646944546875 0.44805647187500003 0.66542745625
6 0.3014102125 0.5393942515625 0.30395734218750003 0.5483092015625 0.311598728125 0.5512808515625001 0.33112671250000003 0.5500072874999999 0.33834357656249997 0.5495827656250001 0.33834357656249997 0.5096777515625 0.3149948984375 0.5084041874999999 0.30692899218749997 0.4591597015625 0.317542028125 0.4103397375 0.30607994843749997 0.4234999015625 0.30395734218750003 0.433688415625 0.3014102125 0.5393942515625
6 0.305655428125 0.5661391015625 0.2941933484375 0.558497715625 0.2941933484375 0.5720824015625 0.2941933484375 0.5899123015625001 0.2954669125 0.6094402875 0.3001366484375 0.6272701875 0.3090515984375 0.6404303515625 0.3192401125 0.6493453015624999 0.33112671250000003 0.653590515625 0.3447113984375 0.6493453015624999 0.3472585265625 0.6404303515625 0.32942862812499996 0.6404303515625 0.3251834125 0.6060441156249999 0.33367384218749996 0.5691107515625 0.3217872421875 0.5691107515625 0.305655428125 0.5661391015625