5 0.2959283921875 0.21188140781250003 0.294693003125 0.7893308890624999 0.7060342390625001 0.786483096875 0.7048481953125 0.21145797187499998 0.2959283921875 0.21188140781250003
4 0.4953820859375 0.534184703125 0.4953820859375 0.5679239203125 0.58330464375 0.565513984375 0.5827024171875 0.461283875 0.5929399562500001 0.460078928125 0.594746640625 0.3184947078125 0.5423544 0.308252421875 0.491768803125 0.31608473125000003 0.49116661562499997 0.337774240625 0.44780754375000004 0.3359667796875 0.44780754375000004 0.328736953125 0.39481311875 0.3257245234375 0.360439359375 0.3292800546875 0.3580783453125 0.5625015453125 0.4261280078125 0.565513984375 0.4267301953125 0.5305697796875 0.4953820859375 0.534184703125
6 0.451885134375 0.5324928890625 0.45081855937500004 0.5456319578125 0.47129368125 0.546836925 0.47189590781249996 0.5323772515625 0.451885134375 0.5324928890625
6 0.5441610015625 0.5618990828125 0.507429975 0.56568431875 0.5080284546875 0.5986506968749999 0.5712604203125 0.5974457296875 0.5706582765625 0.5618990828125 0.5441610015625 0.5618990828125
7 0.5799850359375001 0.29015679843750003 0.56131655625 0.29015679843750003 0.5300016656250001 0.2895543140625 0.4878470078125 0.2895543140625 0.44671008125 0.291835659375 0.441485403125 0.2955675734375 0.4362607234375 0.3048973578125 0.4347679578125 0.3142271421875 0.4347679578125 0.3269156484375 0.4351411484375 0.33848458125 0.4519347609375 0.3388577734375 0.4534275265625 0.314973525 0.4545471015625 0.3037777828125 0.49111985625 0.3022850171875 0.5748729953125 0.304732103125 0.592394778125 0.3171288015625 0.6009078796875 0.327925303125 0.61491316875 0.311846296875 0.6010623453124999 0.302206515625 0.58962043125 0.2931692375 0.5799850359375001 0.29015679843750003
0 0.6291410125 0.4164706640625 0.6394029578125 0.422337334375 0.6425792890625 0.4306484390625 0.6430679515625 0.446048440625 0.6828940890624999 0.44580401406250003 0.6828940890624999 0.21086626874999997 0.6379369703125 0.21086626874999997 0.6362266437499999 0.29269665 0.5955856890625 0.33312368124999997 0.5934685140625 0.41573733281249997 0.6135037609375 0.4159817765625 0.6291410125 0.4164706640625
1 0.68429695 0.1892130046875 0.68796194375 0.1823685515625 0.693825928125 0.1804129953125 0.6931969015624999 0.1805915203125 0.629711046875 0.1805915203125 0.6283449 0.181146325 0.63543053125 0.1865241078125 0.638118184375 0.190679665625 0.638118184375 0.197279665625 0.6379094046875 0.21054980156249997 0.68307531875 0.2114574421875 0.6838083046875 0.200946328125 0.68429695 0.1892130046875
2 0.6326330312499999 0.184754465625 0.6289408625 0.181613028125 0.2958769234375 0.17916857656250001 0.296021721875 0.211923946875 0.6377368546875 0.2109463625 0.6377368546875 0.19016857812500002 0.6326330312499999 0.184754465625
2 0.68712431875 0.1837799125 0.6839480046874999 0.19135768749999998 0.6827263390625 0.19942436562500002 0.6834593421874999 0.2106688015625 0.7049677609375 0.21274843593749998 0.7047162359375 0.18035768593749998 0.693965628125 0.1808465734375 0.6906731578125 0.182122478125 0.68712431875 0.1837799125
6 0.395010896875 0.2574037859375 0.40160786562500006 0.25569268125 0.4057615046875 0.25251489843749997 0.40747184843750006 0.247381559375 0.40942648125 0.2427371140625 0.40747184843750006 0.23540378281250002 0.4028295125 0.23320378281249998 0.394033571875 0.23051489531249997 0.3874365859375 0.2339371140625 0.3842419359375 0.24050619687500002 0.3852375953125 0.2495815671875 0.3898799140625 0.25447045468749996 0.395010896875 0.2574037859375
6 0.30468069375 0.34439050625 0.3054136953125 0.3404794015625 0.306146696875 0.334857184375 0.3054136953125 0.32874607031249997 0.3073683625 0.32092384375 0.3063910203125 0.313834946875 0.3068796828125 0.306501615625 0.3063910203125 0.29941273125 0.306146696875 0.2876793953125 0.304436353125 0.280834946875 0.30468069375 0.273990503125 0.30126005624999996 0.2676349453125 0.29547206406250004 0.264691178125 0.2951517484375 0.3529460640625 0.302970365625 0.3512349515625 0.30468069375 0.34439050625
6 0.33677155000000003 0.435834253125 0.3353055453125 0.44145647187500003 0.33457254375 0.44805647187500003 0.333839540625 0.4575898125 0.33457254375 0.46736759531249994 0.33848185937499997 0.47494537968749995 0.3448344890625 0.4798342671875 0.34727781874999997 0.48594538125 0.35949443125 0.48667870312500006 0.3584079796875 0.41254935625 0.35192012031250003 0.41774535625000003 0.34605615312500004 0.42116758125000003 0.34092517187500004 0.42874535625 0.33677155000000003 0.435834253125
6 0.5765000984374999 0.30607994843749997 0.566311584375 0.30395734218750003 0.4606057484375 0.3014102125 0.4516907984375 0.30395734218750003 0.4487191484375 0.311598728125 0.4499927125 0.33112671250000003 0.450417234375 0.33834357656249997 0.4903222484375 0.33834357656249997 0.49159581250000006 0.3149948984375 0.5408402984375 0.30692899218749997 0.5896602625 0.317542028125 0.5765000984374999 0.30607994843749997
6 0.4308892484375 0.33367384218749996 0.4308892484375 0.3217872421875 0.4338608984375 0.305655428125 0.441502284375 0.2941933484375 0.4279175984375 0.2941933484375 0.4100876984375 0.2941933484375 0.3905597125 0.2954669125 0.3727298125 0.3001366484375 0.3595696484375 0.3090515984375 0.35065469843749997 0.3192401125 0.34640948437499997 0.33112671250000003 0.35065469843749997 0.3447113984375 0.3595696484375 0.3472585265625 0.3595696484375 0.32942862812499996 0.393955884375 0.3251834125 0.4308892484375 0.33367384218749996