5 0.29396576093750004 0.213516903125 0.2951518046875 0.788542028125 0.7040716078125 0.7881185921875 0.705306996875 0.2106691109375 0.29396576093750004 0.213516903125
4 0.41669535625 0.434486015625 0.41729758281249996 0.538716125 0.40706004374999993 0.539921071875 0.40525335937499996 0.6815052921875 0.45764560000000004 0.691747578125 0.508231196875 0.6839152687500001 0.508833384375 0.662225759375 0.55219245625 0.6640332203125 0.55219245625 0.6712630468749999 0.6051868812500001 0.6742754765625001 0.639560640625 0.6707199453125 0.6419216546875 0.4374984546875 0.5738719921875 0.434486015625 0.5732698046875 0.4694302203125 0.5046179140625 0.46581529687499995 0.5046179140625 0.43207607968749995 0.41669535625 0.434486015625
6 0.5287063187500001 0.45316307499999997 0.5281040921875 0.46762274843749996 0.548114865625 0.46750711093749997 0.549181440625 0.4543680421875 0.5287063187500001 0.45316307499999997
6 0.4919715453125 0.40134930312500006 0.4287395796875 0.40255427031249996 0.4293417234375 0.4381009171875 0.45583899843750003 0.4381009171875 0.492570025 0.43431568125000003 0.4919715453125 0.40134930312500006
7 0.46999833437499994 0.7104456859375 0.5121529921875 0.7104456859375 0.55328991875 0.708164340625 0.558514596875 0.7044324265624999 0.5637392765625 0.6951026421875001 0.5652320421875 0.6857728578125 0.5652320421875 0.6730843515625 0.5648588515624999 0.66151541875 0.5480652390625 0.6611422265625 0.5465724734374999 0.685026475 0.5454528984375 0.6962222171875 0.50888014375 0.6977149828125 0.4251270046875 0.695267896875 0.40760522187500003 0.6828711984375 0.3990921203125 0.672074696875 0.38508683125 0.688153703125 0.3989376546875 0.697793484375 0.41037956875 0.7068307625 0.4200149640625 0.7098432015625 0.43868344375 0.7098432015625 0.46999833437499994 0.7104456859375
0 0.3574207109375 0.5693515609375 0.3569320484375 0.553951559375 0.31710591093749996 0.5541959859375 0.31710591093749996 0.78913373125 0.3620630296875 0.78913373125 0.36377335624999996 0.70730335 0.40441431093749997 0.66687631875 0.40653148593750005 0.5842626671875 0.3864962390625 0.5840182234375 0.3708589875 0.5835293359375 0.3605970421875 0.577662665625 0.3574207109375 0.5693515609375
1 0.306174071875 0.8195870046874999 0.3068030984375 0.8194084796875 0.370288953125 0.8194084796875 0.3716551 0.8188536750000001 0.36456946874999996 0.8134758921874999 0.361881815625 0.809320334375 0.361881815625 0.8027203343749999 0.3620905953125 0.7894501984375 0.31692468125 0.7885425578125 0.3161916953125 0.799053671875 0.31570305 0.8107869953125 0.31203805625 0.8176314484375 0.306174071875 0.8195870046874999
2 0.7041230765625001 0.8208314234375 0.7039782781249999 0.788076053125 0.3622631453125 0.7890536375 0.3622631453125 0.809831421875 0.36736696874999997 0.815245534375 0.37105913749999997 0.818386971875 0.7041230765625001 0.8208314234375
2 0.3172736609375 0.8005756343750001 0.31654065781249996 0.7893311984375 0.2950322390625 0.7872515640625 0.2952837640625 0.8196423140625001 0.306034371875 0.8191534265625 0.3093268421875 0.817877521875 0.31287568125 0.8162200875 0.3160519953125 0.8086423125 0.3172736609375 0.8005756343750001
6 0.5942384953125 0.7474851015625 0.5925281515624999 0.7526184406249999 0.5905735187500001 0.7572628859375 0.5925281515624999 0.7645962171875 0.5971704875 0.7667962171875 0.605966428125 0.7694851046875 0.6125634140625 0.7660628859374999 0.6157580640625 0.759493803125 0.6147624046875 0.7504184328125 0.6101200859375 0.7455295453125 0.604989103125 0.7425962140625 0.5983921343749999 0.74430731875 0.5942384953125 0.7474851015625
6 0.693853303125 0.665142815625 0.6945863046875 0.6712539296875 0.6926316375 0.6790761562500001 0.6936089796875 0.686165053125 0.6931203171875 0.693498384375 0.6936089796875 0.70058726875 0.693853303125 0.7123206046874999 0.6955636468749999 0.719165053125 0.6953193062499999 0.7260094968749999 0.6987399437499999 0.7323650546875 0.7045279359375 0.735308821875 0.7048482515625001 0.6470539359374999 0.697029634375 0.6487650484375 0.6953193062499999 0.65560949375 0.6945863046875 0.6595205984375 0.693853303125 0.665142815625
6 0.66542745625 0.551943528125 0.666160459375 0.5424101875 0.66542745625 0.5326324046875001 0.6615181406249999 0.5250546203125 0.6551655109375 0.5201657328125 0.6527221812499999 0.51405461875 0.64050556875 0.5133212968749999 0.6415920203125001 0.58745064375 0.6480798796875 0.58225464375 0.6539438468750001 0.57883241875 0.659074828125 0.57125464375 0.66322845 0.564165746875 0.6646944546875 0.558543528125 0.66542745625 0.551943528125
6 0.5393942515625 0.6985897875 0.5483092015625 0.6960426578125001 0.5512808515625001 0.688401271875 0.5500072874999999 0.6688732875000001 0.5495827656250001 0.6616564234375 0.5096777515625 0.6616564234375 0.5084041874999999 0.6850051015624999 0.4591597015625 0.6930710078125 0.4103397375 0.682457971875 0.4234999015625 0.6939200515625 0.433688415625 0.6960426578125001 0.5393942515625 0.6985897875
6 0.5661391015625 0.694344571875 0.558497715625 0.7058066515625 0.5720824015625 0.7058066515625 0.5899123015625001 0.7058066515625 0.6094402875 0.7045330875 0.6272701875 0.6998633515625 0.6404303515625 0.6909484015625 0.6493453015624999 0.6807598875 0.653590515625 0.6688732875000001 0.6493453015624999 0.6552886015625 0.6404303515625 0.6527414734375 0.6404303515625 0.670571371875 0.6060441156249999 0.6748165875 0.5691107515625 0.6663261578124999 0.5691107515625 0.6782127578125 0.5661391015625 0.694344571875