5 0.710192809375 0.9860733390625 0.7095296359375001 0.0125333953125 0.2923929703125 0.014522918749999999 0.291066621875 0.8793022687500001 0.5497046171875 0.9787784203125 0.710192809375 0.9860733390625
1 0.3502262328125 0 0.29990206875 0.000621303125 0.2994988984375 0.014068346875000002 0.3314916015625 0.01434654375 0.34985263125 0.01434654375 0.3502262328125 0
2 0.3007901421875 0.008317940625 0.3010861671875 0.0003252796875 0.286876990625 0 0.286876990625 0.008021915625 0.3007901421875 0.008317940625
2 0.34948481249999996 0.00045616562499999996 0.348997103125 0.013796028125000002 0.7090111796875 0.0124425921875 0.7089495328125001 0.00045616562499999996 0.34948481249999996 0.00045616562499999996
7 0.35470285 0.10476827656250001 0.3586494578125 0.10954845625000001 0.3668782671875 0.1163639125 0.38195259375 0.1082469671875 0.40050561250000005 0.0960715484375 0.455584884375 0.0960715484375 0.49732917343749994 0.0960715484375 0.5263182640624999 0.100130021875 0.5396532453125 0.119262821875 0.5378669203124999 0.16816045625 0.553647075 0.1659061484375 0.5529882265625 0.11172565781249999 0.5460308453125 0.09549176718749999 0.5170417546875 0.0792578765625 0.3952875765625 0.080417440625 0.35470285 0.10476827656250001
0 0.3907189546875 0.23484021406250002 0.38427528906249997 0.2303441109375 0.3834468421875 0.11912926406249999 0.3761736484375 0.1157637609375 0.36203091875000004 0.10954845625000001 0.3532247375 0.0973614140625 0.34975305 0.0859048484375 0.34985263125 0.01434654375 0.3490180390625 0.01434654375 0.2994988984375 0.01434654375 0.3025381078125 0.267474071875 0.3428096765625 0.267474071875 0.3424625078125 0.24247792499999998 0.3504473875 0.23449304531249998 0.3907189546875 0.23484021406250002
4 0.496540884375 0.1192358921875 0.440986775 0.12618015625 0.38427528906249997 0.1169211375 0.38427528906249997 0.2303441109375 0.39237692968750004 0.2615932984375 0.398163815625 0.2615932984375 0.3970064390625 0.398163815625 0.5497802390625 0.394691684375 0.59028844375 0.4016359484375 0.6273245171874999 0.39237692968750004 0.6307966484375 0.1666883609375 0.5937605765625 0.140068684375 0.5416785984375 0.1666883609375 0.496540884375 0.1620588515625 0.496540884375 0.1192358921875
6 0.6246577671875 0.31243615 0.650018728125 0.3028553421875 0.6601631140625 0.2865116109375 0.6697439203125 0.271295034375 0.668053190625 0.247624803125 0.6483279984375 0.22902676406250003 0.6246577671875 0.23128107187500002 0.626912075 0.28876591875 0.6246577671875 0.31243615
6 0.6009875359375 0.1072941484375 0.5795716125 0.10560341718749999 0.5598464203125 0.103349109375 0.5497020359375 0.103349109375 0.5513927671875 0.11687495625 0.5513927671875 0.1405451875 0.5553378046875 0.152380303125 0.5575921125 0.1619611109375 0.5773173046875 0.1467445328125 0.6066233046875 0.144490225 0.6184584203125 0.156325340625 0.6263484984375001 0.16816045625 0.6404379203125 0.1585796484375 0.644382959375 0.1467445328125 0.644382959375 0.13321868750000002 0.6325478437500001 0.121383571875 0.620712728125 0.115184225 0.6009875359375 0.1072941484375
6 0.52997684375 0.1027855328125 0.519832459375 0.09489545625 0.5079973437499999 0.09489545625 0.40768065 0.0937683015625 0.397536265625 0.0954590328125 0.3896461890625 0.099404071875 0.368230265625 0.115184225 0.38401041875 0.11912926406249999 0.40204488125 0.1185656875 0.4922171890625 0.11743853281250001 0.4922171890625 0.1698511875 0.5378669203124999 0.1704147640625 0.5378669203124999 0.144490225 0.5378669203124999 0.1264557640625 0.5356126125 0.1146206484375 0.52997684375 0.1027855328125
6 0.42756626718749996 0.512444371875 0.3900619875 0.484809640625 0.34170120625 0.4552009984375 0.323936021875 0.46901836562500004 0.2893926078125 0.48974441406249997 0.29037956249999997 0.8786045703124999 0.548961696875 0.9792739515625 0.7078614046875 0.9871695890625001 0.71082226875 0.5262617374999999 0.68713535625 0.5311965125 0.621009390625 0.5469877875 0.548961696875 0.5469877875 0.48678355 0.537118240625 0.42756626718749996 0.512444371875