5 0.28980719062500004 0.013926660937499998 0.29047036406250004 0.9874666046874999 0.7076070296875 0.98547708125 0.708933378125 0.12069773125000001 0.45029538281250003 0.0212215796875 0.28980719062500004 0.013926660937499998
1 0.6497737671875 1 0.70009793125 0.9993786968749999 0.7005011015625 0.985931653125 0.6685083984375 0.98565345625 0.65014736875 0.98565345625 0.6497737671875 1
2 0.6992098578125 0.991682059375 0.6989138328125 0.9996747203125 0.7131230093750001 1 0.7131230093750001 0.9919780843750001 0.6992098578125 0.991682059375
2 0.6505151875 0.9995438343749999 0.651002896875 0.986203971875 0.2909888203125 0.9875574078125 0.2910504671875 0.9995438343749999 0.6505151875 0.9995438343749999
7 0.64529715 0.8952317234375 0.6413505421875 0.89045154375 0.6331217328125 0.8836360875 0.61804740625 0.8917530328125001 0.5994943875 0.9039284515625001 0.544415115625 0.9039284515625001 0.5026708265625001 0.9039284515625001 0.4736817359375 0.899869978125 0.46034675468749997 0.880737178125 0.4621330796875 0.8318395437499999 0.44635292499999996 0.8340938515625 0.4470117734375 0.8882743421875 0.4539691546875 0.9045082328125 0.4829582453125 0.9207421234375 0.6047124234375 0.919582559375 0.64529715 0.8952317234375
0 0.6092810453124999 0.7651597859375 0.6157247109374999 0.7696558890625 0.6165531578125 0.8808707359374999 0.6238263515625 0.8842362390625 0.63796908125 0.89045154375 0.6467752625000001 0.9026385859375001 0.65024695 0.9140951515625 0.65014736875 0.98565345625 0.6509819609374999 0.98565345625 0.7005011015625 0.98565345625 0.6974618921875 0.7325259281250001 0.6571903234375001 0.7325259281250001 0.6575374921875 0.757522075 0.6495526125 0.7655069546875 0.6092810453124999 0.7651597859375
4 0.503459115625 0.8807641078125 0.559013225 0.87381984375 0.6157247109374999 0.8830788625 0.6157247109374999 0.7696558890625 0.6076230703125 0.7384067015625 0.601836184375 0.7384067015625 0.6029935609375 0.601836184375 0.4502197609375 0.605308315625 0.40971155625 0.5983640515624999 0.37267548281249996 0.6076230703125 0.3692033515625 0.8333116390624999 0.40623942343749997 0.859931315625 0.4583214015625 0.8333116390624999 0.503459115625 0.8379411484375 0.503459115625 0.8807641078125
6 0.3753422328125 0.68756385 0.349981271875 0.6971446578125 0.3398368859375 0.7134883890625 0.3302560796875 0.728704965625 0.331946809375 0.752375196875 0.3516720015625 0.7709732359375 0.3753422328125 0.768718928125 0.373087925 0.71123408125 0.3753422328125 0.68756385
6 0.3990124640625 0.8927058515624999 0.4204283875 0.8943965828125 0.44015357968749996 0.896650890625 0.4502979640625 0.896650890625 0.44860723281250003 0.88312504375 0.44860723281250003 0.8594548124999999 0.44466219531249995 0.8476196968749999 0.44240788750000004 0.8380388890624999 0.4226826953125 0.8532554671874999 0.3933766953125 0.855509775 0.3815415796875 0.843674659375 0.37365150156250004 0.8318395437499999 0.3595620796875 0.8414203515625 0.355617040625 0.8532554671874999 0.355617040625 0.8667813125 0.36745215625 0.8786164281250001 0.379287271875 0.8848157750000001 0.3990124640625 0.8927058515624999
6 0.47002315625 0.8972144671875 0.480167540625 0.9051045437499999 0.49200265625000006 0.9051045437499999 0.59231935 0.9062316984375001 0.602463734375 0.9045409671875 0.6103538109375 0.900595928125 0.631769734375 0.8848157750000001 0.61598958125 0.8808707359374999 0.5979551187500001 0.8814343125 0.5077828109375 0.8825614671875 0.5077828109375 0.8301488125 0.4621330796875 0.8295852359375001 0.4621330796875 0.855509775 0.4621330796875 0.8735442359375 0.46438738749999997 0.8853793515625 0.47002315625 0.8972144671875
6 0.5724337328125 0.487555628125 0.6099380125 0.515190359375 0.65829879375 0.5447990015624999 0.676063978125 0.530981634375 0.7106073921875 0.5102555859375 0.7096204375 0.12139542968749999 0.451038303125 0.0207260484375 0.2921385953125 0.0128304109375 0.28917773125 0.47373826250000006 0.31286464375 0.46880348749999995 0.378990609375 0.4530122125 0.451038303125 0.4530122125 0.51321645 0.462881759375 0.5724337328125 0.487555628125