5 0.28466871718750003 0.218122759375 0.2878147828125 0.7854701734375 0.7110079796875 0.7841506 0.7093843046874999 0.2124571 0.28466871718750003 0.218122759375
0 0.40041899687500004 0.639394853125 0.4038941234375 0.574563578125 0.3713118109375 0.573948525 0.3571723203125 0.56964308125 0.3534837421875 0.5598020890625001 0.351024665625 0.5493460078125 0.35409849375 0.541350209375 0.3098356953125 0.54073515625 0.3090503140625 0.786289859375 0.359631325 0.7873752734374999 0.35901657343750004 0.69819118125 0.36067570781249997 0.6756661562499999 0.37943366093750003 0.64838856875 0.40041899687500004 0.639394853125
1 0.3106628359375 0.8085271562499999 0.30959742343749996 0.8124189218750001 0.3627453953125 0.8124189218750001 0.35791626875000004 0.802274978125 0.3608234453125 0.7819147796875 0.310986209375 0.7824875796875 0.3106628359375 0.8085271562499999
7 0.38585774375000004 0.688217878125 0.40084726875000004 0.6942136875 0.41691002343749994 0.6965319984375 0.5307050671875 0.6957009578125 0.5493940296875001 0.6957009578125 0.5610226828125 0.6936233953125 0.5622686421875 0.689883775 0.565591075 0.6861441562499999 0.565591075 0.6824045140624999 0.5709901687500001 0.675340784375 0.5705748640625 0.6703545937500001 0.5689136015625 0.6703545937500001 0.5639298578124999 0.6740942359375001 0.5510552453125 0.6761718 0.5435796796875 0.6761718 0.5352734578125 0.6761718 0.524890715625 0.6790804031250001 0.5215682375 0.6832355531250001 0.5116008 0.6844821015625 0.4132880734375 0.6831964015625 0.39192467343750004 0.678506875 0.381575021875 0.6719435359375 0.3785771171875 0.6526712906250001 0.3695834015625 0.6599519171875 0.37515093906249997 0.6766545296875 0.38585774375000004 0.688217878125
2 0.7092884765624999 0.7829589671875 0.3583512625 0.7812969234375 0.3587665671875 0.80248815 0.3616737421875 0.8120449624999999 0.7099689171875 0.8135329046875001 0.7092884765624999 0.7829589671875
2 0.28464205 0.780535190625 0.28461786718750004 0.8115536437499999 0.2824328359375 0.8114793453125 0.3098901609375 0.8133738921875 0.310521390625 0.8064272421875 0.3111525484375 0.7802194390625 0.28464205 0.780535190625
6 0.5675208515625 0.6806594609375 0.56609964375 0.6859915359375 0.5653890609375 0.6874134109375001 0.5600596046875 0.6906126671874999 0.5593490203125 0.6970111609375 0.5611254796875 0.7002104078125 0.565744353125 0.703054178125 0.5728503093749999 0.703054178125 0.5867068890625 0.7026987015625 0.6023399671874999 0.6998549203125 0.611932965625 0.6980775593749999 0.625789565625 0.692390028125 0.6343166874999999 0.689901725 0.64213320625 0.6852805921875 0.6527921203125 0.6767492609375 0.6606086796875 0.6707062546875 0.661319284375 0.663241353125 0.6641616578125 0.6554209640625 0.654213328125 0.6454677671875 0.6435544140625 0.6440458828125 0.6333031703125 0.6449609015625 0.6328954999999999 0.6675070078124999 0.5728503093749999 0.6707062546875 0.5717843921875 0.672128140625 0.56894201875 0.6760383296875 0.5675208515625 0.6806594609375
6 0.6711338796875 0.52663715625 0.6693573796875001 0.5159730078125 0.66793619375 0.5070862093749999 0.6597643625 0.4981994125 0.653369009375 0.49535564218749994 0.645197178125 0.49500017500000004 0.6324064734375 0.4939337359375 0.6336362484375 0.574348334375 0.648394865625 0.5749812921874999 0.6569219875 0.5703601609375 0.663317340625 0.558274115625 0.6700679843749999 0.5497428046875 0.670423275 0.540145065625 0.6711338796875 0.52663715625
4 0.47658717343749996 0.6782989781250001 0.4808507546875 0.66941218125 0.5000367921875 0.6687012390625 0.6346944 0.6691781515625 0.6346944 0.471891365625 0.40233010937499997 0.46727026406250005 0.40247962812500004 0.679717990625 0.47658717343749996 0.6782989781250001
6 0.480140171875 0.39769353125 0.45953292812499996 0.398404484375 0.4499398890625 0.4055139109375 0.4456763078125 0.4190218296875 0.44638693125 0.42506485625 0.44496576406250005 0.4691433375 0.5856634328125 0.46949880312500003 0.586018725 0.45954560781250003 0.5640229156250001 0.456438671875 0.55546315 0.449236925 0.552265484375 0.4364399578125 0.5515549015625 0.41404524218749994 0.544093653125 0.40409200468749995 0.53272415625 0.399470903125 0.480140171875 0.39769353125
6 0.35759178125 0.7151990234375 0.37258130624999997 0.7151990234375 0.38457292656250003 0.7104880296875 0.39485145781250003 0.7044922203125 0.40084726875000004 0.6954985046875 0.3901404640625 0.68950269375 0.37515093906249997 0.677511075 0.3691551296875 0.6616650046875 0.3605896875 0.6749414421875 0.35759178125 0.7151990234375