5 0.7153312828125 0.781877240625 0.7121852171875 0.21452982656250003 0.2889920203125 0.21584940000000002 0.2906156953125 0.7875428999999999 0.7153312828125 0.781877240625
0 0.599581003125 0.360605146875 0.5961058765625 0.425436421875 0.6286881890625 0.42605147499999996 0.6428276796875 0.43035691875 0.6465162578125 0.44019791093749994 0.648975334375 0.4506539921875 0.64590150625 0.458649790625 0.6901643046875 0.45926484375000004 0.6909496859375001 0.213710140625 0.640368675 0.2126247265625 0.6409834265625001 0.30180881875 0.6393242921875 0.32433384374999996 0.6205663390625 0.35161143125 0.599581003125 0.360605146875
1 0.6893371640625 0.19147284375 0.6904025765624999 0.187581078125 0.6372546046875 0.187581078125 0.64208373125 0.19772502187500002 0.6391765546875 0.21808522031250002 0.689013790625 0.2175124203125 0.6893371640625 0.19147284375
7 0.61414225625 0.311782121875 0.59915273125 0.3057863125 0.5830899765625001 0.3034680015625 0.46929493281249995 0.3042990421875 0.45060597031249994 0.3042990421875 0.43897731718750005 0.3063766046875 0.43773135781250005 0.31011622499999997 0.43440892499999995 0.31385584375 0.43440892499999995 0.3175954859375 0.42900983125 0.324659215625 0.4294251359375 0.32964540625 0.43108639843749996 0.32964540625 0.43607014218750006 0.3259057640625 0.44894475468749995 0.3238282 0.4564203203125 0.3238282 0.4647265421875 0.3238282 0.47510928437500005 0.320919596875 0.47843176249999997 0.316764446875 0.48839920000000003 0.3155178984375 0.5867119265625 0.3168035984375 0.6080753265625 0.321493125 0.618424978125 0.3280564640625 0.6214228828125 0.34732870937500004 0.6304165984375001 0.3400480828125 0.6248490609374999 0.3233454703125 0.61414225625 0.311782121875
2 0.2907115234375 0.2170410328125 0.6416487375 0.2187030765625 0.6412334328125 0.19751185 0.6383262578125 0.1879550375 0.2900310828125 0.1864670953125 0.2907115234375 0.2170410328125
2 0.71535795 0.21946480937500001 0.7153821328125 0.18844635625 0.7175671640625 0.1885206546875 0.6901098390625 0.1866261078125 0.6894786093749999 0.1935727578125 0.6888474515625 0.2197805609375 0.71535795 0.21946480937500001
6 0.4324791484375 0.31934053906250004 0.43390035625 0.3140084640625 0.43461093906250003 0.31258658906250003 0.43994039531249995 0.30938733281249997 0.44065097968750006 0.3029888390625 0.43887452031249996 0.2997895921875 0.43425564687499996 0.29694582187499996 0.427149690625 0.29694582187499996 0.4132931109375 0.2973012984375 0.3976600328125 0.3001450796875 0.388067034375 0.301922440625 0.374210434375 0.307609971875 0.36568331249999997 0.310098275 0.35786679375 0.3147194078125 0.3472078796875 0.3232507390625 0.33939132031249997 0.3292937453125 0.338680715625 0.336758646875 0.3358383421875 0.3445790359375 0.345786671875 0.3545322328125 0.35644558593750003 0.3559541171875 0.3666968296875 0.3550390984375 0.3671045 0.3324929921875 0.427149690625 0.3292937453125 0.4282156078125 0.32787185937499996 0.43105798125000006 0.3239616703125 0.4324791484375 0.31934053906250004
6 0.3288661203125 0.47336284375000004 0.3306426203125 0.48402699218749995 0.33206380625 0.492913790625 0.3402356375 0.5018005875 0.34663099062499997 0.5046443578125 0.354802821875 0.504999825 0.3675935265625 0.5060662640625 0.3663637515625 0.42565166562499995 0.351605134375 0.4250187078125 0.34307801250000003 0.4296398390625 0.33668265937499997 0.441725884375 0.32993201562499996 0.45025719531249997 0.329576725 0.459854934375 0.3288661203125 0.47336284375000004
4 0.5234128265625 0.321701021875 0.5191492453125 0.33058781875 0.4999632078125 0.3312987609375 0.3653056 0.3308218484375 0.3653056 0.528108634375 0.597669890625 0.5327297359375 0.597520371875 0.320282009375 0.5234128265625 0.321701021875
6 0.519859828125 0.6023064687499999 0.540467071875 0.601595515625 0.5500601109375001 0.5944860890625 0.5543236921875 0.5809781703125 0.55361306875 0.57493514375 0.5550342359375 0.5308566625 0.4143365671875 0.530501196875 0.413981275 0.5404543921875 0.435977084375 0.543561328125 0.44453685 0.550763075 0.447734515625 0.5635600421875 0.4484450984375 0.5859547578125001 0.455906346875 0.5959079953125 0.46727584375 0.600529096875 0.519859828125 0.6023064687499999
6 0.64240821875 0.28480097656250003 0.6274186937499999 0.28480097656250003 0.6154270734375 0.28951197031250003 0.6051485421875 0.29550777968749997 0.59915273125 0.3045014953125 0.6098595359375001 0.31049730625 0.6248490609374999 0.322488925 0.6308448703125 0.3383349953125 0.6394103125 0.3250585578125 0.64240821875 0.28480097656250003