5 0.3014889640625 0.65821165625 0.2320081171875 0.7344464375 0.1687961796875 0.80650400625 0.15385655625 0.8440992046875 0.1473075609375 0.8727620390625 0.856558090625 0.8722962890625 0.8560356562500001 0.12130385937499999 0.69461019375 0.1233924515625 0.40440422343750004 0.5391601046875001 0.37567155625000004 0.5746667109375 0.3014889640625 0.65821165625
0 0.7806119078125 0.5338275875 0.8175549625 0.5211954015625 0.8569285296875 0.5207095546875 0.8574145874999999 0.47018069999999995 0.765160509375 0.47031787812500003 0.7708900578125 0.47018069999999995 0.6736714671875 0.47115239375 0.6741575671875 0.5615213046875 0.774292740625 0.5639505953125 0.7806119078125 0.5338275875
1 0.91971925 0.46269437812499997 0.9105167015625 0.4717147609375 0.8563920218750001 0.47140739062500003 0.8560774453125 0.5190101484375 0.85836263125 0.5191280015624999 0.8914015703124999 0.5187183609375 0.8969483484375 0.51375788125 0.9059983062500001 0.51667581875 0.9103773281249999 0.519593721875 0.9182595656249999 0.5204690828125 0.91971925 0.46269437812499997
7 0.8107384124999999 0.689009175 0.80694325 0.6922188671875 0.8019803671875 0.6977629203125 0.7961416765625 0.7009726109375001 0.7786255796875 0.7003890375 0.7675320671875 0.6968875265625 0.7646127125 0.6942614093749999 0.747680484375 0.6942614093749999 0.746512746875 0.7117689 0.8095706734375 0.7129360484375 0.8171609796875 0.705057696875 0.8206641953125 0.6965957390625 0.8224158109375 0.68521584375 0.8227077406250001 0.5617880515625 0.7984771703125 0.527648465625 0.788608928125 0.5325316546875001 0.7976013453124999 0.54136265625 0.8037319828125 0.549532828125 0.8078190578125 0.5591619015625 0.8113222734375001 0.5790037546875 0.8110303421875 0.6793800359375 0.8107384124999999 0.689009175
2 0.8896954125000001 0.517975146875 0.8903135578124999 0.8779260062500001 0.9083108921875 0.8791805687500001 0.9155951859375 0.8743267031249999 0.9188326546875001 0.5195930171875001 0.8973844062499999 0.5135257375 0.8896954125000001 0.517975146875
3 0.8896954125000001 0.876753646875 0.8884813546875 0.5183796265625 0.8694611968749999 0.5191885843749999 0.869458090625 0.8786843875000001 0.8896954125000001 0.876753646875
2 0.8702705749999999 0.517975146875 0.8532738515625 0.5171661890625 0.851636146875 0.8722381515625001 0.8694611968749999 0.873113265625 0.8702705749999999 0.517975146875
2 0.8925886999999999 0.1187870140625 0.8925311859375 0.4725386625 0.9103372875 0.4725386625 0.919645015625 0.4616175625 0.918430959375 0.11861395781249999 0.8925886999999999 0.1187870140625
3 0.8917218531250001 0.4717296796875 0.8917218531250001 0.12144531249999999 0.8710829359375 0.1218498828125 0.8710829359375 0.275554278125 0.8705956625000001 0.4714339984375 0.8917218531250001 0.4717296796875
2 0.8539318031249999 0.470485259375 0.8686930828125 0.470485259375 0.8706995421875 0.41359851875000003 0.8705382390624999 0.12284342031249999 0.855776978125 0.123765534375 0.8539318031249999 0.470485259375
4 0.735795053125 0.6506351625 0.786616803125 0.6499296625000001 0.786616803125 0.56738488125 0.5231158953125 0.5622035046875 0.526861321875 0.7268303234375 0.5501546171875 0.7282413234375 0.5480370578125 0.775510503125 0.7336775140625 0.7797436249999999 0.735795053125 0.6506351625
6 0.5082446671875 0.67670794375 0.5096202062499999 0.6492107671875 0.5247510734375 0.6510439359375 0.52429255625 0.56855240625 0.4738496546875 0.5695426515625 0.4692711921875 0.56855240625 0.46835418281249996 0.6469193703125 0.49173824687499995 0.6492107671875 0.494489325 0.6762496640625 0.5082446671875 0.67670794375
6 0.574728825 0.771573225 0.5531788046874999 0.7711149203125001 0.5518032390625 0.7555332140625 0.5531788046874999 0.727119453125 0.5366723703125 0.7280360375 0.536213853125 0.694581125 0.527043634375 0.6959559890625 0.5100787109375 0.6785411140625001 0.4967818734375 0.6780828343749999 0.4885286765625 0.69137314375 0.48888659062500006 0.78951154375 0.48898719375 0.7963206734375 0.5343798093750001 0.797237259375 0.55226176875 0.7889881265625001 0.5683096578125 0.7779892140625 0.574728825 0.771573225
6 0.75606505625 0.7817459265625 0.7589476578125 0.777627925 0.763065659375 0.7730981234375001 0.7649454578125 0.767704453125 0.7695305796875 0.7516644421875001 0.77136465 0.7360827109375 0.772281659375 0.722334121875 0.772281659375 0.715459828125 0.7404166515624999 0.714210703125 0.7387694515625001 0.7302709078125 0.73753405 0.7615677187500001 0.7296400968750001 0.7686210390625 0.7337666875 0.78466105 0.7474172546875 0.786275728125 0.75606505625 0.7817459265625
6 0.6260165203125 0.7979513593750001 0.632894190625 0.8039090421875 0.6480250578125 0.8057422125 0.6622389171874999 0.8011593671874999 0.6727846875 0.7919936234375 0.6773698359375 0.794285071875 0.6874570375 0.790160453125 0.6933889203125 0.7826375156250001 0.6961687515625 0.769995903125 0.61134415625 0.7704541828125 0.6131782 0.7791616203125 0.61868033125 0.7919936234375 0.6260165203125 0.7979513593750001
6 0.8471303921875 0.7397489453125 0.8416282359375 0.73929071875 0.834750565625 0.7374575484375 0.8283314515625 0.7374575484375 0.8200782156249999 0.7434152843749999 0.8150345874999999 0.7553307296875 0.8104494656250001 0.7649547250000001 0.8104494656250001 0.7787033140624999 0.8209952234375001 0.78466105 0.832916546875 0.790160453125 0.8446175328125 0.79853370625 0.8530910281249999 0.7883273359375 0.8530910281249999 0.7631216078125 0.8526325234375 0.74753985 0.8517154890624999 0.7452484546875 0.8471303921875 0.7397489453125
6 0.8128072625 0.6517291859375 0.8112289953125 0.57649848125 0.8091246406250001 0.5596636390625 0.798076775 0.543354884375 0.787028909375 0.53230701875 0.7817680203124999 0.5396722625 0.7744027765625 0.565450615625 0.7854506421874999 0.5675549703125 0.7833462875 0.65015091875 0.73231566875 0.652255275 0.734420025 0.6906597609375 0.7433635359374999 0.6943423828124999 0.757567934375 0.6980250046875 0.7801897546875 0.6980250046875 0.798076775 0.6980250046875 0.8091246406250001 0.68908149375 0.8128072625 0.6517291859375
6 0.5850883796875 0.44565671093750003 0.6437835515625 0.4065265953125 0.6959570375 0.3739181671875 0.7416088375000001 0.3114963171875 0.7704905890625 0.246279459375 0.7835339609374999 0.217397709375 0.781670621875 0.17174590781250001 0.7965773328125 0.1419324875 0.8524774953125 0.1447274953125 0.861794190625 0.15124918125 0.861794190625 0.128889115625 0.8012356796875 0.11957242187499999 0.6931620296875 0.1251624390625 0.1658371515625 0.813666121875 0.1472037640625 0.8723612921875 0.3232892796875 0.8630445984374999 0.3447176765625 0.859317921875 0.3773261046875 0.8490695578125 0.5543432890625 0.8527962359375 0.5767033546875 0.8462745500000001 0.6121067921875001 0.8490695578125 0.6745286421875 0.85559124375 0.7294971359375 0.8565229125 0.8515458265625 0.868634615625 0.853409165625 0.8006227499999999 0.8189373984375001 0.8229828156250001 0.7602422265625 0.8295045015625 0.6428518828125 0.8397528640624999 0.5319832250000001 0.8304361703125 0.3950278234375 0.8267094921875 0.35217103125000004 0.8267094921875 0.3512393625 0.8164611296875 0.3531027 0.7549709499999999 0.36987275 0.6543506546875 0.42856792187500004 0.60217716875 0.4937847796875 0.5332336328125 0.53291489375 0.4875818328125 0.5850883796875 0.44565671093750003