5 0.6985110359375 0.34178834375 0.7679918828125001 0.2655535625 0.8312038203125001 0.19349599374999998 0.84614344375 0.1559007953125 0.8526924390625 0.1272379609375 0.143441909375 0.1277037109375 0.14396434375 0.878696140625 0.30538980625 0.8766075484375 0.5955957765625 0.46083989531249997 0.62432844375 0.4253332890625 0.6985110359375 0.34178834375
0 0.2193880921875 0.4661724125 0.18244503750000002 0.47880459843749995 0.1430714703125 0.4792904453125 0.1425854125 0.5298193 0.23483949062499998 0.529682121875 0.22910994218749997 0.5298193 0.32632853281249996 0.52884760625 0.32584243281249997 0.43847869531250006 0.22570725937499997 0.4360494046875 0.2193880921875 0.4661724125
1 0.08028075 0.5373056218750001 0.0894832984375 0.5282852390625 0.14360797812499998 0.528592609375 0.14392255468749998 0.4809898515625 0.14163736875 0.4808719984375 0.1085984296875 0.4812816390625 0.1030516515625 0.48624211875 0.09400169375 0.48332418125 0.089622671875 0.480406278125 0.081740434375 0.4795309171875 0.08028075 0.5373056218750001
7 0.1892615875 0.310990825 0.19305675 0.3077811328125 0.19801963281249998 0.3022370796875 0.2038583234375 0.29902738906250004 0.22137442031250001 0.29961096249999997 0.23246793281250003 0.30311247343750003 0.2353872875 0.305738590625 0.252319515625 0.305738590625 0.253487253125 0.2882311 0.1904293265625 0.28706395156250003 0.1828390203125 0.29494230312499997 0.1793358046875 0.3034042609375 0.1775841890625 0.31478415625 0.17729225937499998 0.4382119484375 0.20152282968750002 0.472351534375 0.211391071875 0.4674683453125 0.20239865468749998 0.45863734375 0.1962680171875 0.450467171875 0.19218094218749998 0.44083809843750005 0.18867772656249998 0.42099624531249996 0.1889696578125 0.3206199640625 0.1892615875 0.310990825
2 0.11030458750000001 0.482024853125 0.10968644218750001 0.12207399375000001 0.0916891078125 0.12081943125000001 0.0844048140625 0.125673296875 0.0811673453125 0.4804069828125 0.10261559375 0.4864742625 0.11030458750000001 0.482024853125
3 0.11030458750000001 0.12324635312500001 0.1115186453125 0.48162037343749997 0.130538803125 0.480811415625 0.13054190937500001 0.1213156125 0.11030458750000001 0.12324635312500001
2 0.129729425 0.482024853125 0.1467261484375 0.4828338109375 0.148363853125 0.1277618484375 0.130538803125 0.126886734375 0.129729425 0.482024853125
2 0.10741130000000002 0.8812129859375 0.1074688140625 0.5274613375 0.08966271249999999 0.5274613375 0.08035498437500001 0.5383824374999999 0.081569040625 0.8813860421875 0.10741130000000002 0.8812129859375
3 0.108278146875 0.5282703203125 0.108278146875 0.8785546875 0.1289170640625 0.8781501171875 0.1289170640625 0.724445721875 0.1294043375 0.5285660015625 0.108278146875 0.5282703203125
2 0.146068196875 0.529514740625 0.1313069171875 0.529514740625 0.1293004578125 0.58640148125 0.1294617609375 0.8771565796875 0.144223021875 0.8762344656250001 0.146068196875 0.529514740625
4 0.26420494687499996 0.34936483749999997 0.21338319687500001 0.3500703375 0.21338319687500001 0.43261511874999997 0.4768841046875 0.4377964953125 0.47313867812500005 0.2731696765625 0.4498453828125 0.2717586765625 0.4519629421875 0.22448949687500003 0.2663224859375 0.220256375 0.26420494687499996 0.34936483749999997
6 0.4917553328125 0.32329205625 0.49037979375 0.3507892328125 0.4752489265625 0.3489560640625 0.47570744375 0.43144759375 0.5261503453125 0.4304573484375 0.5307288078125 0.43144759375 0.5316458171875 0.3530806296875 0.508261753125 0.3507892328125 0.505510675 0.32375033593749997 0.4917553328125 0.32329205625
6 0.42527117499999995 0.22842677500000003 0.44682119531250003 0.2288850796875 0.44819676093750005 0.2444667859375 0.44682119531250003 0.272880546875 0.46332762968749996 0.2719639625 0.46378614687499997 0.305418875 0.472956365625 0.3040440109375 0.4899212890625 0.3214588859375 0.5032181265625 0.321917165625 0.5114713234375 0.30862685624999997 0.5111134093749999 0.21048845625 0.51101280625 0.2036793265625 0.465620190625 0.20276274062500002 0.44773823124999995 0.2110118734375 0.43169034218749996 0.2220107859375 0.42527117499999995 0.22842677500000003
6 0.24393494375000002 0.21825407343749997 0.2410523421875 0.222372075 0.23693434062500002 0.2269018765625 0.23505454218750002 0.232295546875 0.2304694203125 0.2483355578125 0.22863535000000001 0.2639172890625 0.227718340625 0.277665878125 0.227718340625 0.28454017187499997 0.25958334843749997 0.285789296875 0.26123054843750004 0.2697290921875 0.26246595 0.23843228125000002 0.270359903125 0.23137896093750002 0.2662333125 0.21533894999999997 0.25258274531249997 0.213724271875 0.24393494375000002 0.21825407343749997
6 0.3739834796875 0.202048640625 0.36710580937500004 0.19609095781250002 0.3519749421875 0.1942577875 0.3377610828125 0.1988406328125 0.3272153125 0.20800637656249998 0.3226301640625 0.205714928125 0.3125429625 0.209839546875 0.3066110796875 0.217362484375 0.3038312484375 0.23000409687499998 0.38865584375 0.2295458171875 0.3868218 0.22083837968750003 0.38131966875 0.20800637656249998 0.3739834796875 0.202048640625
6 0.1528696078125 0.2602510546875 0.1583717640625 0.26070928125 0.165249434375 0.2625424515625 0.17166854843749998 0.2625424515625 0.179921784375 0.25658471562499996 0.1849654125 0.24466927031250002 0.189550534375 0.235045275 0.189550534375 0.2212966859375 0.1790047765625 0.21533894999999997 0.167083453125 0.209839546875 0.15538246718749998 0.20146629374999997 0.14690897187500002 0.21167266406250002 0.14690897187500002 0.2368783921875 0.1473674765625 0.25246015 0.1482845109375 0.2547515453125 0.1528696078125 0.2602510546875
6 0.1871927375 0.3482708140625 0.18877100468750002 0.42350151875000003 0.190875359375 0.4403363609375 0.20192322499999998 0.45664511562500004 0.21297109062500003 0.46769298125000003 0.2182319796875 0.4603277375 0.22559722343750002 0.434549384375 0.2145493578125 0.4324450296875 0.2166537125 0.34984908125 0.26768433125 0.347744725 0.26557997499999997 0.3093402390625 0.25663646406249996 0.3056576171875 0.242432065625 0.3019749953125 0.2198102453125 0.3019749953125 0.20192322499999998 0.3019749953125 0.190875359375 0.31091850625 0.1871927375 0.3482708140625
6 0.41491162031249995 0.5543432890625 0.3562164484375 0.5934734046875 0.30404296249999996 0.6260818328125 0.2583911625 0.6885036828125 0.2295094109375 0.753720540625 0.2164660390625 0.7826022906250001 0.21832937812500003 0.8282540921875 0.2034226671875 0.8580675125000001 0.1475225046875 0.8552725046875 0.138205809375 0.8487508187499999 0.138205809375 0.8711108843750001 0.1987643203125 0.880427578125 0.30683797031250004 0.8748375609375 0.8341628484375001 0.186333878125 0.8527962359375 0.1276387078125 0.6767107203125 0.1369554015625 0.6552823234375 0.140682078125 0.6226738953125001 0.1509304421875 0.44565671093750003 0.1472037640625 0.4232966453125 0.15372544999999999 0.38789320781250003 0.1509304421875 0.32547135781250003 0.14440875625 0.2705028640625 0.1434770875 0.1484541734375 0.131365384375 0.146590834375 0.19937725 0.1810626015625 0.177017184375 0.2397577734375 0.1704954984375 0.3571481171875 0.1602471359375 0.468016775 0.1695638296875 0.6049721765625 0.1732905078125 0.6478289687500001 0.1732905078125 0.6487606375 0.1835388703125 0.6468973 0.24502905 0.6301272499999999 0.34564934531249997 0.571432078125 0.39782283125 0.5062152203125 0.46676636718750003 0.46708510625 0.5124181671875 0.41491162031249995 0.5543432890625