5 0.46083989531249997 0.40440422343750004 0.4253332890625 0.37567155625000004 0.34178834375 0.3014889640625 0.2655535625 0.2320081171875 0.19349599374999998 0.1687961796875 0.1559007953125 0.15385655625 0.1272379609375 0.1473075609375 0.1277037109375 0.856558090625 0.878696140625 0.8560356562500001 0.8766075484375 0.69461019375 0.46083989531249997 0.40440422343750004
0 0.43847869531250006 0.6741575671875 0.4360494046875 0.774292740625 0.4661724125 0.7806119078125 0.47880459843749995 0.8175549625 0.4792904453125 0.8569285296875 0.5298193 0.8574145874999999 0.529682121875 0.765160509375 0.5298193 0.7708900578125 0.52884760625 0.6736714671875 0.43847869531250006 0.6741575671875
1 0.480406278125 0.9103773281249999 0.4795309171875 0.9182595656249999 0.5373056218750001 0.91971925 0.5282852390625 0.9105167015625 0.528592609375 0.8563920218750001 0.4809898515625 0.8560774453125 0.4808719984375 0.85836263125 0.4812816390625 0.8914015703124999 0.48624211875 0.8969483484375 0.48332418125 0.9059983062500001 0.480406278125 0.9103773281249999
7 0.42099624531249996 0.8113222734375001 0.3206199640625 0.8110303421875 0.310990825 0.8107384124999999 0.3077811328125 0.80694325 0.3022370796875 0.8019803671875 0.29902738906250004 0.7961416765625 0.29961096249999997 0.7786255796875 0.30311247343750003 0.7675320671875 0.305738590625 0.7646127125 0.305738590625 0.747680484375 0.2882311 0.746512746875 0.28706395156250003 0.8095706734375 0.29494230312499997 0.8171609796875 0.3034042609375 0.8206641953125 0.31478415625 0.8224158109375 0.4382119484375 0.8227077406250001 0.472351534375 0.7984771703125 0.4674683453125 0.788608928125 0.45863734375 0.7976013453124999 0.450467171875 0.8037319828125 0.44083809843750005 0.8078190578125 0.42099624531249996 0.8113222734375001
2 0.4804069828125 0.9188326546875001 0.4864742625 0.8973844062499999 0.482024853125 0.8896954125000001 0.12207399375000001 0.8903135578124999 0.12081943125000001 0.9083108921875 0.125673296875 0.9155951859375 0.4804069828125 0.9188326546875001
3 0.480811415625 0.8694611968749999 0.1213156125 0.869458090625 0.12324635312500001 0.8896954125000001 0.48162037343749997 0.8884813546875 0.480811415625 0.8694611968749999
2 0.1277618484375 0.851636146875 0.126886734375 0.8694611968749999 0.482024853125 0.8702705749999999 0.4828338109375 0.8532738515625 0.1277618484375 0.851636146875
2 0.5383824374999999 0.919645015625 0.8813860421875 0.918430959375 0.8812129859375 0.8925886999999999 0.5274613375 0.8925311859375 0.5274613375 0.9103372875 0.5383824374999999 0.919645015625
3 0.724445721875 0.8710829359375 0.5285660015625 0.8705956625000001 0.5282703203125 0.8917218531250001 0.8785546875 0.8917218531250001 0.8781501171875 0.8710829359375 0.724445721875 0.8710829359375
2 0.8771565796875 0.8705382390624999 0.8762344656250001 0.855776978125 0.529514740625 0.8539318031249999 0.529514740625 0.8686930828125 0.58640148125 0.8706995421875 0.8771565796875 0.8705382390624999
4 0.22448949687500003 0.5480370578125 0.220256375 0.7336775140625 0.34936483749999997 0.735795053125 0.3500703375 0.786616803125 0.43261511874999997 0.786616803125 0.4377964953125 0.5231158953125 0.2731696765625 0.526861321875 0.2717586765625 0.5501546171875 0.22448949687500003 0.5480370578125
6 0.3507892328125 0.49173824687499995 0.32375033593749997 0.494489325 0.32329205625 0.5082446671875 0.3507892328125 0.5096202062499999 0.3489560640625 0.5247510734375 0.43144759375 0.52429255625 0.4304573484375 0.4738496546875 0.43144759375 0.4692711921875 0.3530806296875 0.46835418281249996 0.3507892328125 0.49173824687499995
6 0.2110118734375 0.55226176875 0.2220107859375 0.5683096578125 0.22842677500000003 0.574728825 0.2288850796875 0.5531788046874999 0.2444667859375 0.5518032390625 0.272880546875 0.5531788046874999 0.2719639625 0.5366723703125 0.305418875 0.536213853125 0.3040440109375 0.527043634375 0.3214588859375 0.5100787109375 0.321917165625 0.4967818734375 0.30862685624999997 0.4885286765625 0.21048845625 0.48888659062500006 0.2036793265625 0.48898719375 0.20276274062500002 0.5343798093750001 0.2110118734375 0.55226176875
6 0.21533894999999997 0.7337666875 0.213724271875 0.7474172546875 0.21825407343749997 0.75606505625 0.222372075 0.7589476578125 0.2269018765625 0.763065659375 0.232295546875 0.7649454578125 0.2483355578125 0.7695305796875 0.2639172890625 0.77136465 0.277665878125 0.772281659375 0.28454017187499997 0.772281659375 0.285789296875 0.7404166515624999 0.2697290921875 0.7387694515625001 0.23843228125000002 0.73753405 0.23137896093750002 0.7296400968750001 0.21533894999999997 0.7337666875
6 0.22083837968750003 0.6131782 0.20800637656249998 0.61868033125 0.202048640625 0.6260165203125 0.19609095781250002 0.632894190625 0.1942577875 0.6480250578125 0.1988406328125 0.6622389171874999 0.20800637656249998 0.6727846875 0.205714928125 0.6773698359375 0.209839546875 0.6874570375 0.217362484375 0.6933889203125 0.23000409687499998 0.6961687515625 0.2295458171875 0.61134415625 0.22083837968750003 0.6131782
6 0.25246015 0.8526325234375 0.2547515453125 0.8517154890624999 0.2602510546875 0.8471303921875 0.26070928125 0.8416282359375 0.2625424515625 0.834750565625 0.2625424515625 0.8283314515625 0.25658471562499996 0.8200782156249999 0.24466927031250002 0.8150345874999999 0.235045275 0.8104494656250001 0.2212966859375 0.8104494656250001 0.21533894999999997 0.8209952234375001 0.209839546875 0.832916546875 0.20146629374999997 0.8446175328125 0.21167266406250002 0.8530910281249999 0.2368783921875 0.8530910281249999 0.25246015 0.8526325234375
6 0.3019749953125 0.798076775 0.31091850625 0.8091246406250001 0.3482708140625 0.8128072625 0.42350151875000003 0.8112289953125 0.4403363609375 0.8091246406250001 0.45664511562500004 0.798076775 0.46769298125000003 0.787028909375 0.4603277375 0.7817680203124999 0.434549384375 0.7744027765625 0.4324450296875 0.7854506421874999 0.34984908125 0.7833462875 0.347744725 0.73231566875 0.3093402390625 0.734420025 0.3056576171875 0.7433635359374999 0.3019749953125 0.757567934375 0.3019749953125 0.7801897546875 0.3019749953125 0.798076775
6 0.46676636718750003 0.4937847796875 0.5124181671875 0.53291489375 0.5543432890625 0.5850883796875 0.5934734046875 0.6437835515625 0.6260818328125 0.6959570375 0.6885036828125 0.7416088375000001 0.753720540625 0.7704905890625 0.7826022906250001 0.7835339609374999 0.8282540921875 0.781670621875 0.8580675125000001 0.7965773328125 0.8552725046875 0.8524774953125 0.8487508187499999 0.861794190625 0.8711108843750001 0.861794190625 0.880427578125 0.8012356796875 0.8748375609375 0.6931620296875 0.186333878125 0.1658371515625 0.1276387078125 0.1472037640625 0.1369554015625 0.3232892796875 0.140682078125 0.3447176765625 0.1509304421875 0.3773261046875 0.1472037640625 0.5543432890625 0.15372544999999999 0.5767033546875 0.1509304421875 0.6121067921875001 0.14440875625 0.6745286421875 0.1434770875 0.7294971359375 0.131365384375 0.8515458265625 0.19937725 0.853409165625 0.177017184375 0.8189373984375001 0.1704954984375 0.7602422265625 0.1602471359375 0.6428518828125 0.1695638296875 0.5319832250000001 0.1732905078125 0.3950278234375 0.1732905078125 0.35217103125000004 0.1835388703125 0.3512393625 0.24502905 0.3531027 0.34564934531249997 0.36987275 0.39782283125 0.42856792187500004 0.46676636718750003 0.4937847796875