5 0.62671909375 0.40906605156250003 0.500251328125 0.37558005625 0.40289441249999997 0.2298652515625 0.2244963484375 0.2265673171875 0.2270089140625 0.7723892234374999 0.7728155812499999 0.7749006359374999 0.7694654828124999 0.41492610937499996 0.62671909375 0.40906605156250003
0 0.2253974265625 0.7553897453125 0.40611989218750005 0.7568622421875 0.40611989218750005 0.6645801203125 0.3160704015625 0.6623474890625001 0.3116051375 0.686906440625 0.28927881875 0.701790653125 0.225117575 0.70895549375 0.2253974265625 0.7553897453125
1 0.17166565625000002 0.7562289437499999 0.2248377125 0.7562289437499999 0.22427801875000003 0.7092352265625 0.17512823125000002 0.7086055421874999 0.1695311734375 0.7139203140625 0.16029605156249999 0.7074866484375 0.159072271875 0.7646206640625001 0.1639341171875 0.7595153671875 0.17166565625000002 0.7562289437499999
2 0.20626319531249998 0.756594525 0.20626319531249998 0.774514078125 0.2265528890625 0.7730108734375001 0.2265528890625 0.7581788375 0.20626319531249998 0.756594525
4 0.306600821875 0.6248337640625 0.30860805 0.6622849765625001 0.5250102640625001 0.6663860921875 0.5226761625 0.57769021875 0.541348978125 0.57769021875 0.542516028125 0.5368434359375 0.5366807734375 0.4866602453125 0.5250102640625001 0.48782729687500004 0.5238432125 0.43997820781249997 0.3604560796875 0.43997820781249997 0.3604560796875 0.49716370468750004 0.33127980625000003 0.495996653125 0.3324468578125 0.5683538125 0.30793878750000003 0.5683538125 0.306600821875 0.6248337640625
3 0.1880574421875 0.7563687156250001 0.187779503125 0.774288278125 0.20654114843750002 0.774288278125 0.20695806874999997 0.756507640625 0.1880574421875 0.7563687156250001
3 0.18505630625 0.708646690625 0.2108252765625 0.7102572515625 0.206798875 0.2286996140625 0.1906932671875 0.2286996140625 0.18505630625 0.708646690625
6 0.5222458624999999 0.6668459640625 0.40620938124999995 0.6644111421875001 0.40587484218750003 0.7199191703125 0.50351165 0.7216852015625 0.5078468421875 0.7082588703125 0.566211159375 0.6735557640625001 0.5630596437500001 0.5655271984375 0.5399764499999999 0.565192803125 0.5393073625 0.5785682171875 0.5225804125 0.5789026125000001 0.5222458624999999 0.6668459640625
2 0.1893178203125 0.23023858593750002 0.162658615625 0.2290268046875 0.16113557812499998 0.707206915625 0.170090896875 0.71364058125 0.17400884375 0.7083258078125 0.18548282031250002 0.7083258078125 0.1893178203125 0.23023858593750002
2 0.168111634375 0.7567578796875 0.1608409421875 0.7640285718750001 0.16054037031249999 0.77442719375 0.187918471875 0.77442719375 0.18847438125 0.7563687156250001 0.168111634375 0.7567578796875
6 0.32232415937500003 0.437243509375 0.3173060796875 0.45128771562500003 0.311284375 0.46901013437500005 0.30693534843750003 0.48706695 0.3079389859375 0.5004423625000001 0.30961167500000003 0.5034518328125 0.31830969374999996 0.502448690625 0.331356715625 0.5034518328125 0.33670934531249996 0.49910482656250005 0.3413928984375 0.49107960625 0.35142906875 0.48171677968750004 0.3490872921875 0.46232242812499996 0.356781696875 0.45830979374999997 0.3607961625 0.4482782453125 0.3620537515625 0.43897722968749997 0.35979255 0.430555803125 0.3534363078125 0.42219616406249993 0.34473828906250004 0.4191867171875 0.3363748078125 0.42186179218750003 0.3290149515625 0.4272119609375 0.32232415937500003 0.437243509375
6 0.2962301140625 0.5201711109375 0.28920478437499997 0.5231805796875 0.28585939374999997 0.5305370546875 0.2838521671875 0.54257493125 0.2835176171875 0.55829106875 0.2828485421875 0.5847075234375 0.2835176171875 0.6198179671874999 0.2841867046875 0.6586067171875001 0.288535696875 0.675994740625 0.2928847234375 0.6990673984375 0.3116189125 0.6873638718749999 0.31797515625 0.662953721875 0.3109498375 0.664291259375 0.30860805 0.6174772890625 0.3092771359375 0.5679882453125 0.3353711828125 0.568322640625 0.336101271875 0.5262377453125 0.32566955000000003 0.5265244453125 0.3156333796875 0.5251869078125 0.3106152875 0.52418374375 0.3089425984375 0.521508646875 0.30158273125 0.5201711109375 0.2962301140625 0.5201711109375
7 0.2838521671875 0.5121458671875 0.27448506093749997 0.52184304375 0.27147419687499996 0.53655599375 0.27147419687499996 0.57066331875 0.27080513281249996 0.671647734375 0.2922156359375 0.7004048890625 0.28452123125 0.6676351234375 0.28585939374999997 0.6479063765624999 0.28318306875 0.617811684375 0.2838521671875 0.5847075234375 0.28318306875 0.5412373953125 0.2871975578125 0.5265244453125 0.29522647812499997 0.519502365625 0.3032554328125 0.5198367375 0.31028073906250003 0.521508646875 0.3119534390625 0.5248525125 0.3383820453125 0.5265244453125 0.3368535171875 0.5036703703125001 0.32700770156250003 0.502448690625 0.31663699218749997 0.5014455265625 0.3109498375 0.5027830875 0.304593584375 0.5061269515625 0.2932192609375 0.508802003125 0.2838521671875 0.5121458671875
6 0.4033287109375 0.4133844171875 0.3940984375 0.4133844171875 0.3848681625 0.4206367765625 0.382890246875 0.431844965625 0.3598145625 0.431844965625 0.3598145625 0.439097325 0.4705778515625 0.439097325 0.46794062968750005 0.4206367765625 0.46134757656250003 0.41404372343749996 0.4402498078125 0.406791365625 0.4290416171875 0.402176228125 0.417174121875 0.40415414375000003 0.4033287109375 0.4133844171875
2 0.515377128125 0.31173038750000004 0.4577463 0.2593387265625 0.42107213593750004 0.2200449796875 0.4053546375 0.19210275937500002 0.356455753125 0.146696653125 0.3136692296875 0.11613484999999998 0.2953321484375 0.10652971250000001 0.24381368124999997 0.10391012968749999 0.2158714609375 0.09779776875 0.20888590625 0.09779776875 0.20713951718749998 0.7081606296875 0.22722298749999997 0.705541046875 0.22198382187500001 0.22877692343749997 0.4027350546875 0.226157340625 0.49704004687500003 0.37285399375 0.5328410156250001 0.3842055203125 0.5328410156250001 0.3545169125 0.515377128125 0.31173038750000004