5 0.7749006359374999 0.22718441875 0.41492610937499996 0.2305345171875 0.40906605156250003 0.37328090625 0.37558005625 0.49974867187500005 0.2298652515625 0.5971055875 0.2265673171875 0.7755036515625 0.7723892234374999 0.7729910859375 0.7749006359374999 0.22718441875
0 0.701790653125 0.7107211812500001 0.70895549375 0.774882425 0.7553897453125 0.7746025734375 0.7568622421875 0.5938801078125 0.6645801203125 0.5938801078125 0.6623474890625001 0.6839295984375 0.686906440625 0.6883948625 0.701790653125 0.7107211812500001
1 0.7646206640625001 0.840927728125 0.7595153671875 0.8360658828125 0.7562289437499999 0.8283343437499999 0.7562289437499999 0.7751622874999999 0.7092352265625 0.77572198125 0.7086055421874999 0.8248717687499999 0.7139203140625 0.8304688265625 0.7074866484375 0.8397039484375 0.7646206640625001 0.840927728125
2 0.7730108734375001 0.7734471109375 0.7581788375 0.7734471109375 0.756594525 0.7937368046875 0.774514078125 0.7937368046875 0.7730108734375001 0.7734471109375
4 0.5683538125 0.6675531421875001 0.5683538125 0.6920612125 0.6248337640625 0.693399178125 0.6622849765625001 0.6913919500000001 0.6663860921875 0.4749897359375 0.57769021875 0.4773238375 0.57769021875 0.458651021875 0.5368434359375 0.457483971875 0.4866602453125 0.4633192265625 0.48782729687500004 0.4749897359375 0.43997820781249997 0.4761567875 0.43997820781249997 0.6395439203125 0.49716370468750004 0.6395439203125 0.495996653125 0.66872019375 0.5683538125 0.6675531421875001
3 0.774288278125 0.7934588515625001 0.756507640625 0.79304193125 0.7563687156250001 0.8119425578125 0.774288278125 0.812220496875 0.774288278125 0.7934588515625001
3 0.2286996140625 0.7932011250000001 0.2286996140625 0.8093067328125001 0.708646690625 0.8149436937500001 0.7102572515625 0.7891747234375 0.2286996140625 0.7932011250000001
6 0.5785682171875 0.46069263749999995 0.5789026125000001 0.4774195875 0.6668459640625 0.4777541375 0.6644111421875001 0.59379061875 0.7199191703125 0.5941251578125 0.7216852015625 0.49648835 0.7082588703125 0.4921531578125 0.6735557640625001 0.433788840625 0.5655271984375 0.43694035624999994 0.565192803125 0.46002355 0.5785682171875 0.46069263749999995
2 0.7083258078125 0.82599115625 0.7083258078125 0.8145171796874999 0.23023858593750002 0.8106821796875 0.2290268046875 0.837341384375 0.707206915625 0.8388644218750001 0.71364058125 0.8299091031250001 0.7083258078125 0.82599115625
2 0.77442719375 0.812081528125 0.7563687156250001 0.81152561875 0.7567578796875 0.831888365625 0.7640285718750001 0.8391590578124999 0.77442719375 0.8394596296874999 0.77442719375 0.812081528125
6 0.42186179218750003 0.6636251921875 0.4272119609375 0.6709850484375 0.437243509375 0.677675840625 0.45128771562500003 0.6826939203125 0.46901013437500005 0.688715625 0.48706695 0.6930646515625 0.5004423625000001 0.6920610140625 0.5034518328125 0.690388325 0.502448690625 0.6816903062499999 0.5034518328125 0.668643284375 0.49910482656250005 0.6632906546874999 0.49107960625 0.6586071015625 0.48171677968750004 0.64857093125 0.46232242812499996 0.6509127078125 0.45830979374999997 0.6432183031250001 0.4482782453125 0.6392038375 0.43897722968749997 0.6379462484375 0.430555803125 0.64020745 0.42219616406249993 0.6465636921875 0.4191867171875 0.6552617109375001 0.42186179218750003 0.6636251921875
6 0.521508646875 0.6910574015625001 0.5201711109375 0.69841726875 0.5201711109375 0.7037698859375 0.5231805796875 0.7107952156249999 0.5305370546875 0.71414060625 0.54257493125 0.7161478328124999 0.55829106875 0.7164823828125 0.5847075234375 0.7171514578125 0.6198179671874999 0.7164823828125 0.6586067171875001 0.7158132953125 0.675994740625 0.711464303125 0.6990673984375 0.7071152765625001 0.6873638718749999 0.6883810875 0.662953721875 0.68202484375 0.664291259375 0.6890501625 0.6174772890625 0.6913919500000001 0.5679882453125 0.6907228640625 0.568322640625 0.6646288171875 0.5262377453125 0.6638987281250001 0.5265244453125 0.67433045 0.5251869078125 0.6843666203125001 0.52418374375 0.6893847125 0.521508646875 0.6910574015625001
7 0.5061269515625 0.695406415625 0.508802003125 0.7067807390625 0.5121458671875 0.7161478328124999 0.52184304375 0.7255149390625 0.53655599375 0.7285258031249999 0.57066331875 0.7285258031249999 0.671647734375 0.7291948671874999 0.7004048890625 0.7077843640625 0.6676351234375 0.7154787687499999 0.6479063765624999 0.71414060625 0.617811684375 0.71681693125 0.5847075234375 0.7161478328124999 0.5412373953125 0.71681693125 0.5265244453125 0.7128024421875 0.519502365625 0.704773521875 0.5198367375 0.6967445671875 0.521508646875 0.6897192609375 0.5248525125 0.6880465609375 0.5265244453125 0.6616179546875001 0.5036703703125001 0.6631464828125 0.502448690625 0.6729922984375001 0.5014455265625 0.6833630078125 0.5027830875 0.6890501625 0.5061269515625 0.695406415625
6 0.402176228125 0.5709583828125 0.40415414375000003 0.582825878125 0.4133844171875 0.5966712890625 0.4133844171875 0.6059015624999999 0.4206367765625 0.6151318375 0.431844965625 0.617109753125 0.431844965625 0.6401854375 0.439097325 0.6401854375 0.439097325 0.5294221484375 0.4206367765625 0.5320593703125 0.41404372343749996 0.5386524234375 0.406791365625 0.5597501921875 0.402176228125 0.5709583828125
2 0.3842055203125 0.467158984375 0.3545169125 0.467158984375 0.31173038750000004 0.48462287187499997 0.2593387265625 0.5422537000000001 0.2200449796875 0.5789278640625 0.19210275937500002 0.5946453625 0.146696653125 0.643544246875 0.11613484999999998 0.6863307703125 0.10652971250000001 0.7046678515625 0.10391012968749999 0.75618631875 0.09779776875 0.7841285390625 0.09779776875 0.79111409375 0.7081606296875 0.7928604828125 0.705541046875 0.7727770125 0.22877692343749997 0.778016178125 0.226157340625 0.5972649453125001 0.37285399375 0.502959953125 0.3842055203125 0.467158984375