5 0.5909339484375 0.62671909375 0.62441994375 0.500251328125 0.7701347484375 0.40289441249999997 0.7734326828125 0.2244963484375 0.2276107765625 0.2270089140625 0.2250993640625 0.7728155812499999 0.585073890625 0.7694654828124999 0.5909339484375 0.62671909375
0 0.24461025468750003 0.2253974265625 0.24313775781250002 0.40611989218750005 0.3354198796875 0.40611989218750005 0.33765251093750004 0.3160704015625 0.313093559375 0.3116051375 0.298209346875 0.28927881875 0.29104450625 0.225117575 0.24461025468750003 0.2253974265625
1 0.24377105625 0.17166565625000002 0.24377105625 0.2248377125 0.29076477343749996 0.22427801875000003 0.2913944578125 0.17512823125000002 0.2860796859375 0.1695311734375 0.29251335156249997 0.16029605156249999 0.2353793359375 0.159072271875 0.24048463281250002 0.1639341171875 0.24377105625 0.17166565625000002
2 0.243405475 0.20626319531249998 0.225485921875 0.20626319531249998 0.2269891265625 0.2265528890625 0.24182116250000002 0.2265528890625 0.243405475 0.20626319531249998
4 0.3751662359375 0.306600821875 0.33771502343750004 0.30860805 0.3336139078125 0.5250102640625001 0.42230978124999996 0.5226761625 0.42230978124999996 0.541348978125 0.46315656406250005 0.542516028125 0.5133397546875 0.5366807734375 0.512172703125 0.5250102640625001 0.5600217921875 0.5238432125 0.5600217921875 0.3604560796875 0.5028362953125 0.3604560796875 0.504003346875 0.33127980625000003 0.4316461875 0.3324468578125 0.4316461875 0.30793878750000003 0.3751662359375 0.306600821875
3 0.243631284375 0.1880574421875 0.225711721875 0.187779503125 0.225711721875 0.20654114843750002 0.24349235937499997 0.20695806874999997 0.243631284375 0.1880574421875
3 0.291353309375 0.18505630625 0.28974274843750003 0.2108252765625 0.7713003859375 0.206798875 0.7713003859375 0.1906932671875 0.291353309375 0.18505630625
6 0.3331540359375 0.5222458624999999 0.33558885781250003 0.40620938124999995 0.28008082968750003 0.40587484218750003 0.2783147984375 0.50351165 0.2917411296875 0.5078468421875 0.3264442359375 0.566211159375 0.4344728015625 0.5630596437500001 0.434807196875 0.5399764499999999 0.4214317828125 0.5393073625 0.4210973875 0.5225804125 0.3331540359375 0.5222458624999999
2 0.7697614140625 0.1893178203125 0.7709731953125 0.162658615625 0.292793084375 0.16113557812499998 0.28635941875 0.170090896875 0.2916741921875 0.17400884375 0.2916741921875 0.18548282031250002 0.7697614140625 0.1893178203125
2 0.2432421203125 0.168111634375 0.235971428125 0.1608409421875 0.22557280624999998 0.16054037031249999 0.22557280624999998 0.187918471875 0.243631284375 0.18847438125 0.2432421203125 0.168111634375
6 0.562756490625 0.32232415937500003 0.548712284375 0.3173060796875 0.530989865625 0.311284375 0.51293305 0.30693534843750003 0.4995576375 0.3079389859375 0.49654816718749994 0.30961167500000003 0.49755130937500003 0.31830969374999996 0.49654816718749994 0.331356715625 0.5008951734375 0.33670934531249996 0.50892039375 0.3413928984375 0.5182832203125 0.35142906875 0.537677571875 0.3490872921875 0.54169020625 0.356781696875 0.5517217546875 0.3607961625 0.5610227703125 0.3620537515625 0.5694441968749999 0.35979255 0.5778038359375001 0.3534363078125 0.5808132828125 0.34473828906250004 0.5781382078124999 0.3363748078125 0.5727880390625 0.3290149515625 0.562756490625 0.32232415937500003
6 0.4798288890625 0.2962301140625 0.47681942031249996 0.28920478437499997 0.4694629453125 0.28585939374999997 0.45742506875 0.2838521671875 0.44170893125 0.2835176171875 0.4152924765625 0.2828485421875 0.38018203281249996 0.2835176171875 0.34139328281250003 0.2841867046875 0.324005259375 0.288535696875 0.3009326015625 0.2928847234375 0.31263612812499997 0.3116189125 0.337046278125 0.31797515625 0.335708740625 0.3109498375 0.3825227109375 0.30860805 0.4320117546875 0.3092771359375 0.43167735937499996 0.3353711828125 0.47376225468750005 0.336101271875 0.4734755546875 0.32566955000000003 0.4748130921875 0.3156333796875 0.47581625625 0.3106152875 0.478491353125 0.3089425984375 0.4798288890625 0.30158273125 0.4798288890625 0.2962301140625
7 0.4878541328125 0.2838521671875 0.47815695625 0.27448506093749997 0.46344400625000004 0.27147419687499996 0.42933668125 0.27147419687499996 0.32835226562500003 0.27080513281249996 0.2995951109375 0.2922156359375 0.33236487656249997 0.28452123125 0.3520936234375 0.28585939374999997 0.382188315625 0.28318306875 0.4152924765625 0.2838521671875 0.4587626046875 0.28318306875 0.4734755546875 0.2871975578125 0.480497634375 0.29522647812499997 0.48016326249999997 0.3032554328125 0.478491353125 0.31028073906250003 0.4751474875 0.3119534390625 0.4734755546875 0.3383820453125 0.4963296296875 0.3368535171875 0.49755130937500003 0.32700770156250003 0.4985544734375 0.31663699218749997 0.4972169125 0.3109498375 0.4938730484375 0.304593584375 0.491197996875 0.2932192609375 0.4878541328125 0.2838521671875
6 0.5866155828124999 0.4033287109375 0.5866155828124999 0.3940984375 0.5793632234375 0.3848681625 0.5681550343749999 0.382890246875 0.5681550343749999 0.3598145625 0.560902675 0.3598145625 0.560902675 0.4705778515625 0.5793632234375 0.46794062968750005 0.5859562765625 0.46134757656250003 0.593208634375 0.4402498078125 0.597823771875 0.4290416171875 0.59584585625 0.417174121875 0.5866155828124999 0.4033287109375
2 0.6882696125 0.515377128125 0.7406612734375 0.4577463 0.7799550203125001 0.42107213593750004 0.8078972406249999 0.4053546375 0.853303346875 0.356455753125 0.8838651499999999 0.3136692296875 0.8934702874999999 0.2953321484375 0.8960898703125 0.24381368124999997 0.9022022312500001 0.2158714609375 0.9022022312500001 0.20888590625 0.2918393703125 0.20713951718749998 0.29445895312500003 0.22722298749999997 0.7712230765625 0.22198382187500001 0.773842659375 0.4027350546875 0.62714600625 0.49704004687500003 0.6157944796875 0.5328410156250001 0.6454830874999999 0.5328410156250001 0.6882696125 0.515377128125