5 0.7116667828125001 0.7788019953124999 0.710768346875 0.2186481546875 0.292642203125 0.220632684375 0.29346189843750004 0.7828467671875 0.7116667828125001 0.7788019953124999
0 0.6427251218750001 0.329960890625 0.6262449906249999 0.3514567140625 0.6111979140625 0.357188934375 0.607797053125 0.45241573125 0.66454420625 0.45241573125 0.6716375593749999 0.4612868265625 0.6834599031249999 0.46365245 0.6940999640625 0.45359855937500004 0.6940999640625 0.315209446875 0.6919002890625 0.21868985625 0.6420818015624999 0.2188102234375 0.6408995203125001 0.2637570984375 0.648099078125 0.28983535312500003 0.65275650625 0.309898121875 0.6427251218750001 0.329960890625
1 0.6378173484375 0.191832915625 0.643641365625 0.1947215296875 0.6445397500000001 0.2207879046875 0.692604146875 0.22033849062500002 0.692604146875 0.2028111 0.6985102484375 0.1902072125 0.6378173484375 0.191832915625
2 0.63884365 0.19164293125 0.5948220921875 0.1920923578125 0.4034630453125 0.192991184375 0.2922210953125 0.1915762109375 0.29026472187499996 0.2181587203125 0.4600622078125 0.2199564 0.6433356296875 0.21725988125 0.6442340140625 0.199283075 0.63884365 0.19164293125
7 0.44113543125000004 0.3464122046875 0.4385148 0.355755878125 0.43744000781250003 0.36865337343750004 0.46269704375 0.3684337953125 0.4635954296875 0.35540060156250003 0.460001809375 0.3437156734375 0.4577558203125 0.3306824796875 0.4671890484375 0.3216940828125 0.5013282125 0.322143496875 0.5354673765625 0.3203458296875 0.607339296875 0.32304235000000003 0.6348433203125 0.34178359375 0.642366859375 0.33318526406250004 0.6072570140625 0.308106803125 0.48336019375 0.306413784375 0.46134941406249996 0.30731263593749997 0.4456274359375 0.316750459375 0.44113543125000004 0.3342778890625 0.44113543125000004 0.3464122046875
4 0.42286341875 0.3946907515625 0.3725530578125 0.3937918921875 0.3716546734375 0.40862275937500003 0.31415709999999997 0.4090721859375 0.3128094953125 0.5358086875 0.3725530578125 0.5398534859375 0.3712054796875 0.5672681140625 0.609281240625 0.5668187 0.6070352765625 0.3267870734375 0.558072546875 0.3211172703125 0.5145001296875 0.32561146875 0.5158477593749999 0.3665087171875 0.42466018906249997 0.3656098765625 0.42286341875 0.3946907515625
6 0.5291003265625001 0.6129606546875 0.5573998812500001 0.614758334375 0.5883946953125 0.614308921875 0.6063627140625 0.6071182046875 0.6184910218749999 0.599028634375 0.6270258375 0.5828494953125001 0.6301702390624999 0.56082790625 0.49585954687499995 0.5630749984375 0.49675793281249997 0.5774564578125 0.4931643390625 0.59273674375 0.49765631875 0.6125112421875001 0.5291003265625001 0.6129606546875
6 0.4064932296875 0.7237542265625 0.31285540156249997 0.7116449859375 0.30991532187500004 0.7345403140625 0.322942090625 0.7646514734375 0.3642684671875 0.7695950984375 0.4064932296875 0.7552136390624999 0.4064932296875 0.7237542265625
6 0.4245425140625 0.393731834375 0.42454315156250005 0.3803665359375 0.42589073125 0.369580459375 0.4384683328125 0.364187409375 0.4366715359375 0.3525025 0.3692915953125 0.38081596093750003 0.32254089375 0.4025514796875 0.3216764171875 0.41047769531249995 0.33829680624999997 0.41092713437499995 0.3743855921875 0.41128675625 0.3733108015625 0.3955231515625 0.4245425140625 0.393731834375
2 0.6901051703125 0.21855483437499998 0.7121159765625 0.2203525140625 0.71164498125 0.19578729374999998 0.710319153125 0.19024138125 0.6986399875 0.19024138125 0.6932496234375 0.1938367265625 0.6919019937499999 0.2001286171875 0.6901051703125 0.21855483437499998
6 0.45750277656250005 0.341067065625 0.4585775671875 0.3475158125 0.4646680515625 0.35754719687500003 0.467175896875 0.36865337343750004 0.51375018125 0.365429 0.51375018125 0.3278113078125 0.543844334375 0.322795615625 0.47254985312500003 0.32136256093750004 0.465026315625 0.32351214375000004 0.4585775671875 0.33103568125 0.45750277656250005 0.341067065625