5 0.7788019953124999 0.2883332171875 0.2186481546875 0.289231653125 0.220632684375 0.707357796875 0.7828467671875 0.7065381015625001 0.7788019953124999 0.2883332171875
0 0.329960890625 0.35727487812500003 0.3514567140625 0.373755009375 0.357188934375 0.3888020859375 0.45241573125 0.392202946875 0.45241573125 0.33545579375 0.4612868265625 0.328362440625 0.46365245 0.316540096875 0.45359855937500004 0.30590003593750004 0.315209446875 0.30590003593750004 0.21868985625 0.3080997109375 0.2188102234375 0.3579181984375 0.2637570984375 0.35910047968750003 0.28983535312500003 0.351900921875 0.309898121875 0.34724349375 0.329960890625 0.35727487812500003
1 0.191832915625 0.3621826515625 0.1947215296875 0.356358634375 0.2207879046875 0.35546025000000003 0.22033849062500002 0.307395853125 0.2028111 0.307395853125 0.1902072125 0.3014897515625 0.191832915625 0.3621826515625
2 0.19164293125 0.36115635 0.1920923578125 0.40517790781249996 0.192991184375 0.5965369546875 0.1915762109375 0.7077789046875 0.2181587203125 0.7097352781249999 0.2199564 0.5399377921874999 0.21725988125 0.3566643703125 0.199283075 0.35576598593750003 0.19164293125 0.36115635
7 0.3464122046875 0.55886456875 0.355755878125 0.5614852 0.36865337343750004 0.5625599921875 0.3684337953125 0.53730295625 0.35540060156250003 0.5364045703125 0.3437156734375 0.539998190625 0.3306824796875 0.5422441796874999 0.3216940828125 0.5328109515625 0.322143496875 0.4986717875 0.3203458296875 0.4645326234375 0.32304235000000003 0.392660703125 0.34178359375 0.3651566796875 0.33318526406250004 0.357633140625 0.308106803125 0.3927429859375 0.306413784375 0.5166398062499999 0.30731263593749997 0.5386505859375 0.316750459375 0.5543725640625 0.3342778890625 0.55886456875 0.3464122046875 0.55886456875
4 0.3946907515625 0.57713658125 0.3937918921875 0.6274469421875 0.40862275937500003 0.6283453265625 0.4090721859375 0.6858429 0.5358086875 0.6871905046875 0.5398534859375 0.6274469421875 0.5672681140625 0.6287945203125 0.5668187 0.390718759375 0.3267870734375 0.3929647234375 0.3211172703125 0.44192745312500004 0.32561146875 0.4854998703125 0.3665087171875 0.484152240625 0.3656098765625 0.5753398109375001 0.3946907515625 0.57713658125
6 0.6129606546875 0.4708996734375 0.614758334375 0.44260011875 0.614308921875 0.4116053046875 0.6071182046875 0.3936372859375 0.599028634375 0.381508978125 0.5828494953125001 0.3729741625 0.56082790625 0.3698297609375 0.5630749984375 0.504140453125 0.5774564578125 0.5032420671875 0.59273674375 0.5068356609375 0.6125112421875001 0.50234368125 0.6129606546875 0.4708996734375
6 0.7237542265625 0.5935067703125 0.7116449859375 0.6871445984375 0.7345403140625 0.6900846781250001 0.7646514734375 0.677057909375 0.7695950984375 0.6357315328124999 0.7552136390624999 0.5935067703125 0.7237542265625 0.5935067703125
6 0.393731834375 0.5754574859375 0.3803665359375 0.5754568484375 0.369580459375 0.57410926875 0.364187409375 0.5615316671875 0.3525025 0.5633284640625 0.38081596093750003 0.6307084046875 0.4025514796875 0.6774591062499999 0.41047769531249995 0.6783235828125 0.41092713437499995 0.66170319375 0.41128675625 0.6256144078125 0.3955231515625 0.6266891984375 0.393731834375 0.5754574859375
2 0.21855483437499998 0.30989482968750004 0.2203525140625 0.2878840234375 0.19578729374999998 0.28835501875 0.19024138125 0.289680846875 0.19024138125 0.3013600125 0.1938367265625 0.30675037656250004 0.2001286171875 0.30809800625 0.21855483437499998 0.30989482968750004
6 0.341067065625 0.5424972234375 0.3475158125 0.5414224328125 0.35754719687500003 0.5353319484375 0.36865337343750004 0.5328241031250001 0.365429 0.48624981875 0.3278113078125 0.48624981875 0.322795615625 0.456155665625 0.32136256093750004 0.5274501468749999 0.32351214375000004 0.5349736843749999 0.33103568125 0.5414224328125 0.341067065625 0.5424972234375