5 0.723813290625 0.3060644265625 0.1787271203125 0.30679315156250003 0.1801845703125 0.696660934375 0.8214624171875 0.695203484375 0.726728190625 0.5589319421875001 0.723813290625 0.3060644265625
4 0.276730078125 0.49309605312500004 0.282344075 0.5417506921874999 0.2786014109375 0.591340996875 0.4950277515625 0.5881696828125 0.49719811875 0.532463575 0.5145610625 0.5295697500000001 0.518131940625 0.499645715625 0.5331025984375 0.49871005 0.534817828125 0.48182165781249997 0.540587928125 0.44911974531250004 0.5331025984375 0.3995294390625 0.5106466109375 0.40046510625 0.5134536093750001 0.35087480000000004 0.3469050375 0.3536817984375 0.3469050375 0.401400771875 0.3076070609375 0.3985937734375 0.310414059375 0.49403171874999996 0.276730078125 0.49309605312500004
0 0.1771001921875 0.6317787874999999 0.17741766875 0.6806702109375 0.4153439484375 0.6811846296875 0.4153439484375 0.637308003125 0.38572722656249997 0.6362110875 0.38572722656249997 0.5923344609375001 0.28042332187499996 0.5923344609375001 0.27055108125 0.6076912796875 0.2562911765625 0.6230481 0.25265966562500003 0.62828654375 0.1771001921875 0.6317787874999999
7 0.23106211718749997 0.5835591359375 0.2387405265625 0.6098851109375001 0.25300042968750003 0.624145015625 0.2595819234375 0.6186604359375 0.2442251046875 0.5989159546875 0.2442251046875 0.44534776093749995 0.26616341875 0.43437860468749995 0.273841828125 0.4398631828125 0.3078462140625 0.4442508453125 0.3078462140625 0.414634121875 0.2815202375 0.41573103749999996 0.27493874375 0.4223125328125 0.2519035140625 0.4267001953125 0.2299652015625 0.4376693515625 0.23106211718749997 0.5835591359375
2 0.1586656828125 0.632920340625 0.1751194171875 0.632920340625 0.17402250156250001 0.3071363875 0.15976259843750001 0.3071363875 0.1586656828125 0.632920340625
2 0.15930635937499998 0.6967607828125 0.1801889734375 0.6967607828125 0.17984375 0.6803125 0.1593031265625 0.6806895546875 0.15930635937499998 0.6967607828125
1 0.10987779687499999 0.633436884375 0.11057721093749999 0.68076396875 0.1771001921875 0.6816226421875 0.1771001921875 0.6317787874999999 0.10987779687499999 0.633436884375
3 0.13797465625 0.6801445078125 0.13797465625 0.6983325921875 0.15930635937499998 0.6967607828125 0.1590699875 0.6800645546874999 0.13797465625 0.6801445078125
3 0.1389835640625 0.633820490625 0.161863721875 0.633017678125 0.16025809687499998 0.30667438593749996 0.13978637656249998 0.30587157343750004 0.1389835640625 0.633820490625
2 0.1112865328125 0.632616271875 0.1381807515625 0.632616271875 0.1389835640625 0.30667438593749996 0.1112865328125 0.3046673546875 0.1112865328125 0.632616271875
2 0.1377501109375 0.6983325921875 0.1377793453125 0.6807850234374999 0.1108851265625 0.6803836171875 0.1112865328125 0.7016581484375 0.1128257 0.699006225 0.1377501109375 0.6983325921875
6 0.6152332921875 0.416101875 0.6013875203125 0.4685700625 0.5999300703125 0.5771500625 0.71433986875 0.5844373109375 0.7157973171875 0.3658198625 0.6677014796875 0.3607187890625 0.6677014796875 0.39496885625 0.6152332921875 0.416101875
6 0.3546772984375 0.3270020859375 0.3474427390625 0.3393008375 0.32212178125 0.3421946609375 0.30692920625000003 0.3421946609375 0.30403538281250003 0.347258853125 0.3018650140625 0.3696859875 0.3033119265625 0.3848785625 0.2968008234375 0.39790076874999997 0.283778615625 0.4080291515625 0.27654405625 0.41309334375000006 0.2714798640625 0.41815753593749994 0.2960773671875 0.41309334375000006 0.3083761171875 0.4029649609375 0.3235686921875 0.39790076874999997 0.341655090625 0.4000711375 0.341655090625 0.3573872359375 0.44872657031249996 0.3544934125 0.4436623796875 0.3371304703125 0.4357043640625 0.3270020859375 0.418341421875 0.316873703125 0.39519083125 0.3147033359375 0.37493406406249996 0.3147033359375 0.3546772984375 0.3270020859375
6 0.27582059999999997 0.43624393437500003 0.270756409375 0.43624393437500003 0.26062802500000004 0.4384143015625 0.2526700109375 0.44130812500000005 0.24543545 0.44637231718750003 0.24326508281249998 0.575147475 0.24615890624999998 0.6004684328125001 0.248329275 0.6105968171875 0.2584576578125 0.6156610078125 0.2664156734375 0.605532625 0.2729267765625 0.6004684328125001 0.2729267765625 0.59034005 0.267862584375 0.5823820343749999 0.268586040625 0.49412040937499996 0.30620575 0.4919500421875 0.30692920625000003 0.44347849375 0.30114155781249996 0.44058467031250004 0.29318354375 0.44058467031250004 0.2808847921875 0.44058467031250004 0.27582059999999997 0.43624393437500003
6 0.49430429531250003 0.5295697500000001 0.492133928125 0.5852758578125 0.5044326781249999 0.5874462265625 0.5051561343750001 0.551996884375 0.5152845171875 0.551996884375 0.5406054765625 0.5498265171875001 0.5478400359375 0.539698134375 0.5521807703125 0.5093129843749999 0.5398820203125 0.48182165781249997 0.534817828125 0.48182165781249997 0.534817828125 0.49412040937499996 0.51239069375 0.49412040937499996 0.51239069375 0.5295697500000001 0.49430429531250003 0.5295697500000001