5 0.6939355734375 0.723813290625 0.6932068484375 0.1787271203125 0.303339065625 0.1801845703125 0.304796515625 0.8214624171875 0.44106805781249997 0.726728190625 0.6939355734375 0.723813290625
4 0.506903946875 0.276730078125 0.4582493078125 0.282344075 0.40865900312500003 0.2786014109375 0.41183031718749996 0.4950277515625 0.46753642500000003 0.49719811875 0.47043025 0.5145610625 0.500354284375 0.518131940625 0.50128995 0.5331025984375 0.5181783421875 0.534817828125 0.5508802546875 0.540587928125 0.6004705609375 0.5331025984375 0.59953489375 0.5106466109375 0.6491252000000001 0.5134536093750001 0.6463182015625 0.3469050375 0.598599228125 0.3469050375 0.6014062265625 0.3076070609375 0.50596828125 0.310414059375 0.506903946875 0.276730078125
0 0.3682212125 0.1771001921875 0.3193297890625 0.17741766875 0.31881537031249996 0.4153439484375 0.362691996875 0.4153439484375 0.3637889125 0.38572722656249997 0.40766553906249997 0.38572722656249997 0.40766553906249997 0.28042332187499996 0.3923087203125 0.27055108125 0.3769519 0.2562911765625 0.37171345625 0.25265966562500003 0.3682212125 0.1771001921875
7 0.4164408640625 0.23106211718749997 0.3901148890625 0.2387405265625 0.375854984375 0.25300042968750003 0.3813395640625 0.2595819234375 0.40108404531249997 0.2442251046875 0.5546522390625 0.2442251046875 0.5656213953125 0.26616341875 0.5601368171875001 0.273841828125 0.5557491546875 0.3078462140625 0.585365878125 0.3078462140625 0.5842689625 0.2815202375 0.5776874671875001 0.27493874375 0.5732998046875 0.2519035140625 0.5623306484375 0.2299652015625 0.4164408640625 0.23106211718749997
2 0.367079659375 0.1586656828125 0.367079659375 0.1751194171875 0.6928636125 0.17402250156250001 0.6928636125 0.15976259843750001 0.367079659375 0.1586656828125
2 0.3032392171875 0.15930635937499998 0.3032392171875 0.1801889734375 0.3196875 0.17984375 0.3193104453125 0.1593031265625 0.3032392171875 0.15930635937499998
1 0.366563115625 0.10987779687499999 0.31923603125 0.11057721093749999 0.3183773578125 0.1771001921875 0.3682212125 0.1771001921875 0.366563115625 0.10987779687499999
3 0.3198554921875 0.13797465625 0.3016674078125 0.13797465625 0.3032392171875 0.15930635937499998 0.3199354453125 0.1590699875 0.3198554921875 0.13797465625
3 0.366179509375 0.1389835640625 0.366982321875 0.161863721875 0.6933256140624999 0.16025809687499998 0.6941284265625 0.13978637656249998 0.366179509375 0.1389835640625
2 0.367383728125 0.1112865328125 0.367383728125 0.1381807515625 0.6933256140624999 0.1389835640625 0.6953326453125 0.1112865328125 0.367383728125 0.1112865328125
2 0.3016674078125 0.1377501109375 0.3192149765625 0.1377793453125 0.3196163828125 0.1108851265625 0.2983418515625 0.1112865328125 0.300993775 0.1128257 0.3016674078125 0.1377501109375
6 0.5838981249999999 0.6152332921875 0.5314299375 0.6013875203125 0.4228499375 0.5999300703125 0.41556268906250005 0.71433986875 0.6341801375 0.7157973171875 0.6392812109375 0.6677014796875 0.60503114375 0.6677014796875 0.5838981249999999 0.6152332921875
6 0.6729979140625 0.3546772984375 0.6606991625 0.3474427390625 0.6578053390624999 0.32212178125 0.6578053390624999 0.30692920625000003 0.652741146875 0.30403538281250003 0.6303140125 0.3018650140625 0.6151214375 0.3033119265625 0.60209923125 0.2968008234375 0.5919708484374999 0.283778615625 0.5869066562499999 0.27654405625 0.5818424640625001 0.2714798640625 0.5869066562499999 0.2960773671875 0.5970350390625 0.3083761171875 0.60209923125 0.3235686921875 0.5999288625 0.341655090625 0.6426127640625 0.341655090625 0.6455065875 0.44872657031249996 0.6628695296875 0.4436623796875 0.6729979140625 0.4357043640625 0.683126296875 0.418341421875 0.6852966640625 0.39519083125 0.6852966640625 0.37493406406249996 0.6729979140625 0.3546772984375
6 0.563756065625 0.27582059999999997 0.563756065625 0.270756409375 0.5615856984375001 0.26062802500000004 0.558691875 0.2526700109375 0.5536276828125 0.24543545 0.42485252500000004 0.24326508281249998 0.3995315671875 0.24615890624999998 0.3894031828125 0.248329275 0.3843389921875 0.2584576578125 0.394467375 0.2664156734375 0.3995315671875 0.2729267765625 0.40965995 0.2729267765625 0.41761796562500003 0.267862584375 0.505879590625 0.268586040625 0.5080499578125 0.30620575 0.55652150625 0.30692920625000003 0.5594153296875 0.30114155781249996 0.5594153296875 0.29318354375 0.5594153296875 0.2808847921875 0.563756065625 0.27582059999999997
6 0.47043025 0.49430429531250003 0.4147241421875 0.492133928125 0.41255377343750005 0.5044326781249999 0.448003115625 0.5051561343750001 0.448003115625 0.5152845171875 0.45017348281249997 0.5406054765625 0.460301865625 0.5478400359375 0.490687015625 0.5521807703125 0.5181783421875 0.5398820203125 0.5181783421875 0.534817828125 0.505879590625 0.534817828125 0.505879590625 0.51239069375 0.47043025 0.51239069375 0.47043025 0.49430429531250003