5 0.695203484375 0.1785375828125 0.5589319421875001 0.273271809375 0.3060644265625 0.276186709375 0.30679315156250003 0.8212728796875 0.696660934375 0.8198154296875 0.695203484375 0.1785375828125
4 0.3985937734375 0.6923929390625 0.49403171874999996 0.689585940625 0.49309605312500004 0.7232699218749999 0.5417506921874999 0.7176559250000001 0.591340996875 0.7213985890625 0.5881696828125 0.5049722484375 0.532463575 0.50280188125 0.5295697500000001 0.4854389375 0.499645715625 0.481868059375 0.49871005 0.46689740156250004 0.48182165781249997 0.465182171875 0.44911974531250004 0.459412071875 0.3995294390625 0.46689740156250004 0.40046510625 0.48935338906250003 0.35087480000000004 0.48654639062499994 0.3536817984375 0.6530949625 0.401400771875 0.6530949625 0.3985937734375 0.6923929390625
0 0.6230481 0.7437088234375 0.62828654375 0.747340334375 0.6317787874999999 0.8228998078125 0.6806702109375 0.8225823312499999 0.6811846296875 0.5846560515625 0.637308003125 0.5846560515625 0.6362110875 0.6142727734375 0.5923344609375001 0.6142727734375 0.5923344609375001 0.7195766781249999 0.6076912796875 0.72944891875 0.6230481 0.7437088234375
7 0.4267001953125 0.7480964859375 0.4376693515625 0.7700347984375 0.5835591359375 0.7689378828125 0.6098851109375001 0.7612594734375 0.624145015625 0.7469995703125 0.6186604359375 0.7404180765625 0.5989159546875 0.7557748953125001 0.44534776093749995 0.7557748953125001 0.43437860468749995 0.7338365812500001 0.4398631828125 0.726158171875 0.4442508453125 0.6921537859375 0.414634121875 0.6921537859375 0.41573103749999996 0.7184797625 0.4223125328125 0.72506125625 0.4267001953125 0.7480964859375
2 0.3071363875 0.8259774984374999 0.3071363875 0.8402374015625 0.632920340625 0.8413343171875001 0.632920340625 0.8248805828125001 0.3071363875 0.8259774984374999
2 0.6803125 0.8201562499999999 0.6806895546875 0.8406968734375001 0.6967607828125 0.8406936406250001 0.6967607828125 0.8198110265624999 0.6803125 0.8201562499999999
1 0.6816226421875 0.8228998078125 0.6317787874999999 0.8228998078125 0.633436884375 0.890122203125 0.68076396875 0.8894227890625 0.6816226421875 0.8228998078125
3 0.6967607828125 0.8406936406250001 0.6800645546874999 0.8409300125 0.6801445078125 0.8620253437500001 0.6983325921875 0.8620253437500001 0.6967607828125 0.8406936406250001
3 0.30667438593749996 0.839741903125 0.30587157343750004 0.8602136234375 0.633820490625 0.8610164359375 0.633017678125 0.8381362781249999 0.30667438593749996 0.839741903125
2 0.30667438593749996 0.8610164359375 0.3046673546875 0.8887134671875 0.632616271875 0.8887134671875 0.632616271875 0.8618192484374999 0.30667438593749996 0.8610164359375
2 0.7016581484375 0.8887134671875 0.699006225 0.8871743000000001 0.6983325921875 0.8622498890625 0.6807850234374999 0.8622206546875001 0.6803836171875 0.8891148734375 0.7016581484375 0.8887134671875
6 0.3607187890625 0.3322985203125 0.39496885625 0.3322985203125 0.416101875 0.3847667078125 0.4685700625 0.3986124796875 0.5771500625 0.4000699296875 0.5844373109375 0.28566013125 0.3658198625 0.2842026828125 0.3607187890625 0.3322985203125
6 0.3147033359375 0.60480916875 0.3147033359375 0.6250659359374999 0.3270020859375 0.6453227015625 0.3393008375 0.6525572609375 0.3421946609375 0.67787821875 0.3421946609375 0.69307079375 0.347258853125 0.6959646171875 0.3696859875 0.6981349859375 0.3848785625 0.6966880734374999 0.39790076874999997 0.7031991765625001 0.4080291515625 0.716221384375 0.41309334375000006 0.72345594375 0.41815753593749994 0.7285201359375 0.41309334375000006 0.7039226328125 0.4029649609375 0.6916238828125 0.39790076874999997 0.6764313078125 0.4000711375 0.658344909375 0.3573872359375 0.658344909375 0.3544934125 0.5512734296875 0.3371304703125 0.5563376203125 0.3270020859375 0.5642956359375 0.316873703125 0.581658578125 0.3147033359375 0.60480916875
6 0.44058467031250004 0.70681645625 0.44058467031250004 0.7191152078124999 0.43624393437500003 0.7241793999999999 0.43624393437500003 0.729243590625 0.4384143015625 0.739371975 0.44130812500000005 0.7473299890625 0.44637231718750003 0.75456455 0.575147475 0.7567349171875 0.6004684328125001 0.75384109375 0.6105968171875 0.751670725 0.6156610078125 0.7415423421875 0.605532625 0.7335843265624999 0.6004684328125001 0.7270732234375 0.59034005 0.7270732234375 0.5823820343749999 0.732137415625 0.49412040937499996 0.731413959375 0.4919500421875 0.6937942500000001 0.44347849375 0.69307079375 0.44058467031250004 0.6988584421875 0.44058467031250004 0.70681645625
6 0.49412040937499996 0.48760930625 0.5295697500000001 0.48760930625 0.5295697500000001 0.5056957046874999 0.5852758578125 0.507866071875 0.5874462265625 0.495567321875 0.551996884375 0.49484386562499993 0.551996884375 0.48471548281250004 0.5498265171875001 0.4593945234375 0.539698134375 0.45215996406250003 0.5093129843749999 0.4478192296875 0.48182165781249997 0.4601179796875 0.48182165781249997 0.465182171875 0.49412040937499996 0.465182171875 0.49412040937499996 0.48760930625