5 0.72171105 0.281137809375 0.651439184375 0.287785146875 0.574994790625 0.299180584375 0.4809824296875 0.3229210796875 0.3755746328125 0.360905871875 0.2768141734375 0.40601281250000004 0.193722440625 0.455867853125 0.10761770781249999 0.5192849374999999 0.250542171875 0.7216198078125 0.8945509812499999 0.71992236875 0.893117425 0.3138996921875 0.8717509796874999 0.2854110984375 0.8475356749999999 0.27923856874999997 0.72171105 0.281137809375
6 0.3959140765625 0.5161526765625 0.390766765625 0.4878424609375 0.4199410453125 0.46906862031249996 0.42739561875 0.435108890625 0.42739561875 0.40032087499999996 0.41414304218750003 0.3680177171875 0.3727287375 0.3680177171875 0.2948698453125 0.406118878125 0.2368898203125 0.44090689375 0.2194958125 0.4723817640625 0.2170109546875 0.5071697796875 0.2078998078125 0.5709478078125 0.22300762343749997 0.6236066453125 0.29698088437500003 0.67691090625 0.3412538671875 0.6777967140625 0.39095103125 0.66371585 0.41414304218750003 0.6347258375 0.4307087640625 0.585028671875 0.433193621875 0.5419577953125 0.4306584328125 0.5260183578125 0.4306584328125 0.5075738234375 0.5331757296874999 0.50500016875 0.5306020734375 0.493418715625 0.40921130000000006 0.49727920000000003 0.41178495625 0.5161526765625 0.3959140765625 0.5161526765625
7 0.7754367640625001 0.569201796875 0.8391325578125001 0.574206575 0.836979365625 0.390435196875 0.8166291937500001 0.37937481093750003 0.791757053125 0.366346546875 0.792349246875 0.3876655234375 0.8261042953125 0.3983250125 0.823143325 0.52090913125 0.8195901624999999 0.548742240625 0.776022884375 0.5469292375 0.7754367640625001 0.569201796875
0 0.7922621203125 0.39767091718750003 0.7895103421874999 0.27778827968750003 0.78546766875 0.2794529109375 0.7245897625 0.281830953125 0.7272021843750001 0.398720271875 0.7922621203125 0.39767091718750003
1 0.7895103421874999 0.2801663234375 0.7869736640625 0.2214036390625 0.7229119390625 0.2218964203125 0.7238763500000001 0.281117540625 0.7895103421874999 0.2801663234375
2 0.8886386390625001 0.22627715781250002 0.8651331359375 0.22170664375000002 0.788087315625 0.22235957499999998 0.788074225 0.28083869687499996 0.8505516984374999 0.278961690625 0.872539478125 0.2864697140625 0.88567851875 0.30416719531249997 0.8931865406249999 0.3138203671875 0.894527259375 0.720058015625 0.913029171875 0.720058015625 0.9114912125 0.31246400625000004 0.8945150156249999 0.2843879875 0.8788446796875 0.2758998890625 0.8892915703125001 0.2582707609375 0.8886386390625001 0.22627715781250002
2 0.55091014375 0.3047134046875 0.63407435625 0.28993803749999997 0.7223044109375001 0.2810728171875 0.72170025 0.21907206875 0.6368803625 0.22857774687500002 0.5228122374999999 0.2505139234375 0.3714526109375 0.30389195625 0.24056675 0.368238078125 0.175229784375 0.41291626875 0.076742971875 0.4832639921875 0.10764910781249999 0.518323009375 0.22374128437500002 0.43726956250000004 0.32548024531249997 0.3840782375 0.45803640312500005 0.33088691406250004 0.5314910890625 0.310623553125 0.55091014375 0.3047134046875
2 0.9313336937500001 0.299793096875 0.933803246875 0.722223084375 0.960398909375 0.720956625 0.9566893750000001 0.3085700640625 0.9485786140625001 0.2836057375 0.9381602234375 0.26078435624999996 0.90792845 0.2685861046875 0.9313336937500001 0.299793096875
3 0.892435715625 0.22866175625000001 0.8929622265624999 0.25867286875 0.8819055 0.2739416796875 0.8966478015625 0.286051428125 0.91033708125 0.30763836875 0.911390103125 0.36081595312500003 0.912969634375 0.7230553468750001 0.9325367874999999 0.7234895453125 0.9304260203125001 0.30091402500000003 0.9061249953124999 0.267097040625 0.939295171875 0.2591993796875 0.91770823125 0.2391919703125 0.892435715625 0.22866175625000001
4 0.61605735 0.39800788593749997 0.61605735 0.45286230781250003 0.5893334015625 0.45426883125 0.5893334015625 0.5358472015625 0.5654225 0.537253725 0.5668290234375 0.5836690046874999 0.593552971875 0.585075528125 0.5949594953124999 0.691971325 0.7595227609374999 0.691971325 0.7567097140625 0.4950580171875 0.7946858515625 0.49224496875 0.7946858515625 0.39800788593749997 0.61605735 0.39800788593749997
6 0.5780812125 0.5161558703125 0.5569833578125001 0.42332531093750003 0.5190072203125 0.4500492609375 0.542918121875 0.521781965625 0.5780812125 0.5161558703125
6 0.7906758843749999 0.66942831875 0.7906758843749999 0.659464278125 0.7906758843749999 0.6389500781249999 0.7971232046875001 0.6225387171875 0.8012260453125 0.6143330375 0.8053288843749999 0.6078857171875 0.8135345656249999 0.603782878125 0.8193957656249999 0.5996800375 0.829945925 0.5856131578125 0.835807125 0.5750629968750001 0.839909965625 0.5733046374999999 0.819981884375 0.5768213578125 0.8059150046875001 0.5733046374999999 0.7936064843749999 0.5733046374999999 0.777195125 0.5768213578125 0.7666449640625 0.5791658375 0.7666449640625 0.6325027578125 0.762542125 0.6407084375000001 0.762542125 0.6629809984375 0.758439284375 0.6776339984375 0.7566809250000001 0.68994251875 0.764300484375 0.7022510375000001 0.7766090046875 0.700492678125 0.7824702046875001 0.6940453578125 0.7865730453124999 0.68994251875 0.7906758843749999 0.6817368375 0.7906758843749999 0.66942831875
6 0.818223525 0.5463431171875001 0.8223263656249999 0.5299317578125 0.825843084375 0.49476455625 0.825843084375 0.41270775625 0.825843084375 0.39453803593750003 0.8158790453125 0.390435196875 0.8029844046875001 0.390435196875 0.7912620046875001 0.390435196875 0.7912620046875001 0.39864087656249997 0.8018121640625001 0.40684655625 0.8070872453125 0.4132938765625 0.8012260453125 0.49300619687499997 0.7607837640625 0.4953506765625 0.758439284375 0.5357929578125 0.7689894453125 0.5357929578125 0.7812979640625 0.534034596875 0.7871591640625 0.5463431171875001 0.8018121640625001 0.5481014765625 0.818223525 0.5463431171875001
6 0.5896842765625 0.6891757640625 0.5973997718749999 0.6946868328125 0.5996042 0.6930335125 0.593542025 0.621389628125 0.584724315625 0.621389628125 0.578662140625 0.6368206187500001 0.57480439375 0.6505982875 0.57480439375 0.6621715312500001 0.5803154609375001 0.6792558421875 0.5896842765625 0.6891757640625