5 0.7145889015625 0.8717509796874999 0.7207614312499999 0.8475356749999999 0.718862190625 0.72171105 0.712214853125 0.651439184375 0.700819415625 0.574994790625 0.6770789203125 0.4809824296875 0.639094128125 0.3755746328125 0.5939871875 0.2768141734375 0.544132146875 0.193722440625 0.4807150625 0.10761770781249999 0.2783801921875 0.250542171875 0.28007763125 0.8945509812499999 0.6861003078125 0.893117425 0.7145889015625 0.8717509796874999
6 0.5027208 0.40921130000000006 0.4838473234375 0.41178495625 0.4838473234375 0.3959140765625 0.5121575390625 0.390766765625 0.5309313796875 0.4199410453125 0.564891109375 0.42739561875 0.599679125 0.42739561875 0.6319822828125 0.41414304218750003 0.6319822828125 0.3727287375 0.593881121875 0.2948698453125 0.55909310625 0.2368898203125 0.5276182359375 0.2194958125 0.4928302203125 0.2170109546875 0.4290521921875 0.2078998078125 0.3763933546875 0.22300762343749997 0.32308909375 0.29698088437500003 0.32220328593750003 0.3412538671875 0.33628415 0.39095103125 0.3652741625 0.41414304218750003 0.41497132812500004 0.4307087640625 0.4580422046875 0.433193621875 0.4739816421875 0.4306584328125 0.49242617656250004 0.4306584328125 0.49499983125 0.5331757296874999 0.5065812843749999 0.5306020734375 0.5027208 0.40921130000000006
7 0.45125775937499996 0.8195901624999999 0.4530707625 0.776022884375 0.430798203125 0.7754367640625001 0.425793425 0.8391325578125001 0.6095648031249999 0.836979365625 0.6206251890625001 0.8166291937500001 0.633653453125 0.791757053125 0.6123344765625001 0.792349246875 0.6016749875 0.8261042953125 0.47909086875 0.823143325 0.45125775937499996 0.8195901624999999
0 0.718169046875 0.7245897625 0.601279728125 0.7272021843750001 0.6023290828125 0.7922621203125 0.7222117203125 0.7895103421874999 0.7205470890625 0.78546766875 0.718169046875 0.7245897625
1 0.7781035796875 0.7229119390625 0.718882459375 0.7238763500000001 0.7198336765625 0.7895103421874999 0.7785963609375 0.7869736640625 0.7781035796875 0.7229119390625
2 0.7241001109375 0.8788446796875 0.7417292390625 0.8892915703125001 0.7737228421875 0.8886386390625001 0.7782933562500001 0.8651331359375 0.777640425 0.788087315625 0.719161303125 0.788074225 0.721038309375 0.8505516984374999 0.7135302859375 0.872539478125 0.6958328046875 0.88567851875 0.6861796328125 0.8931865406249999 0.279941984375 0.894527259375 0.279941984375 0.913029171875 0.68753599375 0.9114912125 0.7156120125000001 0.8945150156249999 0.7241001109375 0.8788446796875
2 0.6691130859375 0.45803640312500005 0.689376446875 0.5314910890625 0.6952865953125 0.55091014375 0.7100619625 0.63407435625 0.7189271828125 0.7223044109375001 0.78092793125 0.72170025 0.771422253125 0.6368803625 0.7494860765625 0.5228122374999999 0.69610804375 0.3714526109375 0.631761921875 0.24056675 0.58708373125 0.175229784375 0.5167360078125001 0.076742971875 0.481676990625 0.10764910781249999 0.5627304375 0.22374128437500002 0.6159217625 0.32548024531249997 0.6691130859375 0.45803640312500005
2 0.7392156437499999 0.9381602234375 0.7314138953125 0.90792845 0.700206903125 0.9313336937500001 0.277776915625 0.933803246875 0.279043375 0.960398909375 0.6914299359375 0.9566893750000001 0.7163942624999999 0.9485786140625001 0.7392156437499999 0.9381602234375
3 0.7408006203124999 0.939295171875 0.7608080296875 0.91770823125 0.77133824375 0.892435715625 0.74132713125 0.8929622265624999 0.7260583203125 0.8819055 0.7139485718749999 0.8966478015625 0.69236163125 0.91033708125 0.639184046875 0.911390103125 0.276944653125 0.912969634375 0.2765104546875 0.9325367874999999 0.699085975 0.9304260203125001 0.7329029593749999 0.9061249953124999 0.7408006203124999 0.939295171875
4 0.50775503125 0.7946858515625 0.6019921140625 0.7946858515625 0.6019921140625 0.61605735 0.5471376921875 0.61605735 0.5457311687499999 0.5893334015625 0.4641527984375 0.5893334015625 0.46274627500000004 0.5654225 0.4163309953125 0.5668290234375 0.41492447187500003 0.593552971875 0.308028675 0.5949594953124999 0.308028675 0.7595227609374999 0.5049419828125 0.7567097140625 0.50775503125 0.7946858515625
6 0.5499507390625 0.5190072203125 0.47821803437500005 0.542918121875 0.48384412968749996 0.5780812125 0.5766746890625 0.5569833578125001 0.5499507390625 0.5190072203125
6 0.31005748125 0.7865730453124999 0.3182631625 0.7906758843749999 0.33057168125 0.7906758843749999 0.340535721875 0.7906758843749999 0.36104992187499996 0.7906758843749999 0.3774612828125 0.7971232046875001 0.3856669625 0.8012260453125 0.3921142828125 0.8053288843749999 0.396217121875 0.8135345656249999 0.40031996249999996 0.8193957656249999 0.4143868421875 0.829945925 0.424937003125 0.835807125 0.4266953625 0.839909965625 0.4231786421875 0.819981884375 0.4266953625 0.8059150046875001 0.4266953625 0.7936064843749999 0.4231786421875 0.777195125 0.4208341625 0.7666449640625 0.3674972421875 0.7666449640625 0.3592915625 0.762542125 0.3370190015625 0.762542125 0.3223660015625 0.758439284375 0.31005748125 0.7566809250000001 0.2977489625 0.764300484375 0.299507321875 0.7766090046875 0.3059546421875 0.7824702046875001 0.31005748125 0.7865730453124999
6 0.45365688281249994 0.7871591640625 0.45189852343750003 0.8018121640625001 0.45365688281249994 0.818223525 0.47006824218750004 0.8223263656249999 0.50523544375 0.825843084375 0.58729224375 0.825843084375 0.6054619640625 0.825843084375 0.6095648031249999 0.8158790453125 0.6095648031249999 0.8029844046875001 0.6095648031249999 0.7912620046875001 0.6013591234375 0.7912620046875001 0.59315344375 0.8018121640625001 0.5867061234375 0.8070872453125 0.5069938031250001 0.8012260453125 0.5046493234375 0.7607837640625 0.46420704218750003 0.758439284375 0.46420704218750003 0.7689894453125 0.46596540312499996 0.7812979640625 0.45365688281249994 0.7871591640625
6 0.33782846875 0.57480439375 0.3207441578125 0.5803154609375001 0.3108242359375 0.5896842765625 0.3053131671875 0.5973997718749999 0.3069664875 0.5996042 0.378610371875 0.593542025 0.378610371875 0.584724315625 0.36317938125000004 0.578662140625 0.3494017125 0.57480439375 0.33782846875 0.57480439375