5 0.650729709375 0.2215574890625 0.2875441234375 0.22146108281250002 0.28859702343750004 0.7768870015625 0.7162074765625001 0.776218503125 0.714203084375 0.26300259531250003 0.7015083625 0.2416115734375 0.6781233921875 0.2262367625 0.650729709375 0.2215574890625
0 0.7026158484375 0.35492825 0.6161756031250001 0.35426298906250003 0.6135158671875 0.461368521875 0.6986262812499999 0.460038078125 0.71391955625 0.4447372546875 0.71391955625 0.36889853281249996 0.7026158484375 0.35492825
1 0.71543495625 0.3688628140625 0.7160690265625 0.44402887187499995 0.7618874078125 0.4422311921875 0.774464959375 0.4498713484375 0.774464959375 0.368076853125 0.733593703125 0.3693900609375 0.71543495625 0.3688628140625
2 0.7704221718750001 0.7670619671875001 0.7718634718749999 0.4514000453125 0.763684178125 0.4427644796875 0.717865796875 0.4414162140625 0.7115769953125 0.44725867812500003 0.7115769953125 0.7675113546875 0.7704221718750001 0.7670619671875001
2 0.71333805625 0.2755391265625 0.7141697015624999 0.3689890328125 0.7700136859375 0.36952884375 0.7700136859375 0.30070175625 0.7676911515625 0.2710449296875 0.76275003125 0.2544163890625 0.7470280265625 0.228799428125 0.7335520390625 0.21262030156249997 0.71648240625 0.20273306562500001 0.6935732156250001 0.1950929109375 0.6720116546875 0.191946965625 0.6014506203125001 0.1937446640625 0.4523163109375 0.19329522500000001 0.3660699640625 0.1937446640625 0.28790924218749997 0.1937446640625 0.2880100109375 0.22273822656250003 0.6221504859375 0.2229569765625 0.6720116546875 0.22340637812500003 0.6971668078125 0.23509130625000002 0.7119904265625 0.25711289531250003 0.71333805625 0.2755391265625
4 0.4473972984375 0.356416528125 0.40413673437500003 0.357944128125 0.3893772328125 0.370164896875 0.38581459218749997 0.37983964375 0.3837787734375 0.60897876875 0.61229645625 0.60897876875 0.6149762640625 0.33204392656250004 0.5654732499999999 0.323318665625 0.5186500453125 0.3294290515625 0.5191589859375 0.3844224140625 0.47335366093750003 0.38493161875 0.4473972984375 0.356416528125
7 0.4616700734375 0.35414545468749997 0.4611475203125 0.38420745312500004 0.47421153125000004 0.38420745312500004 0.47421153125000004 0.3376767078125 0.4789145796875 0.3274817921875 0.5476313 0.327220371875 0.6108611875000001 0.3266975484375 0.6388181421875 0.3557139125 0.6558013734375 0.35466826406249996 0.6153029140624999 0.3138885171875 0.48231123125 0.3128428921875 0.47290513437500004 0.31728683125 0.46663441250000004 0.3232992421875 0.4616700734375 0.3298344640625 0.4616700734375 0.35414545468749997
6 0.3934900796875 0.3669576046875 0.40608176250000005 0.35751384375 0.4389100765625 0.3543659234375 0.4616700734375 0.3528384171875 0.46088622968750004 0.3395065703125 0.439983809375 0.33610825 0.42300059375 0.333755578125 0.406539946875 0.335585440625 0.397133834375 0.346041790625 0.3789070875 0.3600466484375 0.3746637265625 0.3708756078125 0.376492690625 0.37793363750000003 0.3843311 0.38708295000000004 0.390342159375 0.373253446875 0.3934900796875 0.3669576046875
6 0.37411906875 0.5551849765625 0.3881500515625 0.5545165171875001 0.3881500515625 0.478979453125 0.37144650625 0.48232180625 0.3620925546875 0.4930173265625 0.3567473921875 0.5090605984375001 0.3567473921875 0.5297831421875 0.3607562546875 0.5431525374999999 0.37411906875 0.5551849765625
6 0.49906149843750003 0.6735041046875 0.603291559375 0.6714987265625 0.601955296875 0.6106679374999999 0.496388975 0.609999478125 0.49791301250000003 0.6181737953125 0.49906149843750003 0.6735041046875
6 0.5194069046875 0.3831469109375 0.5194069046875 0.3278334484375 0.48343066874999996 0.3278334484375 0.47713482812499997 0.332330478125 0.47533601562500005 0.3354783984375 0.47533601562500005 0.38404631718750004 0.5194069046875 0.3831469109375
6 0.61699244375 0.3372772109375 0.61699244375 0.3543659234375 0.632732046875 0.3543659234375 0.61699244375 0.3372772109375