5 0.7784425109375 0.650729709375 0.7785389171875 0.2875441234375 0.2231129984375 0.28859702343750004 0.22378149687499999 0.7162074765625001 0.7369974046875 0.714203084375 0.7583884265624999 0.7015083625 0.7737632375 0.6781233921875 0.7784425109375 0.650729709375
0 0.6450717499999999 0.7026158484375 0.6457370109375 0.6161756031250001 0.538631478125 0.6135158671875 0.539961921875 0.6986262812499999 0.5552627453125 0.71391955625 0.6311014671875 0.71391955625 0.6450717499999999 0.7026158484375
1 0.6311371859375 0.71543495625 0.555971128125 0.7160690265625 0.5577688078125 0.7618874078125 0.5501286515625 0.774464959375 0.631923146875 0.774464959375 0.6306099390625 0.733593703125 0.6311371859375 0.71543495625
2 0.2329380328125 0.7704221718750001 0.5485999546875 0.7718634718749999 0.5572355203125 0.763684178125 0.5585837859375 0.717865796875 0.5527413218749999 0.7115769953125 0.2324886453125 0.7115769953125 0.2329380328125 0.7704221718750001
2 0.7244608734375 0.71333805625 0.6310109671874999 0.7141697015624999 0.6304711562499999 0.7700136859375 0.69929824375 0.7700136859375 0.7289550703125001 0.7676911515625 0.7455836109375 0.76275003125 0.771200571875 0.7470280265625 0.7873796984375 0.7335520390625 0.797266934375 0.71648240625 0.8049070890625 0.6935732156250001 0.8080530343750001 0.6720116546875 0.8062553359375 0.6014506203125001 0.806704775 0.4523163109375 0.8062553359375 0.3660699640625 0.8062553359375 0.28790924218749997 0.7772617734375 0.2880100109375 0.7770430234375 0.6221504859375 0.776593621875 0.6720116546875 0.76490869375 0.6971668078125 0.7428871046875 0.7119904265625 0.7244608734375 0.71333805625
4 0.643583471875 0.4473972984375 0.642055871875 0.40413673437500003 0.629835103125 0.3893772328125 0.62016035625 0.38581459218749997 0.39102123125 0.3837787734375 0.39102123125 0.61229645625 0.6679560734375001 0.6149762640625 0.676681334375 0.5654732499999999 0.6705709484375 0.5186500453125 0.6155775859375 0.5191589859375 0.61506838125 0.47335366093750003 0.643583471875 0.4473972984375
7 0.6458545453125 0.4616700734375 0.6157925468750001 0.4611475203125 0.6157925468750001 0.47421153125000004 0.6623232921875 0.47421153125000004 0.6725182078125 0.4789145796875 0.672779628125 0.5476313 0.6733024515625 0.6108611875000001 0.6442860875 0.6388181421875 0.6453317359375 0.6558013734375 0.6861114828125 0.6153029140624999 0.6871571078125001 0.48231123125 0.68271316875 0.47290513437500004 0.6767007578124999 0.46663441250000004 0.6701655359375 0.4616700734375 0.6458545453125 0.4616700734375
6 0.6330423953125 0.3934900796875 0.64248615625 0.40608176250000005 0.6456340765624999 0.4389100765625 0.6471615828124999 0.4616700734375 0.6604934296875 0.46088622968750004 0.66389175 0.439983809375 0.666244421875 0.42300059375 0.664414559375 0.406539946875 0.653958209375 0.397133834375 0.6399533515625 0.3789070875 0.6291243921875 0.3746637265625 0.6220663625 0.376492690625 0.61291705 0.3843311 0.626746553125 0.390342159375 0.6330423953125 0.3934900796875
6 0.4448150234375 0.37411906875 0.44548348281249994 0.3881500515625 0.521020546875 0.3881500515625 0.51767819375 0.37144650625 0.5069826734375 0.3620925546875 0.4909394015625 0.3567473921875 0.4702168578125 0.3567473921875 0.4568474625 0.3607562546875 0.4448150234375 0.37411906875
6 0.3264958953125 0.49906149843750003 0.3285012734375 0.603291559375 0.38933206249999996 0.601955296875 0.390000521875 0.496388975 0.3818262046875 0.49791301250000003 0.3264958953125 0.49906149843750003
6 0.6168530890625 0.5194069046875 0.6721665515625 0.5194069046875 0.6721665515625 0.48343066874999996 0.667669521875 0.47713482812499997 0.6645216015625001 0.47533601562500005 0.6159536828125 0.47533601562500005 0.6168530890625 0.5194069046875
6 0.6627227890625 0.61699244375 0.6456340765624999 0.61699244375 0.6456340765624999 0.632732046875 0.6627227890625 0.61699244375