5 0.420355196875 0.7015092453125 0.43423848749999994 0.7261906515625001 0.445036603125 0.7477868812499999 0.4635476578125 0.758584996875 0.48205871250000004 0.7662979359375 0.49902717812499997 0.77169699375 0.520623409375 0.7740108765625 0.5823269234375 0.7639840546875 0.698021015625 0.7477868812499999 0.6031518609375001 0.224078296875 0.30466110625 0.26958463906249996 0.371763678125 0.6475186703125 0.3856469703125 0.658316784375 0.3987589671875 0.6691149000000001 0.40955708125 0.6853120734375 0.420355196875 0.7015092453125
4 0.37890625 0.4892578125 0.396484375 0.5498046875 0.4052734375 0.55859375 0.5263671875 0.525390625 0.5556640625 0.51171875 0.6162109375 0.501953125 0.623046875 0.4892578125 0.6220703125 0.47265625 0.609375 0.3994140625 0.6005859375 0.390625 0.3955078125 0.423828125 0.3818359375 0.4296875 0.376953125 0.4404296875 0.37890625 0.4892578125
7 0.484375 0.5810546875 0.4873046875 0.5859375 0.5029296875 0.5859375 0.56441273125 0.574141425 0.5634765625 0.564453125 0.5595703125 0.55859375 0.5263671875 0.564453125 0.5023961703125 0.567609853125 0.4991017703125 0.5519614484375001 0.4809825640625 0.5548440484375 0.484375 0.5810546875
1 0.6711444015625 0.7535471359375 0.5930683546875 0.7639620734375 0.591796875 0.7919921875 0.6552734375 0.78515625 0.6836365765625 0.781667475 0.6711444015625 0.7535471359375
0 0.55859375 0.5419921875 0.591796875 0.7255859375 0.5935611140625 0.7652555109375 0.6695551640625 0.7537990953125 0.654296875 0.7021484375 0.640625 0.6416015625 0.6328125 0.5830078125 0.6249540812500001 0.5355954921875 0.62350209375 0.50383476875 0.5555641078125 0.512693278125 0.55859375 0.5419921875
6 0.486328125 0.3974609375 0.4853515625 0.384765625 0.4677734375 0.380859375 0.384317325 0.3950044546875 0.38952238437500003 0.4278115234375 0.44573714375 0.41739658593750006 0.44179784062499994 0.4049875796875 0.486328125 0.3974609375
2 0.3880583390625 0.7117115187499999 0.3934482265625 0.7164567828124999 0.41635053125 0.7482223343750001 0.42571967187500004 0.7622825234375 0.43248623906250006 0.7685314703125 0.4481014484375 0.7753011953125 0.506486296875 0.8012722437500001 0.5894248015625 0.79052015625 0.5930683546875 0.7644828125 0.5237831734375 0.7801219390624999 0.4776582171875 0.771469515625 0.43635170468749995 0.7436568296875 0.41231457968749996 0.6964819359375001 0.3729162203125 0.6512971609375 0.3880583390625 0.7117115187499999
2 0.6811988328125 0.7762084796875001 0.7075798890625 0.7728147953125 0.701333821875 0.7483396671875 0.6703880812499999 0.7513856609375 0.6811988328125 0.7762084796875001
6 0.681640625 0.6728515625 0.6689453125 0.669921875 0.66796875 0.7021484375 0.6845703125 0.703125 0.6845703125 0.69140625 0.681640625 0.6728515625
6 0.544921875 0.7490234375 0.5537109375 0.75 0.5556640625 0.740234375 0.5478515625 0.73828125 0.544921875 0.7490234375
6 0.5869140625 0.755859375 0.5751953125 0.75390625 0.57421875 0.7607421875 0.5869140625 0.755859375