5 0.33088510000000004 0.3987589671875 0.3146879265625 0.40955708125 0.2984907546875 0.420355196875 0.27380934843750004 0.43423848749999994 0.25221311874999996 0.445036603125 0.24141500312500003 0.4635476578125 0.2337020640625 0.48205871250000004 0.22830300625 0.49902717812499997 0.2259891234375 0.520623409375 0.2360159453125 0.5823269234375 0.25221311874999996 0.698021015625 0.7759217031250001 0.6031518609375001 0.7304153609374999 0.30466110625 0.3524813296875 0.371763678125 0.341683215625 0.3856469703125 0.33088510000000004 0.3987589671875
4 0.5703125 0.3818359375 0.5595703125 0.376953125 0.5107421875 0.37890625 0.4501953125 0.396484375 0.44140625 0.4052734375 0.474609375 0.5263671875 0.48828125 0.5556640625 0.498046875 0.6162109375 0.5107421875 0.623046875 0.52734375 0.6220703125 0.6005859375 0.609375 0.609375 0.6005859375 0.576171875 0.3955078125 0.5703125 0.3818359375
7 0.44803855156249994 0.4991017703125 0.4451559515625 0.4809825640625 0.4189453125 0.484375 0.4140625 0.4873046875 0.4140625 0.5029296875 0.425858575 0.56441273125 0.435546875 0.5634765625 0.44140625 0.5595703125 0.435546875 0.5263671875 0.432390146875 0.5023961703125 0.44803855156249994 0.4991017703125
1 0.21484375 0.6552734375 0.21833252500000003 0.6836365765625 0.24645286406250003 0.6711444015625 0.23603792656249997 0.5930683546875 0.2080078125 0.591796875 0.21484375 0.6552734375
0 0.49616523125 0.62350209375 0.487306721875 0.5555641078125 0.4580078125 0.55859375 0.2744140625 0.591796875 0.23474448906249998 0.5935611140625 0.2462009046875 0.6695551640625 0.2978515625 0.654296875 0.3583984375 0.640625 0.4169921875 0.6328125 0.4644045078125 0.6249540812500001 0.49616523125 0.62350209375
6 0.5826034140624999 0.44573714375 0.5950124203125 0.44179784062499994 0.6025390625 0.486328125 0.615234375 0.4853515625 0.619140625 0.4677734375 0.6049955453125 0.384317325 0.5721884765625 0.38952238437500003 0.5826034140624999 0.44573714375
2 0.30351806406250004 0.41231457968749996 0.3487028390625 0.3729162203125 0.28828848125 0.3880583390625 0.2835432171875 0.3934482265625 0.25177766562500004 0.41635053125 0.2377174765625 0.42571967187500004 0.2314685296875 0.43248623906250006 0.22469880468749998 0.4481014484375 0.19872775625 0.506486296875 0.20947984375 0.5894248015625 0.2355171875 0.5930683546875 0.2198780609375 0.5237831734375 0.228530484375 0.4776582171875 0.2563431703125 0.43635170468749995 0.30351806406250004 0.41231457968749996
2 0.2516603328125 0.701333821875 0.24861433906250002 0.6703880812499999 0.2237915203125 0.6811988328125 0.22718520468749998 0.7075798890625 0.2516603328125 0.701333821875
6 0.296875 0.6845703125 0.30859375 0.6845703125 0.3271484375 0.681640625 0.330078125 0.6689453125 0.2978515625 0.66796875 0.296875 0.6845703125
6 0.259765625 0.5556640625 0.26171875 0.5478515625 0.2509765625 0.544921875 0.25 0.5537109375 0.259765625 0.5556640625
6 0.24609375 0.5751953125 0.2392578125 0.57421875 0.244140625 0.5869140625 0.24609375 0.5751953125