5 0.629083809375 0.762158353125 0.7131220218750001 0.773520103125 0.7659298390625 0.7729520234375 0.7170522828125 0.479875815625 0.504073128125 0.21969176875000002 0.2359375 0.5268466046875 0.3422427890625 0.6235450390625 0.4064515796875 0.6695601171875001 0.47629415937499997 0.7121666796875 0.5268751671875 0.7314816625 0.629083809375 0.762158353125
2 0.503301625 0.7408413359375 0.5282704 0.7533257234375 0.6522532812499999 0.7847519390625 0.7675745828125 0.7959448390625 0.7675745828125 0.7821689625 0.7245249703125001 0.7830299546874999 0.650531296875 0.77183705625 0.5734724921875001 0.7528952265625 0.5037321203125 0.7266349640625 0.503301625 0.7408413359375
2 0.2238265609375 0.53117011875 0.340298728125 0.6388186359375 0.42677048749999996 0.701760665625 0.44441778593750003 0.697937084375 0.4141232578125 0.6794074218749999 0.359416634375 0.6408774875 0.3208867 0.6097005953125 0.2314737234375 0.5255818078125001 0.2238265609375 0.53117011875
0 0.4436237046875 0.5820177125 0.45384456406250007 0.6973394921875 0.504403409375 0.720028421875 0.5123306171875 0.7092693203125 0.5140341125 0.6751840703124999 0.5461919109375 0.6445073375 0.5356114875 0.5791772749999999 0.5299332296875 0.56213465 0.4436237046875 0.5820177125
7 0.240055240625 0.524640884375 0.3354499703125 0.613830603125 0.413809946875 0.6740479125000001 0.4482954546875 0.69161933125 0.45100543593750003 0.6751840703124999 0.422614146875 0.6604138046875 0.351635921875 0.60758165 0.28747160625 0.547364384375 0.2505629359375 0.510438696875 0.240055240625 0.524640884375
7 0.73925268125 0.7626695531250001 0.6540788125 0.753012040625 0.59275363125 0.739946053125 0.545011753125 0.724607665625 0.5137813343750001 0.7081331625 0.509375 0.720028421875 0.6029744906250001 0.756988678125 0.690419671875 0.770054665625 0.7619657125 0.7723270234374999 0.764237025 0.764373790625 0.73925268125 0.7626695531250001
4 0.63193361875 0.5206642890625 0.6273909953125 0.4570384640625 0.6035423296875 0.4570384640625 0.5938892874999999 0.3882998421875 0.53142845 0.3968211546875 0.53256410625 0.38205093125 0.5121223640625 0.36841677968750003 0.45704326875 0.37352961875 0.4428476234375 0.39227652343749997 0.44455111875000003 0.4059105890625 0.39969285625 0.41329574375 0.4227272734375 0.569460240625 0.48145979531250005 0.5627027296875 0.48145979531250005 0.5723602421875 0.5280214812499999 0.5638389296875 0.5501666968750001 0.6547329296875 0.6393153500000001 0.6405307421875001 0.63193361875 0.5206642890625
7 0.688148359375 0.44510863437500003 0.674520553125 0.447949071875 0.67906315625 0.4695364140625 0.66146054375 0.4684002140625 0.6586214140625 0.4513575890625 0.629094490625 0.453629946875 0.6336647734375 0.46008524062499995 0.6546466515625 0.4581746640625 0.6563501234375 0.47351300937499996 0.684173575 0.4712406515625 0.6813344453125 0.4524937890625 0.69155530625 0.449653353125 0.688148359375 0.44510863437500003
6 0.6398831671874999 0.45022143124999997 0.634204909375 0.4252255296875 0.6234162328124999 0.4263617734375 0.629094490625 0.45192566718749994 0.630230125 0.45022143124999997 0.6398831671874999 0.45022143124999997
1 0.50529776875 0.7411391328125 0.503594296875 0.7246645859374999 0.44796517500000005 0.6950572296875001 0.42922690625 0.7035785421874999 0.50529776875 0.7411391328125
6 0.4588761375 0.32998453437499997 0.4025723171875 0.38910354687500004 0.42509384531250005 0.411625075 0.45136896093749995 0.40224110468749996 0.45136896093749995 0.38628835625 0.46075293124999994 0.3759659890625 0.50391919375 0.369397209375 0.5330095015625 0.37878117968749997 0.546147059375 0.3919187375 0.5968204984375001 0.38910354687500004 0.5958821015625 0.349690871875 0.5536542359375 0.2971406390625 0.501104003125 0.3102781984375 0.50391919375 0.32998453437499997 0.4879664453125 0.34312209375 0.4588761375 0.32998453437499997
6 0.6906601984375 0.6818834140625001 0.697228978125 0.655608296875 0.6887834046875 0.62557959375 0.6653234796875 0.6190108140625 0.655939509375 0.60962684375 0.652185921875 0.58616691875 0.6362331718750001 0.5730293609375 0.6418635546875 0.6387171515625 0.56303820625 0.655608296875 0.5761757640625 0.6978361625 0.6024508796875 0.691267384375 0.6249724078125001 0.6846986046875 0.6418635546875 0.694082575 0.67470745 0.691267384375 0.6906601984375 0.6818834140625001
6 0.7019209625 0.5795981390625 0.7047361546875 0.6227644015625 0.7084897421874999 0.6649922671875 0.7216273 0.7015897515625 0.7281960796875 0.7212960875000001 0.73758005 0.7372488374999999 0.760101578125 0.7372488374999999 0.72350409375 0.516725540625 0.7075513453125 0.5073415703124999 0.7037977578125 0.524232715625 0.7019209625 0.5533230234375 0.7019209625 0.5795981390625
6 0.3988187296875 0.458544925 0.39318834687500004 0.474497675 0.39318834687500004 0.500772790625 0.4025723171875 0.5505078328125 0.4063259046875 0.583351728125 0.4194634640625 0.5927356984375 0.4194634640625 0.612442034375 0.4194634640625 0.6424707390625 0.4260322421875 0.64903951875 0.4476153734375 0.6546699 0.4448001828125 0.5824133312499999 0.4419849921875 0.5730293609375 0.4279090359375 0.5730293609375 0.4082026984375 0.4613601171875 0.3988187296875 0.458544925