5 0.23784164687499998 0.629083809375 0.226479896875 0.7131220218750001 0.22704797656250003 0.7659298390625 0.520124184375 0.7170522828125 0.78030823125 0.504073128125 0.4731533953125 0.2359375 0.37645496093749997 0.3422427890625 0.33043988281250003 0.4064515796875 0.2878333203125 0.47629415937499997 0.2685183375 0.5268751671875 0.23784164687499998 0.629083809375
2 0.2591586640625 0.503301625 0.2466742765625 0.5282704 0.21524806093749999 0.6522532812499999 0.2040551609375 0.7675745828125 0.21783103750000002 0.7675745828125 0.2169700453125 0.7245249703125001 0.22816294374999999 0.650531296875 0.24710477343749998 0.5734724921875001 0.2733650359375 0.5037321203125 0.2591586640625 0.503301625
2 0.46882988125 0.2238265609375 0.3611813640625 0.340298728125 0.298239334375 0.42677048749999996 0.302062915625 0.44441778593750003 0.32059257812499997 0.4141232578125 0.3591225125 0.359416634375 0.3902994046875 0.3208867 0.4744181921875 0.2314737234375 0.46882988125 0.2238265609375
0 0.4179822875 0.4436237046875 0.3026605078125 0.45384456406250007 0.279971578125 0.504403409375 0.2907306796875 0.5123306171875 0.3248159296875 0.5140341125 0.3554926625 0.5461919109375 0.420822725 0.5356114875 0.43786535000000004 0.5299332296875 0.4179822875 0.4436237046875
7 0.475359115625 0.240055240625 0.386169396875 0.3354499703125 0.32595208750000004 0.413809946875 0.30838066875000003 0.4482954546875 0.3248159296875 0.45100543593750003 0.3395861953125 0.422614146875 0.39241834999999997 0.351635921875 0.45263561562500004 0.28747160625 0.489561303125 0.2505629359375 0.475359115625 0.240055240625
7 0.237330446875 0.73925268125 0.246987959375 0.6540788125 0.260053946875 0.59275363125 0.275392334375 0.545011753125 0.29186683750000003 0.5137813343750001 0.279971578125 0.509375 0.243011321875 0.6029744906250001 0.22994533437500003 0.690419671875 0.2276729765625 0.7619657125 0.23562620937499998 0.764237025 0.237330446875 0.73925268125
4 0.4793357109375 0.63193361875 0.5429615359375 0.6273909953125 0.5429615359375 0.6035423296875 0.6117001578125 0.5938892874999999 0.6031788453125 0.53142845 0.61794906875 0.53256410625 0.6315832203125 0.5121223640625 0.62647038125 0.45704326875 0.6077234765624999 0.4428476234375 0.5940894109375 0.44455111875000003 0.58670425625 0.39969285625 0.43053975937500005 0.4227272734375 0.4372972703125 0.48145979531250005 0.42763975781249997 0.48145979531250005 0.43616107031249995 0.5280214812499999 0.3452670703125 0.5501666968750001 0.3594692578125 0.6393153500000001 0.4793357109375 0.63193361875
7 0.554891365625 0.688148359375 0.552050928125 0.674520553125 0.5304635859375 0.67906315625 0.5315997859375 0.66146054375 0.5486424109375 0.6586214140625 0.546370053125 0.629094490625 0.539914759375 0.6336647734375 0.5418253359375 0.6546466515625 0.526486990625 0.6563501234375 0.5287593484374999 0.684173575 0.5475062109375 0.6813344453125 0.550346646875 0.69155530625 0.554891365625 0.688148359375
6 0.5497785687500001 0.6398831671874999 0.5747744703125 0.634204909375 0.5736382265625 0.6234162328124999 0.5480743328125001 0.629094490625 0.5497785687500001 0.630230125 0.5497785687500001 0.6398831671874999
1 0.2588608671875 0.50529776875 0.2753354140625 0.503594296875 0.3049427703125 0.44796517500000005 0.2964214578125 0.42922690625 0.2588608671875 0.50529776875
6 0.6700154656249999 0.4588761375 0.610896453125 0.4025723171875 0.588374925 0.42509384531250005 0.5977588953125 0.45136896093749995 0.61371164375 0.45136896093749995 0.6240340109375 0.46075293124999994 0.630602790625 0.50391919375 0.6212188203125 0.5330095015625 0.6080812625 0.546147059375 0.610896453125 0.5968204984375001 0.650309128125 0.5958821015625 0.7028593609375 0.5536542359375 0.6897218015625 0.501104003125 0.6700154656249999 0.50391919375 0.65687790625 0.4879664453125 0.6700154656249999 0.4588761375
6 0.31811658593750003 0.6906601984375 0.344391703125 0.697228978125 0.37442040625 0.6887834046875 0.3809891859375 0.6653234796875 0.39037315625 0.655939509375 0.41383308124999996 0.652185921875 0.4269706390625 0.6362331718750001 0.3612828484375 0.6418635546875 0.344391703125 0.56303820625 0.30216383750000003 0.5761757640625 0.308732615625 0.6024508796875 0.3153013953125 0.6249724078125001 0.30591742499999997 0.6418635546875 0.308732615625 0.67470745 0.31811658593750003 0.6906601984375
6 0.4204018609375 0.7019209625 0.3772355984375 0.7047361546875 0.33500773281249996 0.7084897421874999 0.2984102484375 0.7216273 0.27870391250000004 0.7281960796875 0.26275116249999997 0.73758005 0.26275116249999997 0.760101578125 0.483274459375 0.72350409375 0.4926584296875 0.7075513453125 0.475767284375 0.7037977578125 0.4466769765625 0.7019209625 0.4204018609375 0.7019209625
6 0.541455075 0.3988187296875 0.5255023249999999 0.39318834687500004 0.499227209375 0.39318834687500004 0.44949216718749996 0.4025723171875 0.41664827187500003 0.4063259046875 0.40726430156250004 0.4194634640625 0.387557965625 0.4194634640625 0.3575292609375 0.4194634640625 0.35096048125 0.4260322421875 0.34533010000000003 0.4476153734375 0.41758666875 0.4448001828125 0.4269706390625 0.4419849921875 0.4269706390625 0.4279090359375 0.5386398828125001 0.4082026984375 0.541455075 0.3988187296875