5 0.3013795796875 0.54137656875 0.3127188125 0.7237672671875 0.31446339375 0.781364346875 0.34324774687500004 0.809290165625 0.37464892031249997 0.8153989515625 0.4531518078125 0.8101629359375 0.54735523125 0.799690653125 0.5979461078125 0.7839824546874999 0.6781934765625001 0.756929203125 0.757568603125 0.729003384375 0.5927828453124999 0.1839294953125 0.24729974062500001 0.30138881562500003 0.2752119515625 0.40349273124999996 0.3013795796875 0.54137656875
0 0.39947901875 0.5931767812500001 0.30638747187500004 0.58522011875 0.3080420296875 0.6489071328125 0.3952750234375 0.660999625 0.39947901875 0.5931767812500001
7 0.40558816875000003 0.70434206875 0.43969141718750004 0.7076138515625 0.5008903484375 0.7132226109375 0.5153725359375 0.711353025 0.5275189218749999 0.699668115625 0.5326577953125 0.6805048078125 0.5377966140625 0.6730264625 0.5354607578125 0.6627437234375 0.51724123125 0.6739612687500001 0.515839696875 0.6926571609375001 0.512102359375 0.6992007 0.5036933640625 0.6992007 0.4868753203125 0.6992007 0.45884526406250004 0.6959289171874999 0.413530003125 0.6926571609375001 0.3943761578125 0.68611358125 0.3906387671875 0.677700428125 0.38643426875000003 0.6702220703124999 0.3801137 0.65996545 0.36634610156249997 0.65760236875 0.38736864375 0.69639630625 0.40558816875000003 0.70434206875
1 0.3065209453125 0.58396884375 0.25956504062499997 0.580127796875 0.26399484218749997 0.6471983984375 0.308883503125 0.6466074609375 0.3065209453125 0.58396884375
2 0.2750397671875 0.6814696859375 0.2762781546875 0.7226669578125 0.2762781546875 0.7527130671875 0.275658996875 0.8032029546875 0.2861854390625 0.8279832562499999 0.3159877484375 0.8245824484375 0.3073399515625 0.8102965296875 0.3021110765625 0.7990287515625 0.3016655046875 0.7870957515625 0.2993611875 0.64691440625 0.2752278171875 0.6465119828125 0.2741109765625 0.659167421875 0.2750397671875 0.6814696859375
3 0.3160534328125 0.824914365625 0.278043390625 0.8291397734375 0.2844789390625 0.843023284375 0.299763403125 0.859522521875 0.3132378703125 0.87079029375 0.32530455625 0.87730396875 0.32771790156249997 0.8348486156250001 0.34461125625 0.8449091265625001 0.3540635109375 0.8475248656250001 0.41031717656250005 0.8484582671875 0.4990643421875 0.843500653125 0.5680455421875 0.8312268296875001 0.617524028125 0.8210300078125 0.6802846921875 0.8010453 0.7539457515625 0.7739258765625 0.777519915625 0.7621490015625 0.7656543390625 0.7434364453125 0.7264376125 0.7597344703125 0.669321965625 0.7800567 0.6160274359375 0.7967571453125 0.5550035906249999 0.8122503359375 0.518803534375 0.8184878484375 0.5023087875 0.8213047953125001 0.43996425625 0.8255302140625 0.3953175109375 0.8273411015625 0.3575085546875 0.8273411015625 0.3349840734375 0.8150672812499999 0.3229174 0.7989704578125 0.31095041874999996 0.7693487953125 0.3079930109375 0.64809503125 0.3001345921875 0.647415421875 0.3017745328125 0.7965437468750001 0.30552995312500003 0.8066747375000001 0.3141777609375 0.82277155625 0.3160534328125 0.824914365625
2 0.404656415625 0.8756742750000001 0.4770333328125 0.8704015109375 0.5390404890625 0.8633711796875 0.623714471875 0.8443892640625 0.7426003359375 0.8085345531250001 0.7930556328125 0.7851604531249999 0.7793532109375 0.76125730625 0.7495460203125 0.7762022171875 0.6968443671875 0.7948326109375 0.6511695953125 0.807838740625 0.6019813921875 0.8233054890625 0.5311022249999999 0.8365208046875001 0.49210299375 0.844254159375 0.42815833281250004 0.8477693140625 0.3751053015625 0.8477693140625 0.3470751734375 0.8467006906250001 0.32836248437500004 0.8369137296875 0.327711990625 0.8661833124999999 0.344225184375 0.8735651750000001 0.357224928125 0.8763773078125 0.404656415625 0.8756742750000001
2 0.35806540781249996 0.82840714375 0.42477780625 0.82840714375 0.446283771875 0.825992015625 0.47042310625 0.8235769 0.5239363359375 0.8183727718749999 0.5706789 0.8073949546874999 0.5949101515625 0.8031559625 0.6169825609374999 0.795758465625 0.652186253125 0.7862501187500001 0.6757948046875 0.7779743906250001 0.7256096640624999 0.759751221875 0.7620381359375 0.7452604859374999 0.7541379796875 0.7274764109375 0.7255152265625 0.740988725 0.6330660109374999 0.7726346921875 0.5545195125 0.7964176968750001 0.5055323109375001 0.803781859375 0.46345564218749996 0.8076833296875 0.41307322500000004 0.8111256062500001 0.3780245875 0.813316146875 0.373643509375 0.813316146875 0.3420371484375 0.8076833296875 0.321070553125 0.7898460765624999 0.331073221875 0.8112817390625 0.3369983328125 0.8174293265625 0.35806540781249996 0.82840714375
2 0.2859345765625 0.5076554984375 0.2690351328125 0.43693221718749997 0.25252869375000003 0.3689080671875 0.23955938125 0.3311605875 0.2301271265625 0.30363636562499996 0.20536749062499998 0.3130732421875 0.2155857515625 0.34369442031249997 0.23484324218750002 0.41171856250000005 0.2521356890625 0.48524752656250003 0.2659837890625 0.5736250359375 0.270607171875 0.5811845078125 0.2953668078125 0.5823640984375 0.2859345765625 0.5076554984375
3 0.2894229484375 0.5321198265625 0.2937460609375 0.582843034375 0.3063030625 0.584721984375 0.3003882453125 0.538248415625 0.2957408875 0.5074068656249999 0.2856012 0.45163858437500004 0.272504103125 0.398405225 0.24815689531250001 0.29893464999999997 0.23061425624999998 0.305406084375 0.2582591984375 0.3923898625 0.28156275625 0.48926068437500003 0.2894229484375 0.5321198265625
3 0.241042484375 0.46365774687499994 0.252361365625 0.5386439015625 0.25695009999999996 0.58149311875 0.27132812500000003 0.58149311875 0.26582162343750004 0.575065728125 0.255816578125 0.50317593125 0.236275709375 0.41642066250000004 0.21962836718749998 0.356097340625 0.20531879062499997 0.31401023125 0.19882610625 0.31710870625 0.2190165453125 0.373424828125 0.241042484375 0.46365774687499994
6 0.3445043109375 0.35426363906249997 0.386469425 0.3230337859375 0.406964015625 0.30741886093750004 0.437217934375 0.30741886093750004 0.44404946562500003 0.3171781890625 0.4196511421875 0.3210819203125 0.42355487500000005 0.336696846875 0.441121665625 0.33474498124999996 0.4752793171875 0.3415765109375 0.49577390781249997 0.3435283765625 0.519196296875 0.3298653171875 0.5328593578125 0.30644292812499996 0.5367630890624999 0.2966835984375 0.5640892109375 0.30351512812500003 0.5982468609375 0.3093707265625 0.604102459375 0.2615500140625 0.5943431296874999 0.20494590625 0.5572576796875001 0.213729303125 0.2488628875 0.3005873296875 0.2800927390625 0.388421290625 0.310346659375 0.381589759375 0.3445043109375 0.35426363906249997
6 0.437217934375 0.37768602812499996 0.5055332375 0.3825656921875 0.62850078125 0.3952528203125 0.5982468609375 0.36499890156250003 0.5845838015625 0.3376727796875 0.5640892109375 0.33084125000000003 0.5328593578125 0.3337690484375 0.5055332375 0.35426363906249997 0.47820711562499996 0.36109516875000003 0.441121665625 0.355239571875 0.42062707499999996 0.355239571875 0.40306028281249995 0.3640229671875 0.386469425 0.388421290625 0.3825656921875 0.42550674062500005 0.3825656921875 0.4528328609375 0.3825656921875 0.48015898124999995 0.37963789375 0.511388834375 0.3757341625 0.5348112234375 0.34548024375 0.552378015625 0.3279134515625 0.5494502171875 0.31132259218749997 0.54652241875 0.314250390625 0.5865356671875 0.396228753125 0.589463465625 0.4196511421875 0.37866196093750004 0.437217934375 0.37768602812499996
6 0.4086637921875 0.6884202140625 0.46626070156250005 0.695962665625 0.4998589 0.70007673125 0.5115154171875 0.6973340203125 0.5183721921875 0.6877345359375 0.5190578703125001 0.671963953125 0.516315159375 0.644536853125 0.492316446875 0.644536853125 0.4847739953125 0.6733353078125 0.3839794015625 0.6644215 0.389464821875 0.678820728125 0.396321596875 0.6863631812500001 0.4086637921875 0.6884202140625
6 0.533457096875 0.7069335062500001 0.5649982625 0.7192757015625 0.5814545234375 0.7192757015625 0.6006534921875 0.7151616359374999 0.6150527203125 0.7007624078125 0.6246522062500001 0.6911629234375 0.6294519484375 0.678820728125 0.6273949156249999 0.66922124375 0.6253378828125 0.6356230453125 0.6369944000000001 0.582825878125 0.64179414375 0.5396281953125001 0.6534506609374999 0.5135724500000001 0.6534506609374999 0.486831028125 0.644536853125 0.4559755390625 0.64179414375 0.424434375 0.6273949156249999 0.39563591875 0.6054532359375 0.6527649828125 0.5821402 0.6664785328125 0.550599034375 0.6644215 0.5389425171875 0.654822015625 0.5341427750000001 0.6781350500000001 0.5293430328125 0.692534278125 0.5266003218749999 0.70007673125 0.533457096875 0.7069335062500001
7 0.2856012 0.411502321875 0.27968638281249997 0.3895329984375 0.25011229375 0.299120784375 0.242930015625 0.2999657578125 0.272504103125 0.400940146875 0.2898260703125 0.4807901859375 0.296163375 0.53064365 0.3020781921875 0.5838770109375 0.313485340625 0.584721984375 0.3063030625 0.5285312156249999 0.299120784375 0.482480134375 0.293205965625 0.44868117500000004 0.2856012 0.411502321875
7 0.313485340625 0.732169940625 0.3105279328125 0.7693487953125 0.32109010625 0.79089563125 0.31982264531250004 0.6489400062499999 0.309260471875 0.64809503125 0.31221787968750003 0.686541346875 0.313485340625 0.732169940625