5 0.68553660625 0.218635653125 0.656752253125 0.190709834375 0.6253510796875 0.1846010484375 0.5468481921875 0.1898370640625 0.45264476875000004 0.200309346875 0.4020538921875 0.2160175453125 0.3218065234375 0.24307079687500002 0.24243139687499998 0.270996615625 0.4072171546875 0.8160705046875 0.752700259375 0.698611184375 0.7247880484375 0.59650726875 0.6986204203125 0.45862343125000005 0.6872811875 0.2762327328125 0.68553660625 0.218635653125
0 0.6919579703125 0.3510928671875 0.6047249765625 0.339000375 0.6005209812500001 0.40682321874999994 0.693612528125 0.41477988125 0.6919579703125 0.3510928671875
7 0.49910965156250003 0.2867773890625 0.4846274640625 0.288646975 0.47248107812500006 0.30033188437499997 0.46734220468750004 0.3194951921875 0.4622033859375 0.3269735375 0.4645392421875 0.3372562765625 0.48275876875 0.32603873125 0.484160303125 0.30734283906250004 0.48789764062499996 0.3007993 0.4963066359375 0.3007993 0.5131246796875 0.3007993 0.5411547359375 0.3040710828125 0.586469996875 0.30734283906250004 0.6056238421875 0.31388641875 0.6093612328125 0.322299571875 0.61356573125 0.32977792968749997 0.6198863 0.34003455 0.6336538984375 0.34239763125 0.61263135625 0.30360369375 0.59441183125 0.29565793125 0.5603085828125 0.2923861484375 0.49910965156250003 0.2867773890625
1 0.7360051578125 0.3528016015625 0.691116496875 0.3533925390625 0.6934790546875 0.41603115625 0.740434959375 0.419872203125 0.7360051578125 0.3528016015625
2 0.7237218453125001 0.24728693281249997 0.7243410031249999 0.1967970453125 0.7138145609375 0.17201674375 0.6840122515625 0.1754175515625 0.6926600484375001 0.1897034703125 0.6978889234375 0.2009712484375 0.6983344953125 0.21290424843750003 0.7006388125 0.35308559375000004 0.7247721828125 0.3534880171875 0.7258890234375001 0.340832578125 0.7249602328125 0.3185303140625 0.7237218453125001 0.2773330421875 0.7237218453125001 0.24728693281249997
3 0.7155210609375 0.15697671562499999 0.7002365968750001 0.140477478125 0.6867621296875 0.12920970625 0.67469544375 0.12269603124999999 0.6722820984375 0.16515138437500002 0.65538874375 0.1550908734375 0.6459364890625 0.152475134375 0.5896828234375 0.1515417328125 0.5009356578124999 0.156499346875 0.43195445781249997 0.1687731703125 0.38247597187500004 0.1789699921875 0.3197153078125 0.19895469999999998 0.24605424843749998 0.22607412343750002 0.22248008437500003 0.2378509984375 0.2343456609375 0.2565635546875 0.2735623875 0.24026552968749998 0.330678034375 0.2199433 0.3839725640625 0.20324285468749997 0.444996409375 0.1877496640625 0.48119646562499996 0.1815121515625 0.49769121250000004 0.1786952046875 0.56003574375 0.1744697859375 0.6046824890625 0.17265889843749999 0.6424914453125 0.17265889843749999 0.6650159265625 0.18493271875 0.6770826 0.2010295421875 0.68904958125 0.2306512046875 0.6920069890625 0.35190496875 0.6998654078125 0.352584578125 0.6982254671875 0.20345625312500001 0.694470046875 0.19332526249999998 0.6858222390625001 0.17722844375 0.6839465671875 0.175085634375 0.7219566093750001 0.1708602265625 0.7155210609375 0.15697671562499999
2 0.46095951093750004 0.1366288203125 0.376285528125 0.15561073593750002 0.2573996640625 0.191465446875 0.20694436718749998 0.214839546875 0.2206467890625 0.23874269374999998 0.2504539796875 0.2237977828125 0.3031556328125 0.2051673890625 0.34883040468750004 0.192161259375 0.3980186078125 0.1766945109375 0.468897775 0.1634791953125 0.50789700625 0.15574584062500002 0.5718416671875 0.1522306859375 0.6248946984375 0.1522306859375 0.6529248265625001 0.153299309375 0.671637515625 0.1630862703125 0.672288009375 0.1338166875 0.655774815625 0.126434825 0.6427750718749999 0.1236226921875 0.595343584375 0.12432572500000001 0.5229666671875 0.1295984890625 0.46095951093750004 0.1366288203125
2 0.553716228125 0.174007984375 0.52957689375 0.1764231 0.4760636640625 0.181627228125 0.4293211 0.1926050453125 0.40508984843749996 0.19684403749999999 0.38301743906249996 0.204241534375 0.347813746875 0.21374988125 0.32420519531249997 0.22202560937500002 0.2743903359375 0.240248778125 0.2379618640625 0.2547395140625 0.2458620203125 0.2725235890625 0.2744847734375 0.259011275 0.36693398906249997 0.22736530781250003 0.44548048749999997 0.203582303125 0.4944676890625 0.196218140625 0.5365443578125 0.1923166703125 0.586926775 0.18887439374999998 0.6219754125 0.186683853125 0.626356490625 0.186683853125 0.6579628515625 0.1923166703125 0.678929446875 0.2101539234375 0.668926778125 0.1887182609375 0.6630016671875001 0.1825706734375 0.6419345921875 0.17159285625 0.5752221937499999 0.17159285625 0.553716228125 0.174007984375
2 0.74747130625 0.6310919328125 0.76044061875 0.6688394125 0.7698728734375 0.696363634375 0.794632509375 0.6869267578125 0.7844142484375001 0.6563055796875 0.7651567578125 0.5882814375 0.7478643109374999 0.5147524734375 0.7340162109375 0.4263749640625 0.7293928281250001 0.4188154921875 0.7046331921875 0.41763590156249997 0.7140654234375 0.4923445015625 0.7309648671875 0.5630677828125 0.74747130625 0.6310919328125
3 0.6936969375 0.41527801562500005 0.6996117546875 0.46175158437499997 0.7042591125000001 0.492593134375 0.7143988 0.548361415625 0.727495896875 0.6015947749999999 0.7518431046875 0.70106535 0.76938574375 0.694593915625 0.7417408015625 0.6076101375 0.7184372437500001 0.510739315625 0.7105770515625001 0.4678801734375 0.7062539390625 0.417156965625 0.6936969375 0.41527801562500005
3 0.7430499 0.41850688125 0.7286718750000001 0.41850688125 0.7341783765625001 0.42493427187500005 0.7441834218750001 0.49682406874999996 0.763724290625 0.5835793375 0.7803716328125 0.643902659375 0.794681209375 0.6859897687500001 0.80117389375 0.68289129375 0.7809834546875 0.626575171875 0.7589575156249999 0.5363422531250001 0.747638634375 0.4613560984375 0.7430499 0.41850688125
6 0.5930359843749999 0.6925811390625001 0.562782065625 0.6925811390625001 0.555950534375 0.6828218109375 0.5803488578125 0.6789180796875 0.576445125 0.663303153125 0.558878334375 0.66525501875 0.5247206828125 0.6584234890625 0.5042260921875 0.6564716234375 0.480803703125 0.6701346828125 0.4671406421875 0.693557071875 0.4632369109375 0.7033164015625 0.4359107890625 0.696484871875 0.4017531390625 0.6906292734374999 0.395897540625 0.7384499859375 0.40565687031250003 0.7950540937499999 0.44274232031249994 0.7862706968750001 0.7511371125 0.6994126703125 0.7199072609375 0.611578709375 0.6896533406249999 0.618410240625 0.6554956890625 0.6457363609375 0.613530575 0.6769662140625 0.5930359843749999 0.6925811390625001
6 0.37149921875 0.6047471796874999 0.4017531390625 0.6350010984375001 0.41541619843750005 0.6623272203125 0.4359107890625 0.66915875 0.4671406421875 0.6662309515625 0.4944667625 0.6457363609375 0.521792884375 0.63890483125 0.558878334375 0.644760428125 0.579372925 0.644760428125 0.5969397171875 0.6359770328125001 0.613530575 0.611578709375 0.6174343078125 0.574493259375 0.6174343078125 0.5471671390624999 0.6174343078125 0.51984101875 0.62036210625 0.48861116562499995 0.6242658375000001 0.4651887765625 0.65451975625 0.447621984375 0.6720865484375 0.45054978281249997 0.6886774078125 0.45347758125000004 0.685749609375 0.41346433281249995 0.603771246875 0.410536534375 0.5803488578125 0.6213380390625 0.562782065625 0.6223139718749999 0.4944667625 0.6174343078125 0.37149921875 0.6047471796874999
6 0.5001411 0.29992326875 0.4884845828125 0.30266597968750003 0.48162780781250003 0.3122654640625 0.48094212968749994 0.328036046875 0.48368484062499995 0.35546314687499997 0.507683553125 0.35546314687499997 0.5152260046875 0.3266646921875 0.6160205984375 0.3355785 0.610535178125 0.321179271875 0.603678403125 0.31363681875 0.5913362078125 0.3115797859375 0.5337392984375 0.30403733437499997 0.5001411 0.29992326875
6 0.41854547656249996 0.2807242984375 0.3993465078125 0.28483836406249996 0.38494727968750003 0.2992375921875 0.37534779375 0.30883707656250003 0.37054805156250004 0.321179271875 0.372605084375 0.33077875625000003 0.37466211718750003 0.36437695468750003 0.36300560000000004 0.417174121875 0.35820585625 0.46037180468749994 0.34654933906249996 0.48642755 0.34654933906249996 0.513168971875 0.35546314687499997 0.5440244609375 0.35820585625 0.5755656250000001 0.372605084375 0.60436408125 0.3945467640625 0.3472350171875 0.4178598 0.33352146718750003 0.44940096562500004 0.3355785 0.46105748281250003 0.34517798437499997 0.465857225 0.32186495000000004 0.4706569671875 0.307465721875 0.473399678125 0.29992326875 0.466542903125 0.29306649375 0.43500173750000004 0.2807242984375 0.41854547656249996 0.2807242984375
7 0.74988770625 0.700879215625 0.757069984375 0.7000342421875 0.727495896875 0.599059853125 0.7101739296875 0.5192098140625 0.703836625 0.46935635 0.6979218078125 0.4161229890625 0.686514659375 0.41527801562500005 0.6936969375 0.471468784375 0.700879215625 0.517519865625 0.706794034375 0.551318825 0.7143988 0.588497678125 0.7203136171875 0.6104670015625 0.74988770625 0.700879215625
7 0.67890989375 0.20910436875 0.6801773546875001 0.35105999374999997 0.6907395281250001 0.35190496875 0.6877821203125001 0.313458653125 0.686514659375 0.267830059375 0.6894720671875 0.2306512046875 0.67890989375 0.20910436875