5 0.56950739375 0.2848587703125 0.46063098125 0.209948075 0.1609882015625 0.7026836390625 0.300573346875 0.7892264296875 0.8416984281250001 0.625446525 0.7802809640625 0.51098670625 0.709092540625 0.4179299421875 0.64395280625 0.34674151875 0.56950739375 0.2848587703125
2 0.688628525 0.39466230156250004 0.7332323546875 0.44882409531249995 0.7778361859375 0.5066270187499999 0.8401905203125001 0.62587399375 0.859870346875 0.6185890625 0.7892147140625 0.492062503125 0.7038623171875 0.38014200625 0.6553380796875 0.3305742375 0.6408387062500001 0.345507059375 0.688628525 0.39466230156250004
3 0.7403859359375 0.424492115625 0.7983019609374999 0.5043223125 0.8603921140624999 0.61754553125 0.882306284375 0.6107625734375 0.81812906875 0.49597405625 0.74142946875 0.39318615625 0.6694257625 0.31648655625 0.6542945484375 0.3305742375 0.7403859359375 0.424492115625
2 0.5226027656250001 0.25265913281249996 0.5850125046875 0.29678723125 0.5958460515625 0.2813109640625 0.533234134375 0.23435202500000002 0.466969853125 0.1952195765625 0.45861702343750005 0.208846234375 0.5226027656250001 0.25265913281249996
3 0.4795029421875 0.18239269687499998 0.468024090625 0.1970021453125 0.535331903125 0.2371781265625 0.5969002890625 0.2836152984375 0.6125532687499999 0.2690058515625 0.5483760531249999 0.22048161406250003 0.4795029421875 0.18239269687499998
2 0.48002470781250006 0.18187093125 0.544435915625 0.2173127171875 0.612031503125 0.26796231875 0.626119184375 0.24761344531249999 0.49985181562500003 0.1583914625 0.48002470781250006 0.18187093125
2 0.7688070609375 0.42531397968749995 0.822546784375 0.49989155468749996 0.88231851875 0.6112095531249999 0.9058981921875 0.60353245 0.8296755234375001 0.46698968281250003 0.7468724812499999 0.35567168437499996 0.6909392999999999 0.30028686875 0.6679079890625 0.31783453281249996 0.7688070609375 0.42531397968749995
1 0.6885106828125 0.29867523125 0.6273973515625 0.2464331890625 0.5853904046875 0.29501984375 0.6410467328125 0.3438261625 0.6885106828125 0.29867523125
0 0.6410467328125 0.3441115796875 0.5851049875000001 0.29501984375 0.5312917078125 0.351902971875 0.5864908468750001 0.40315931406249994 0.6410467328125 0.3441115796875
4 0.6346608875 0.476992415625 0.6062578546874999 0.45054821250000004 0.5886283859375 0.47111592656249995 0.545534128125 0.42802166875000003 0.5602253515625 0.4103922 0.5788342359375 0.42018635 0.5866695546875 0.409412784375 0.5465135421875 0.3751332609375 0.51713109375 0.3408537375 0.33300108281249996 0.5328190687500001 0.353568796875 0.5563250281250001 0.3437746484375 0.5670985921875 0.395683640625 0.6121516796875001 0.42506608906250004 0.64251354375 0.43681906875000004 0.63271939375 0.46620151718749997 0.6621018421875 0.604299025 0.5210660890625001 0.598422534375 0.5132307703125 0.6346608875 0.476992415625
7 0.587959159375 0.439726296875 0.61213434375 0.4084333703125 0.6013607796875 0.38786565624999997 0.590587215625 0.3986392203125 0.5994019500000001 0.4084333703125 0.593525459375 0.41333044531249996 0.5771133109375 0.4297367 0.587959159375 0.439726296875
6 0.28794799531250004 0.6239046593750001 0.326145178125 0.6581841828125 0.3643423609375 0.6503488625 0.4377984828125 0.7198873234375001 0.49362513437500005 0.6650400875 0.490686890625 0.6532871078125 0.5190899234375 0.6454517875 0.5386782234374999 0.614110509375 0.567560984375 0.6022066546875 0.581670359375 0.6017515140625 0.589407759375 0.5926486921875 0.5980554406249999 0.5862767156250001 0.5980554406249999 0.5525962718749999 0.6180816499999999 0.5366663328125 0.6212676375 0.5302943578125 0.6171713671875 0.52710836875 0.6435695531250001 0.49843447812499997 0.6531275171875001 0.4966139140625 0.6676920328125 0.4902419375 0.6804359843750001 0.4747671390625 0.677249996875 0.4556512125 0.6713331625000001 0.4456381078125 0.649031246875 0.42970816875000006 0.64402469375 0.4265221796875 0.6424962078124999 0.42018635 0.6327020578125 0.38786565624999997 0.6150725890625 0.391783315625 0.610432875 0.3991928734375 0.610432875 0.4136314953125 0.5992028359375 0.43849801250000003 0.6361015375 0.4802095890625 0.6327020578125 0.49951896093750003 0.56708125625 0.569057421875 0.4663369734375 0.66104829375 0.4409490015625 0.6347695140625 0.428477715625 0.643677575 0.394704225 0.61802816875 0.3460781546875 0.5643958359375 0.35365000625 0.555042371875 0.3322706609375 0.5332176234375 0.3367246921875 0.523864159375 0.33494307968750003 0.5207463375 0.32737122812499997 0.52252795 0.3229171984375 0.52252795 0.312227525 0.52698198125 0.30910970312499997 0.5318814140625 0.3042102703125 0.53633544375 0.29797462812500003 0.5443526984375 0.28550334374999997 0.5612780140625 0.2791332609375 0.5857074765625 0.28794799531250004 0.6239046593750001
6 0.1959967734375 0.6585034375000001 0.1874379625 0.6525122703124999 0.16946445937500001 0.6876033953125 0.318387771875 0.7774709125 0.37230828125 0.7689121015625 0.31924365312499997 0.7244062828125 0.2319437796875 0.6790445843749999 0.1994202984375 0.6704857734375 0.1959967734375 0.6585034375000001