5 0.5820700578125 0.709092540625 0.65325848125 0.64395280625 0.7151412296874999 0.56950739375 0.790051925 0.46063098125 0.29731636093749997 0.1609882015625 0.2107735703125 0.300573346875 0.374553475 0.8416984281250001 0.48901329374999997 0.7802809640625 0.5820700578125 0.709092540625
2 0.6694257625 0.6553380796875 0.654492940625 0.6408387062500001 0.6053376984375001 0.688628525 0.5511759046875 0.7332323546875 0.49337298125 0.7778361859375 0.37412600625 0.8401905203125001 0.3814109375 0.859870346875 0.507937496875 0.7892147140625 0.61985799375 0.7038623171875 0.6694257625 0.6553380796875
3 0.68351344375 0.6694257625 0.6694257625 0.6542945484375 0.575507884375 0.7403859359375 0.4956776875 0.7983019609374999 0.38245446875 0.8603921140624999 0.3892374265625 0.882306284375 0.50402594375 0.81812906875 0.60681384375 0.74142946875 0.68351344375 0.6694257625
2 0.8047804234375 0.466969853125 0.7911537656250001 0.45861702343750005 0.7473408671875 0.5226027656250001 0.70321276875 0.5850125046875 0.7186890359375 0.5958460515625 0.765647975 0.533234134375 0.8047804234375 0.466969853125
3 0.7309941484375 0.6125532687499999 0.7795183859375 0.5483760531249999 0.8176073031250001 0.4795029421875 0.8029978546875001 0.468024090625 0.7628218734375001 0.535331903125 0.7163847015625 0.5969002890625 0.7309941484375 0.6125532687499999
2 0.7523865546875 0.626119184375 0.8416085375 0.49985181562500003 0.81812906875 0.48002470781250006 0.7826872828125 0.544435915625 0.73203768125 0.612031503125 0.7523865546875 0.626119184375
2 0.69971313125 0.6909392999999999 0.6821654671874999 0.6679079890625 0.5746860203125 0.7688070609375 0.5001084453125 0.822546784375 0.388790446875 0.88231851875 0.39646755 0.9058981921875 0.5330103171875 0.8296755234375001 0.6443283156249999 0.7468724812499999 0.69971313125 0.6909392999999999
1 0.70498015625 0.5853904046875 0.6561738375 0.6410467328125 0.7013247687499999 0.6885106828125 0.7535668109375 0.6273973515625 0.70498015625 0.5853904046875
0 0.648097028125 0.5312917078125 0.5968406859375001 0.5864908468750001 0.6558884203125 0.6410467328125 0.70498015625 0.5851049875000001 0.648097028125 0.5312917078125
4 0.4789339109375 0.604299025 0.4867692296875 0.598422534375 0.523007584375 0.6346608875 0.5494517875 0.6062578546874999 0.5288840734375 0.5886283859375 0.57197833125 0.545534128125 0.5896078 0.5602253515625 0.57981365 0.5788342359375 0.590587215625 0.5866695546875 0.6248667390625 0.5465135421875 0.6591462625 0.51713109375 0.46718093125 0.33300108281249996 0.443674971875 0.353568796875 0.43290140781249997 0.3437746484375 0.3878483203125 0.395683640625 0.35748645625000003 0.42506608906250004 0.36728060625 0.43681906875000004 0.3378981578125 0.46620151718749997 0.4789339109375 0.604299025
7 0.5866695546875 0.593525459375 0.5702632999999999 0.5771133109375 0.560273703125 0.587959159375 0.5915666296875 0.61213434375 0.61213434375 0.6013607796875 0.6013607796875 0.590587215625 0.5915666296875 0.5994019500000001 0.5866695546875 0.593525459375
6 0.43872198593749995 0.28550334374999997 0.4142925234375 0.2791332609375 0.376095340625 0.28794799531250004 0.3418158171875 0.326145178125 0.3496511375 0.3643423609375 0.2801126765625 0.4377984828125 0.3349599125 0.49362513437500005 0.3467128921875 0.490686890625 0.3545482125 0.5190899234375 0.385889490625 0.5386782234374999 0.3977933453125 0.567560984375 0.3982484859375 0.581670359375 0.4073513078125 0.589407759375 0.41372328437499994 0.5980554406249999 0.447403728125 0.5980554406249999 0.4633336671875 0.6180816499999999 0.4697056421875 0.6212676375 0.47289163125 0.6171713671875 0.501565521875 0.6435695531250001 0.5033860859375 0.6531275171875001 0.5097580625 0.6676920328125 0.5252328609375 0.6804359843750001 0.5443487874999999 0.677249996875 0.5543618921875 0.6713331625000001 0.5702918312499999 0.649031246875 0.5734778203124999 0.64402469375 0.57981365 0.6424962078124999 0.61213434375 0.6327020578125 0.608216684375 0.6150725890625 0.6008071265625 0.610432875 0.5863685046875 0.610432875 0.5615019875 0.5992028359375 0.5197904109375 0.6361015375 0.5004810390625 0.6327020578125 0.430942578125 0.56708125625 0.33895170625 0.4663369734375 0.3652304859375 0.4409490015625 0.356322425 0.428477715625 0.38197183125 0.394704225 0.4356041640625 0.3460781546875 0.44495762812499995 0.35365000625 0.4667823765625 0.3322706609375 0.47613584062500003 0.3367246921875 0.4792536625 0.33494307968750003 0.47747205 0.32737122812499997 0.47747205 0.3229171984375 0.47301801875000005 0.312227525 0.4681185859375 0.30910970312499997 0.46366455625 0.3042102703125 0.45564730156250005 0.29797462812500003 0.43872198593749995 0.28550334374999997
6 0.32095541562499996 0.2319437796875 0.3295142265625 0.1994202984375 0.3414965625 0.1959967734375 0.34748772968749997 0.1874379625 0.3123966046875 0.16946445937500001 0.22252908749999997 0.318387771875 0.2310878984375 0.37230828125 0.2755937171875 0.31924365312499997 0.32095541562499996 0.2319437796875