5 0.951061834375 0.0440629921875 0.2111686390625 0.0215561015625 0.0504156203125 0.8437821218750001 0.19489420625 0.8838086125 0.28246394218750004 0.9125673546874999 0.402829246875 0.97946284375 0.790934321875 0.3160210765625 0.951061834375 0.0440629921875
0 0.3767987296875 0.744199084375 0.36950733593749996 0.73885476875 0.364646396875 0.7286518171874999 0.3530030421875 0.72254235625 0.33995429062500004 0.727349790625 0.29874771093749997 0.7158805375 0.27714966875 0.7607182124999999 0.2854132484375 0.7689777203125 0.2883298171875 0.777723075 0.29659338125 0.7859826390625 0.3126344671875 0.797157284375 0.32138411875 0.8088177765625 0.3267311421875 0.821935865625 0.322842403125 0.84428515625 0.30126711093749997 0.9230375921875 0.3398557015625 0.944371115625 0.416172240625 0.749057609375 0.4040199359375 0.7485718171875 0.3923536875 0.745170834375 0.3767987296875 0.744199084375
1 0.300894028125 0.9208666875 0.29010663124999997 0.9472229265625 0.276122975 0.946024934375 0.27361169531249996 0.9485741875 0.333608478125 0.9736277890625 0.3352538640625 0.9639950687500001 0.340048278125 0.9408334984375 0.300894028125 0.9208666875
2 0.38692875937500004 0.99883580625 0.4033096125 0.9732782734375001 0.33898480468750003 0.94173064375 0.3346562453125 0.9726964078125 0.38692875937500004 0.99883580625
2 0.2900633546875 0.9487957093749999 0.3024488484375 0.9224394703125001 0.262895071875 0.9064660124999999 0.17020346718749998 0.8749183828125 0.1154674078125 0.858944925 0.051262876562500004 0.8446640015625 0.0447500796875 0.881307765625 0.10228282656250001 0.8912912171875 0.186983825 0.912456065625 0.2760796859375 0.9463996796874999 0.2900633546875 0.9487957093749999
4 0.4842998109375 0.5351897515624999 0.45863412031250006 0.5258044046875 0.4673980234375 0.5101623015625 0.37600316875 0.47449815156249997 0.369743234375 0.49639715312500005 0.35409341250000004 0.4970229 0.335313640625 0.4913917484375 0.322793840625 0.50015135 0.31402986718750003 0.5114136515625 0.2733403734375 0.49514587343749994 0.1756855484375 0.754179478125 0.262698521875 0.7954747078125 0.29838006250000004 0.7009962 0.42357854531249994 0.752928128125 0.49869762968750003 0.55708868125 0.4842998109375 0.5351897515624999
6 0.6028683499999999 0.30679849843749996 0.5803914156250001 0.309861865625 0.5814131375 0.344582053125 0.60591738125 0.3672777734375 0.6181935281250001 0.368069115625 0.6284102734375 0.3476455375 0.625345284375 0.326200915625 0.620236853125 0.3057773375 0.6028683499999999 0.30679849843749996
6 0.48031365312499996 0.1716515875 0.5740647140624999 0.1986210703125 0.6549731624999999 0.23458038124999997 0.7050593468749999 0.324478659375 0.7012065625 0.41822972031249994 0.7179019578125 0.44519920312499994 0.9529217390625 0.041941215625 0.21061882187499997 0.018824515625 0.14383724375 0.36043797031249997 0.1964919484375 0.2936563921875 0.2645577875 0.18963124375 0.3403291921875 0.18963124375 0.4122478140625 0.17678863281249999 0.48031365312499996 0.1716515875
6 0.36176770937499997 0.5259318937499999 0.43155438437500004 0.550798409375 0.4371694046875 0.5283383296874999 0.457223046875 0.5259318937499999 0.48529814687500006 0.5315469125 0.49251745781249995 0.5564134296875001 0.4203243453125 0.7505326890624999 0.44037798749999996 0.74732410625 0.44599300781249995 0.7393026484375 0.459629484375 0.71924900625 0.47085952343750004 0.7080189671875 0.47085952343750004 0.674328846875 0.47647454375000003 0.6438473109375 0.490913165625 0.6213872312500001 0.49893462343749995 0.6101571921875 0.5270097234375 0.6101571921875 0.5326247421875 0.604542171875 0.535833325 0.59331213125 0.529416159375 0.5788735093749999 0.5125711 0.5676434687499999 0.49813247812499994 0.5034718140625001 0.4901110203125 0.47218813125 0.48128741875000003 0.46978169375 0.47888098125 0.4665731125 0.4451908609375 0.452936634375 0.41711576250000004 0.4417065953125 0.400270703125 0.43288299218750004 0.3778106234375 0.4160379328125 0.3521419609375 0.4056100390625 0.32968188125000003 0.411225059375 0.310430384375 0.42807011875 0.279146703125 0.419246515625 0.2631037890625 0.416840078125 0.251071603125 0.4224550984375 0.248665165625 0.45053019843750003 0.23743512656250002 0.4842203171875 0.2286115234375 0.5179104359375 0.2181836296875 0.5540069921875 0.22379865 0.5820820921875 0.23182010625 0.604542171875 0.2687188078125 0.49545035625 0.3136389671875 0.5058782515625 0.328077590625 0.4898353375 0.3561526890625 0.49224177343750003 0.36176770937499997 0.5259318937499999
6 0.23213040468749999 0.8255588078124999 0.2417452734375 0.8427282171874999 0.2465527078125 0.8475356515625 0.2554808 0.8427282171874999 0.2596014578125 0.819377821875 0.269216328125 0.8097629515625 0.278831196875 0.8022084125 0.2898196171875 0.7898464390625 0.2946270515625 0.785039003125 0.285698959375 0.7637489375000001 0.276084090625 0.76100183125 0.266469221875 0.7898464390625 0.21358744375 0.768556371875 0.1723808625 0.7465795281250001 0.167573428125 0.75413406875 0.1813089546875 0.785039003125 0.1909238234375 0.7967142015625 0.20809323281249997 0.7994613078125 0.21770810156249998 0.7994613078125 0.23213040468749999 0.8255588078124999
6 0.2973741578125 0.7149878171874999 0.320724553125 0.72254235625 0.333086528125 0.727349790625 0.34750883125 0.7252894624999999 0.35231626562499996 0.71567459375 0.3042419203125 0.6957580796875 0.2973741578125 0.7149878171874999