5 0.02053715625 0.402829246875 0.6839789234375 0.790934321875 0.9559370078124999 0.951061834375 0.9784438984375001 0.2111686390625 0.15621787812500001 0.0504156203125 0.11619138749999999 0.19489420625 0.0874326453125 0.28246394218750004 0.02053715625 0.402829246875
0 0.2514281828125 0.4040199359375 0.254829165625 0.3923536875 0.25580091562499996 0.3767987296875 0.26114523125 0.36950733593749996 0.2713481828125 0.364646396875 0.27745764375 0.3530030421875 0.272650209375 0.33995429062500004 0.2841194625 0.29874771093749997 0.2392817875 0.27714966875 0.23102227968750003 0.2854132484375 0.222276925 0.2883298171875 0.2140173609375 0.29659338125 0.20284271562499998 0.3126344671875 0.1911822234375 0.32138411875 0.178064134375 0.3267311421875 0.15571484375 0.322842403125 0.0769624078125 0.30126711093749997 0.055628884375 0.3398557015625 0.250942390625 0.416172240625 0.2514281828125 0.4040199359375
1 0.03600493125 0.3352538640625 0.059166501562499994 0.340048278125 0.0791333125 0.300894028125 0.0527770734375 0.29010663124999997 0.053975065625 0.276122975 0.0514258125 0.27361169531249996 0.0263722109375 0.333608478125 0.03600493125 0.3352538640625
2 0.05826935625 0.33898480468750003 0.027303592187499996 0.3346562453125 0.00116419375 0.38692875937500004 0.0267217265625 0.4033096125 0.05826935625 0.33898480468750003
2 0.087543934375 0.186983825 0.053600320312500005 0.2760796859375 0.051204290625 0.2900633546875 0.0775605296875 0.3024488484375 0.0935339875 0.262895071875 0.1250816171875 0.17020346718749998 0.141055075 0.1154674078125 0.15533599843749998 0.051262876562500004 0.11869223437500001 0.0447500796875 0.1087087828125 0.10228282656250001 0.087543934375 0.186983825
4 0.24707187187500002 0.42357854531249994 0.44291131874999995 0.49869762968750003 0.4648102484375 0.4842998109375 0.4741955953125 0.45863412031250006 0.4898376984375 0.4673980234375 0.5255018484375 0.37600316875 0.503602846875 0.369743234375 0.5029771000000001 0.35409341250000004 0.5086082515625 0.335313640625 0.49984865 0.322793840625 0.48858634843750004 0.31402986718750003 0.5048541265625001 0.2733403734375 0.24582052187499998 0.1756855484375 0.20452529218749999 0.262698521875 0.29900380000000004 0.29838006250000004 0.24707187187500002 0.42357854531249994
6 0.6737990843749999 0.625345284375 0.6942226625 0.620236853125 0.6932015015624999 0.6028683499999999 0.6901381343749999 0.5803914156250001 0.655417946875 0.5814131375 0.6327222265625 0.60591738125 0.631930884375 0.6181935281250001 0.6523544625000001 0.6284102734375 0.6737990843749999 0.625345284375
6 0.8103687562499999 0.3403291921875 0.8232113671875 0.4122478140625 0.8283484124999999 0.48031365312499996 0.8013789296875 0.5740647140624999 0.76541961875 0.6549731624999999 0.675521340625 0.7050593468749999 0.5817702796875001 0.7012065625 0.5548007968750001 0.7179019578125 0.9580587843749999 0.9529217390625 0.981175484375 0.21061882187499997 0.6395620296875 0.14383724375 0.7063436078125 0.1964919484375 0.8103687562499999 0.2645577875 0.8103687562499999 0.3403291921875
6 0.5101646625 0.328077590625 0.5077582265625 0.3561526890625 0.47406810625 0.36176770937499997 0.449201590625 0.43155438437500004 0.4716616703125 0.4371694046875 0.47406810625 0.457223046875 0.46845308750000003 0.48529814687500006 0.4435865703125 0.49251745781249995 0.2494673109375 0.4203243453125 0.25267589375 0.44037798749999996 0.2606973515625 0.44599300781249995 0.28075099375 0.459629484375 0.2919810328125 0.47085952343750004 0.325671153125 0.47085952343750004 0.3561526890625 0.47647454375000003 0.37861276875 0.490913165625 0.38984280781249997 0.49893462343749995 0.38984280781249997 0.5270097234375 0.39545782812499997 0.5326247421875 0.40668786875 0.535833325 0.421126490625 0.529416159375 0.43235653125000006 0.5125711 0.4965281859375 0.49813247812499994 0.52781186875 0.4901110203125 0.53021830625 0.48128741875000003 0.5334268875 0.47888098125 0.547063365625 0.4451908609375 0.5582934046875 0.41711576250000004 0.5671170078125 0.400270703125 0.5839620671875 0.3778106234375 0.5943899609375001 0.3521419609375 0.588774940625 0.32968188125000003 0.57192988125 0.310430384375 0.580753484375 0.279146703125 0.583159921875 0.2631037890625 0.5775449015625 0.251071603125 0.5494698015624999 0.248665165625 0.5157796828125 0.23743512656250002 0.48208956406250003 0.2286115234375 0.44599300781249995 0.2181836296875 0.41791790781250004 0.22379865 0.39545782812499997 0.23182010625 0.50454964375 0.2687188078125 0.49412174843749995 0.3136389671875 0.5101646625 0.328077590625
6 0.2005386921875 0.20809323281249997 0.2005386921875 0.21770810156249998 0.1744411921875 0.23213040468749999 0.1572717828125 0.2417452734375 0.1524643484375 0.2465527078125 0.1572717828125 0.2554808 0.180622178125 0.2596014578125 0.1902370484375 0.269216328125 0.1977915875 0.278831196875 0.21015356093749998 0.2898196171875 0.214960996875 0.2946270515625 0.2362510625 0.285698959375 0.23899816875000002 0.276084090625 0.21015356093749998 0.266469221875 0.231443628125 0.21358744375 0.253420471875 0.1723808625 0.24586593125 0.167573428125 0.214960996875 0.1813089546875 0.2032857984375 0.1909238234375 0.2005386921875 0.20809323281249997
6 0.28432540624999997 0.35231626562499996 0.3042419203125 0.3042419203125 0.28501218281249996 0.2973741578125 0.27745764375 0.320724553125 0.272650209375 0.333086528125 0.27471053749999996 0.34750883125 0.28432540624999997 0.35231626562499996