4 0.602103709375 0.53413040625 0.5797859859375001 0.5127152484375 0.5896057703124999 0.4663157625 0.3182222453125 0.40296264062500003 0.31197331093749997 0.458285103125 0.29322636874999997 0.501115384375 0.40481505156250003 0.5278843156249999 0.39588789375 0.60105273125 0.366428609375 0.5930220390625001 0.354823365625 0.6483445015625 0.5667410921875 0.69620535625 0.590498534375 0.68671329375 0.602103709375 0.6581597796875001 0.6199578875 0.57606836875 0.5896057703124999 0.559114734375 0.602103709375 0.53413040625
0 0.3601795375 0.6215755703125 0.3817251015625 0.5250621890625 0.3089285921875 0.50870535625 0.295904521875 0.5350226890625 0.2691232546875 0.5439456671875 0.2119899375 0.5332380875 0.20306284843750003 0.5867759484375 0.3601795375 0.6215755703125
1 0.20841902031249998 0.5359149734375 0.1559871953125 0.5240705578125 0.145437034375 0.5733046374999999 0.2012774578125 0.583206778125 0.20841902031249998 0.5359149734375
3 0.162890946875 0.7357896671875 0.1828125203125 0.7341517843750001 0.1825305171875 0.674221096875 0.193242996875 0.5814221749999999 0.1709252734375 0.5796375734375 0.1646763375 0.6046219015625 0.162890946875 0.7357896671875
3 0.23787844218749998 0.33336339531250003 0.19770654062499998 0.4457928546875 0.1810407484375 0.5310856640625 0.200001515625 0.533638075 0.220917028125 0.44311603593750004 0.2459129046875 0.3681630171875 0.2976899125 0.2530566046875 0.28251388906249997 0.2450259109375 0.23787844218749998 0.33336339531250003
2 0.1414658515625 0.587668265625 0.13343152656249999 0.67154424375 0.1343242890625 0.734897365625 0.1582589484375 0.73526785625 0.162890946875 0.7143744921875 0.161998184375 0.6760057328125 0.17360342812500001 0.5787452890625 0.14860755 0.5724991984375001 0.1414658515625 0.587668265625
2 0.24948368593749998 0.23877985468750001 0.17628158124999999 0.4306238546875 0.1539638578125 0.5243151109374999 0.178348234375 0.5287946421874999 0.2003846953125 0.4359776609375 0.2360930515625 0.3324711109375 0.2834066515625 0.24145677499999998 0.2593035390625 0.22807230937499998 0.24948368593749998 0.23877985468750001
6 0.5771079 0.5109306453125 0.6056745593749999 0.5305612015625 0.5878203796875 0.5608993359375 0.6180803781249999 0.5700892843750001 0.6324558265625 0.565360825 0.641382915625 0.54483795 0.62799228125 0.49576157812500005 0.594069315625 0.4877309203125 0.5771079 0.5109306453125
6 0.33595170625000004 0.3768290515625 0.31593015 0.37933174531249997 0.2808924265625 0.3968506078125 0.28339512031249997 0.41103254375000003 0.29757705625 0.42855140625 0.3092562984375 0.43439102656250006 0.31843284375 0.403524459375 0.592895015625 0.46108643593750004 0.5870553953125001 0.4527441203125 0.47026298125 0.4235460171875 0.438562184375 0.411866775 0.400187534375 0.39184521875 0.37098943125 0.3768290515625 0.33595170625000004 0.3768290515625
2 0.2057719078125 0.5856279828125001 0.19257995156250002 0.5818330359375 0.18824286875000001 0.6102047796875001 0.186255040625 0.634239440625 0.183182940625 0.6645990125 0.183182940625 0.6828508984375 0.183182940625 0.7339923203125001 0.19438706875 0.733630896875 0.1956520515625 0.6658639953125001 0.1969170328125 0.6432750281249999 0.1989048625 0.6235774484375 0.203964790625 0.597012821875 0.2057719078125 0.5856279828125001
2 0.315283221875 0.2650453578125 0.3006455703125 0.25637119531249997 0.276791621875 0.3031755359375 0.235047209375 0.40256699218750003 0.2196867125 0.44774492656250003 0.2052297734375 0.5100904765625 0.20016984375 0.5344865609375 0.21155468437499997 0.53575154375 0.22097964218750002 0.49900279062499997 0.2431792375 0.424975246875 0.26594891718749997 0.3655210859375 0.2836586671875 0.3282944671875 0.315283221875 0.2650453578125
5 0.3111262390625 0.266912809375 0.26905216875 0.3524871890625 0.23624865625 0.435209090625 0.2112894609375 0.530054028125 0.201305784375 0.5849642546875 0.1941745859375 0.6348826437499999 0.1920352265625 0.6848010328125 0.1941745859375 0.706907746875 0.1920352265625 0.7318669421874999 0.7632442140625 0.7240226234375 0.7482686984375 0.6641205578125 0.8081707640625 0.5664231390625 0.6555631187500001 0.47657004062499997 0.48370123906250007 0.369602065625 0.3111262390625 0.266912809375