4 0.397896290625 0.46586959375000003 0.4202140140625 0.48728475156249995 0.4103942296875 0.5336842374999999 0.6817777546875 0.597037359375 0.6880266890625 0.5417148968750001 0.70677363125 0.498884615625 0.5951849484375 0.472115684375 0.60411210625 0.39894726875000003 0.633571390625 0.4069779609375 0.6451766343750001 0.3516554984375 0.43325890781250004 0.30379464375 0.409501465625 0.31328670625 0.397896290625 0.3418402203125 0.38004211250000003 0.42393163125 0.4103942296875 0.44088526562499997 0.397896290625 0.46586959375000003
0 0.6398204625 0.3784244296875 0.6182748984375 0.4749378109375 0.6910714078125 0.49129464375 0.704095478125 0.46497731093750005 0.7308767453125 0.4560543328125 0.7880100624999999 0.4667619125 0.7969371515625 0.41322405156249997 0.6398204625 0.3784244296875
1 0.7915809796875 0.46408502656249995 0.8440128046875 0.47592944218750005 0.854562965625 0.4266953625 0.7987225421875 0.416793221875 0.7915809796875 0.46408502656249995
3 0.837109053125 0.2642103328125 0.8171874796875 0.265848215625 0.8174694828125 0.325778903125 0.806757003125 0.418577825 0.8290747265625 0.4203624265625 0.8353236624999999 0.3953780984375 0.837109053125 0.2642103328125
3 0.7621215578125 0.6666366046875 0.802293459375 0.5542071453124999 0.8189592515624999 0.4689143359375 0.799998484375 0.466361925 0.7790829718750001 0.5568839640625 0.7540870953125001 0.6318369828125 0.7023100875 0.7469433953125 0.7174861109374999 0.7549740890625001 0.7621215578125 0.6666366046875
2 0.8585341484375 0.41233173437500004 0.8665684734375001 0.32845575625 0.8656757109375001 0.265102634375 0.8417410515625001 0.26473214375 0.837109053125 0.28562550781249996 0.838001815625 0.3239942671875 0.826396571875 0.42125471093750005 0.85139245 0.4275008015625 0.8585341484375 0.41233173437500004
2 0.7505163140625 0.7612201453125 0.8237184187500001 0.5693761453125 0.8460361421875 0.4756848890625 0.821651765625 0.47120535781250006 0.7996153046875001 0.5640223390625 0.7639069484375 0.6675288890625 0.7165933484375 0.758543225 0.7406964609375 0.771927690625 0.7505163140625 0.7612201453125
6 0.4228921 0.4890693546875 0.39432544062499997 0.4694387984375 0.4121796203125 0.43910066406250003 0.381919621875 0.429910715625 0.3675441734375 0.43463917500000004 0.358617084375 0.45516205000000004 0.37200771875 0.504238421875 0.405930684375 0.5122690796875 0.4228921 0.4890693546875
6 0.66404829375 0.6231709484375 0.68406985 0.6206682546875 0.7191075734375 0.6031493921875 0.7166048796875 0.58896745625 0.70242294375 0.57144859375 0.6907437015625 0.5656089734374999 0.6815671562500001 0.596475540625 0.407104984375 0.5389135640625 0.41294460468749994 0.5472558796875 0.52973701875 0.5764539828124999 0.561437815625 0.588133225 0.599812465625 0.60815478125 0.6290105687499999 0.6231709484375 0.66404829375 0.6231709484375
2 0.7942280921875 0.41437201718749994 0.8074200484375 0.4181669640625 0.81175713125 0.3897952203125 0.813744959375 0.365760559375 0.816817059375 0.3354009875 0.816817059375 0.3171491015625 0.816817059375 0.2660076796875 0.80561293125 0.266369103125 0.8043479484375 0.33413600468750004 0.8030829671875 0.35672497187499996 0.8010951374999999 0.37642255156250004 0.796035209375 0.40298717812499996 0.7942280921875 0.41437201718749994
2 0.684716778125 0.7349546421875 0.6993544296875001 0.7436288046875 0.723208378125 0.6968244640625 0.764952790625 0.5974330078125 0.7803132875000001 0.5522550734375 0.7947702265625 0.48990952343750005 0.79983015625 0.46551343906250003 0.788445315625 0.46424845625 0.7790203578125 0.500997209375 0.7568207625000001 0.575024753125 0.7340510828125 0.6344789140625 0.7163413328125 0.6717055328125 0.684716778125 0.7349546421875
5 0.6888737609375 0.7330871906249999 0.73094783125 0.6475128109375 0.76375134375 0.564790909375 0.7887105390625 0.469945971875 0.798694215625 0.41503574531250004 0.8058254140625 0.36511735624999997 0.8079647734375 0.3151989671875 0.8058254140625 0.293092253125 0.8079647734375 0.26813305781249996 0.23675578593750002 0.2759773765625 0.2517313015625 0.3358794421875 0.1918292359375 0.43357686093750003 0.34443688125 0.523429959375 0.5162987609374999 0.630397934375 0.6888737609375 0.7330871906249999