5 0.405088196875 0.7655519984375 0.431463596875 0.7755160390625 0.4543222765625 0.7843078390625 0.7450377984375 0.23980235468750002 0.7432794390625 0.21577143593749998 0.2567998359375 0.22397711562499997 0.3271342359375 0.7673103593749999 0.341201115625 0.7655519984375 0.38633235625 0.7637936390625 0.405088196875 0.7655519984375
4 0.31778628750000004 0.6185549859374999 0.36522136875 0.62179863125 0.41283414531249996 0.6202791296875 0.4150390625 0.6015625 0.517504259375 0.6051844390625 0.529296875 0.5888671875 0.5390625 0.4404296875 0.5205078125 0.4296875 0.460660084375 0.42305960468750003 0.4288472375 0.4219239703125 0.428586815625 0.39777953125 0.4243025203125 0.3696839703125 0.4091796875 0.376953125 0.345703125 0.3740234375 0.34022555312499997 0.4207882921875 0.33113611875000004 0.4219239703125 0.322265625 0.5224609375 0.31778628750000004 0.6185549859374999
6 0.4921179578125 0.42484589687499996 0.5380859375 0.4296875 0.6123046875 0.4296875 0.619140625 0.4208984375 0.625 0.3349609375 0.515625 0.3271484375 0.5126953125 0.35546875 0.4873046875 0.353515625 0.478515625 0.3583984375 0.48046875 0.3681640625 0.4900349609375 0.38008228593750004 0.4921179578125 0.42484589687499996
7 0.41739485 0.643112909375 0.4565909828125 0.642578125 0.47121255156249997 0.6347827046875001 0.47335773281250004 0.6219116109375 0.47657550625 0.6036775609375 0.45619627500000004 0.6036775609375 0.45405109218749995 0.6235204984375 0.4502970234375 0.6278108625 0.42991779062499996 0.6299560453125 0.401494125 0.628883453125 0.4033347 0.643112909375 0.41739485 0.643112909375
0 0.40392878750000005 0.6204155234375001 0.364307703125 0.6217444765625 0.3111003328125 0.6191695968750001 0.3222279796875 0.7023349249999999 0.3272434390625 0.731078596875 0.33088865 0.771157628125 0.3965027875 0.7690756015625 0.39349273125 0.6946269671875 0.40392878750000005 0.6204155234375001
1 0.384332665625 0.78655435625 0.396484375 0.7880859375 0.39902461875 0.768684003125 0.35546875 0.7685546875 0.3308278484375 0.7705091234375 0.326171875 0.7880859375 0.33338458437499996 0.78655435625 0.34679197500000003 0.78655435625 0.36931638906250003 0.78655435625 0.384332665625 0.78655435625
7 0.55078125 0.4560546875 0.541015625 0.4541015625 0.5349486234375 0.506353365625 0.5339071453125 0.5318582140625 0.55078125 0.5244140625 0.55078125 0.4873046875 0.560546875 0.4755859375 0.55078125 0.4560546875
2 0.4188129765625 0.7666019671875001 0.3991531921875 0.7643910218750001 0.396201603125 0.7738724125 0.3985649015625 0.7777270234375 0.396969425 0.7857007484375 0.44224658593750005 0.8082425265625 0.4609935046875 0.7796130109375 0.4188129765625 0.7666019671875001
6 0.47698765937500004 0.359290621875 0.44921875 0.3603515625 0.4216396875 0.356911153125 0.4264008203125 0.42234633749999995 0.43651817031249995 0.42175145937499997 0.4930564015625 0.42532066406249996 0.4921875 0.3798828125 0.47698765937500004 0.359290621875
6 0.451905909375 0.6262019750000001 0.45351479687499996 0.6186938375000001 0.45351479687499996 0.6036775609375 0.41436521875 0.6036775609375 0.41275633125000005 0.616012359375 0.4031030109375 0.6197664281249999 0.4031030109375 0.6272745671875 0.42562742656249997 0.6272745671875 0.4422525890625 0.6272745671875 0.451905909375 0.6262019750000001
6 0.47067625468749996 0.638000478125 0.48730141875 0.6326375234375 0.4985636265625 0.621375315625 0.508216946875 0.612258290625 0.511971015625 0.6047501515625 0.474430325 0.6026049703125 0.47067625468749996 0.638000478125