5 0.7655519984375 0.594911803125 0.7755160390625 0.568536403125 0.7843078390625 0.5456777234375 0.23980235468750002 0.2549622015625 0.21577143593749998 0.2567205609375 0.22397711562499997 0.7432001640625 0.7673103593749999 0.6728657640625 0.7655519984375 0.658798884375 0.7637936390625 0.61366764375 0.7655519984375 0.594911803125
4 0.6185549859374999 0.6822137125000001 0.62179863125 0.63477863125 0.6202791296875 0.5871658546875 0.6015625 0.5849609375 0.6051844390625 0.482495740625 0.5888671875 0.470703125 0.4404296875 0.4609375 0.4296875 0.4794921875 0.42305960468750003 0.539339915625 0.4219239703125 0.5711527625 0.39777953125 0.571413184375 0.3696839703125 0.5756974796875001 0.376953125 0.5908203125 0.3740234375 0.654296875 0.4207882921875 0.659774446875 0.4219239703125 0.66886388125 0.5224609375 0.677734375 0.6185549859374999 0.6822137125000001
6 0.42484589687499996 0.5078820421875 0.4296875 0.4619140625 0.4296875 0.3876953125 0.4208984375 0.380859375 0.3349609375 0.375 0.3271484375 0.484375 0.35546875 0.4873046875 0.353515625 0.5126953125 0.3583984375 0.521484375 0.3681640625 0.51953125 0.38008228593750004 0.5099650390625 0.42484589687499996 0.5078820421875
7 0.643112909375 0.58260515 0.642578125 0.5434090171875 0.6347827046875001 0.5287874484375 0.6219116109375 0.5266422671875 0.6036775609375 0.52342449375 0.6036775609375 0.543803725 0.6235204984375 0.5459489078125 0.6278108625 0.5497029765625 0.6299560453125 0.570082209375 0.628883453125 0.5985058750000001 0.643112909375 0.5966653 0.643112909375 0.58260515
0 0.6204155234375001 0.5960712125 0.6217444765625 0.6356922968750001 0.6191695968750001 0.6888996671875 0.7023349249999999 0.6777720203125 0.731078596875 0.6727565609374999 0.771157628125 0.66911135 0.7690756015625 0.6034972125 0.6946269671875 0.6065072687499999 0.6204155234375001 0.5960712125
1 0.78655435625 0.615667334375 0.7880859375 0.603515625 0.768684003125 0.6009753812499999 0.7685546875 0.64453125 0.7705091234375 0.6691721515625 0.7880859375 0.673828125 0.78655435625 0.666615415625 0.78655435625 0.653208025 0.78655435625 0.6306836109375 0.78655435625 0.615667334375
7 0.4560546875 0.44921875 0.4541015625 0.458984375 0.506353365625 0.4650513765625 0.5318582140625 0.46609285468749995 0.5244140625 0.44921875 0.4873046875 0.44921875 0.4755859375 0.439453125 0.4560546875 0.44921875
2 0.7666019671875001 0.5811870234375001 0.7643910218750001 0.6008468078125 0.7738724125 0.603798396875 0.7777270234375 0.6014350984375 0.7857007484375 0.603030575 0.8082425265625 0.5577534140625 0.7796130109375 0.5390064953125 0.7666019671875001 0.5811870234375001
6 0.359290621875 0.523012340625 0.3603515625 0.55078125 0.356911153125 0.5783603125 0.42234633749999995 0.5735991796875 0.42175145937499997 0.5634818296875 0.42532066406249996 0.5069435984374999 0.3798828125 0.5078125 0.359290621875 0.523012340625
6 0.6262019750000001 0.548094090625 0.6186938375000001 0.546485203125 0.6036775609375 0.546485203125 0.6036775609375 0.58563478125 0.616012359375 0.58724366875 0.6197664281249999 0.5968969890625 0.6272745671875 0.5968969890625 0.6272745671875 0.5743725734375 0.6272745671875 0.5577474109375 0.6262019750000001 0.548094090625
6 0.638000478125 0.5293237453125 0.6326375234375 0.51269858125 0.621375315625 0.5014363734375 0.612258290625 0.491783053125 0.6047501515625 0.488028984375 0.6026049703125 0.5255696750000001 0.638000478125 0.5293237453125