5 0.658798884375 0.23444800156249998 0.61366764375 0.23620636093749997 0.594911803125 0.23444800156249998 0.568536403125 0.2244839609375 0.5456777234375 0.2156921609375 0.2549622015625 0.7601976453125 0.2567205609375 0.7842285640625 0.7432001640625 0.776022884375 0.6728657640625 0.232689640625 0.658798884375 0.23444800156249998
4 0.66886388125 0.5780760296875 0.677734375 0.4775390625 0.6822137125000001 0.3814450140625 0.63477863125 0.37820136875 0.5871658546875 0.3797208703125 0.5849609375 0.3984375 0.482495740625 0.39481556093750003 0.470703125 0.4111328125 0.4609375 0.5595703125 0.4794921875 0.5703125 0.539339915625 0.5769403953125 0.5711527625 0.5780760296875 0.571413184375 0.60222046875 0.5756974796875001 0.6303160296875 0.5908203125 0.623046875 0.654296875 0.6259765625 0.659774446875 0.5792117078125 0.66886388125 0.5780760296875
6 0.51953125 0.6318359375 0.5099650390625 0.6199177140625001 0.5078820421875 0.575154103125 0.4619140625 0.5703125 0.3876953125 0.5703125 0.380859375 0.5791015625 0.375 0.6650390625 0.484375 0.6728515625 0.4873046875 0.64453125 0.5126953125 0.646484375 0.521484375 0.6416015625 0.51953125 0.6318359375
7 0.5985058750000001 0.371116546875 0.5966653 0.356887090625 0.58260515 0.356887090625 0.5434090171875 0.357421875 0.5287874484375 0.3652172953125 0.5266422671875 0.37808838906250003 0.52342449375 0.39632243906250003 0.543803725 0.39632243906250003 0.5459489078125 0.3764795015625 0.5497029765625 0.3721891375 0.570082209375 0.3700439546875 0.5985058750000001 0.371116546875
0 0.6034972125 0.2309243984375 0.6065072687499999 0.3053730328125 0.5960712125 0.3795844765625 0.6356922968750001 0.3782555234375 0.6888996671875 0.380830403125 0.6777720203125 0.297665075 0.6727565609374999 0.268921403125 0.66911135 0.22884237187499998 0.6034972125 0.2309243984375
1 0.653208025 0.21344564375 0.6306836109375 0.21344564375 0.615667334375 0.21344564375 0.603515625 0.2119140625 0.6009753812499999 0.23131599687499999 0.64453125 0.2314453125 0.6691721515625 0.22949087656249997 0.673828125 0.2119140625 0.666615415625 0.21344564375 0.653208025 0.21344564375
7 0.44921875 0.5126953125 0.439453125 0.5244140625 0.44921875 0.5439453125 0.458984375 0.5458984375 0.4650513765625 0.493646634375 0.46609285468749995 0.4681417859375 0.44921875 0.4755859375 0.44921875 0.5126953125
2 0.5577534140625 0.1917574734375 0.5390064953125 0.2203869890625 0.5811870234375001 0.2333980328125 0.6008468078125 0.235608978125 0.603798396875 0.2261275875 0.6014350984375 0.2222729765625 0.603030575 0.21429925156250001 0.5577534140625 0.1917574734375
6 0.5069435984374999 0.5746793359375 0.5078125 0.6201171875 0.523012340625 0.6407093781250001 0.55078125 0.6396484375 0.5783603125 0.643088846875 0.5735991796875 0.5776536625 0.5634818296875 0.578248540625 0.5069435984374999 0.5746793359375
6 0.5743725734375 0.3727254328125 0.5577474109375 0.3727254328125 0.548094090625 0.37379802500000003 0.546485203125 0.3813061625 0.546485203125 0.39632243906250003 0.58563478125 0.39632243906250003 0.58724366875 0.383987640625 0.5968969890625 0.380233571875 0.5968969890625 0.3727254328125 0.5743725734375 0.3727254328125
6 0.488028984375 0.3952498484375 0.5255696750000001 0.3973950296875 0.5293237453125 0.361999521875 0.51269858125 0.3673624765625 0.5014363734375 0.37862468437499996 0.491783053125 0.387741709375 0.488028984375 0.3952498484375