4 0.6793286640625 0.4972056953125 0.6476917171875 0.4584394984375 0.6169276234375001 0.4353770578125 0.591931715625 0.47381449531250003 0.5525151968750001 0.42288489843750005 0.5332876203125 0.3959786609375 0.5602061843749999 0.3921349390625 0.5640517140625 0.362345903125 0.541939971875 0.3431272015625 0.50540761875 0.3450490625 0.48542784375 0.36801021875 0.4544545125 0.39405681875 0.39677178125 0.45075201875 0.3621621578125 0.4901504140625 0.42156121874999997 0.5488643578125 0.462145571875 0.5852830531250001 0.44195663124999995 0.60354085 0.5044462546874999 0.6698454453125 0.6641995765625001 0.5123277875000001 0.6793286640625 0.4972056953125
0 0.6255799750000001 0.444025459375 0.64662958125 0.45674845 0.6746103531250001 0.4939941359375 0.7505592234375 0.4286504984375 0.7037571421875 0.374321540625 0.6255799750000001 0.444025459375
7 0.573665503125 0.417119259375 0.5833991843749999 0.4061952046875 0.5872744203125 0.40372914531250004 0.5922065390625 0.40372914531250004 0.6302543125 0.43931085937500003 0.64117543125 0.42944662187500005 0.6006616 0.3913988484375 0.5922065390625 0.390341965625 0.58586524375 0.389989671875 0.5746268671875 0.39405681875 0.563670709375 0.4058429109375 0.573665503125 0.417119259375
1 0.7025941578125 0.374936384375 0.7531696296875 0.4338956203125 0.764973309375 0.41029929374999996 0.7905366265625 0.40288532187500004 0.7304166703125 0.3340602125 0.7025941578125 0.374936384375
2 0.5576912015625 0.18836503124999998 0.524776765625 0.1687500015625 0.5068067515625 0.189257340625 0.621966284375 0.268671821875 0.7130225671875 0.359686175 0.72998398125 0.33291724375 0.65946003125 0.26242573125 0.5576912015625 0.18836503124999998
2 0.79247360625 0.40340875781249996 0.76122879375 0.41322405156249997 0.8495535515625001 0.54598214375 0.8719247828125001 0.5327919546875 0.79247360625 0.40340875781249996
3 0.7112371765625001 0.358793890625 0.6496401796875 0.29454848437500003 0.5969703390625 0.2517181703125 0.550549503125 0.2187031484375 0.5041342828125 0.1883671046875 0.49824781093750004 0.19593542656250001 0.5453395875 0.2270496359375 0.601261071875 0.2707777140625 0.65886440625 0.32123318749999996 0.7042743328125 0.3708477375 0.7112371765625001 0.358793890625
3 0.8305803359375 0.5504464296875 0.8460361421875 0.535468840625 0.8112205484375 0.48550015 0.7737268 0.4257161984375 0.7674777296874999 0.41500865468750003 0.7505163140625 0.43107000624999997 0.8305803359375 0.5504464296875
7 0.6324285140625 0.3051553984375 0.6673330390625 0.3404055125 0.7012007953125 0.374964446875 0.7046566890625 0.3694350171875 0.6552374109375 0.3162142578125 0.6272446734375 0.29271418125 0.59821516875 0.2650670328125 0.5691856625 0.24329490312500002 0.499031025 0.1962947515625 0.4931560046875 0.2056256640625 0.52840611875 0.226706615625 0.5681488953125 0.25435376249999997 0.6020166515625001 0.279927375 0.6324285140625 0.3051553984375
6 0.40973524375 0.5398209656249999 0.377735546875 0.563472915625 0.4340828390625 0.6191245609375 0.46051737031249995 0.5906030921875 0.40973524375 0.5398209656249999
6 0.26434531875 0.6191245609375 0.2448672421875 0.599646484375 0.237215140625 0.5878205109375 0.230258684375 0.582950990625 0.17391139375 0.65529813125 0.2810408125 0.7234713968750001 0.30747534375 0.7624275500000001 0.3199969640625 0.7791230437500001 0.3102579265625 0.79860111875 0.37634425625 0.7679927140625 0.3666052171875 0.7192975234375 0.339475040625 0.6824283078125 0.3199969640625 0.6462547390625 0.3033014703125 0.6239940796875 0.2810408125 0.62190714375 0.26434531875 0.6191245609375
6 0.43002299062500005 0.39444189218750003 0.42290677031249996 0.4035913171875 0.4213818671875 0.412232440625 0.42290677031249996 0.42493997656250004 0.4635708828125 0.3888505765625 0.45848786874999997 0.38580076874999997 0.447813540625 0.38580076874999997 0.43510600468750005 0.387325671875 0.43002299062500005 0.39444189218750003
6 0.547440615625 0.3502196703125 0.5601481515625 0.36597701250000003 0.5616730546875 0.38580076874999997 0.5616730546875 0.3980000015625 0.5672643703125 0.4010498109375 0.5809885078125 0.3924086859375 0.5809885078125 0.3888505765625 0.5774303984375 0.3797011515625 0.572347384375 0.36750191718749997 0.568789275 0.351236271875 0.5616730546875 0.3405619421875 0.5545568359375 0.335478928125 0.5382911906250001 0.32632950312500003 0.522533846875 0.3197215859375 0.5154176265625 0.3253129 0.5062682015625 0.33395402500000004 0.497627078125 0.346661559375 0.488477653125 0.35886079375 0.4849195421875 0.369026821875 0.5011851875 0.3639438078125 0.5011851875 0.3568275875 0.506776503125 0.34310345 0.5210089421874999 0.34310345 0.547440615625 0.3502196703125
5 0.6988036703125 0.3654575 0.6422265687500001 0.30658673125 0.5787684671875 0.250774184375 0.4984901453125 0.197255303125 0.1773768609375 0.656753121875 0.2760045125 0.7225048890625 0.3050576203125 0.80584143125 0.8295426499999999 0.5481862484375 0.7576744390625 0.43503204375 0.6988036703125 0.3654575