4 0.3206713359375 0.5027943046875001 0.35230828281250004 0.5415605015625 0.38307237656250004 0.5646229421875 0.408068284375 0.5261855046874999 0.44748480312499994 0.5771151015625 0.4667123796875 0.6040213390625 0.43979381562500003 0.6078650609375 0.4359482859375 0.637654096875 0.45806002812499996 0.6568727984375 0.49459238125000005 0.6549509375 0.5145721562500001 0.6319897812499999 0.5455454875 0.60594318125 0.60322821875 0.54924798125 0.6378378421875001 0.5098495859375001 0.57843878125 0.4511356421875 0.537854428125 0.41471694687499994 0.55804336875 0.39645915 0.4955537453125 0.3301545546875 0.3358004234375 0.4876722125 0.3206713359375 0.5027943046875001
0 0.374420025 0.5559745406250001 0.35337041875 0.54325155 0.325389646875 0.5060058640625 0.24944077656250002 0.5713495015625 0.2962428578125 0.625678459375 0.374420025 0.5559745406250001
7 0.426334496875 0.5828807406250001 0.416600815625 0.5938047953125001 0.41272557968749995 0.5962708546875 0.4077934609375 0.5962708546875 0.3697456875 0.560689140625 0.35882456875 0.570553378125 0.3993384 0.6086011515624999 0.4077934609375 0.609658034375 0.41413475625 0.610010328125 0.4253731328125 0.60594318125 0.436329290625 0.5941570890625 0.426334496875 0.5828807406250001
1 0.2974058421875 0.625063615625 0.24683037031250002 0.5661043796875 0.23502669062499998 0.58970070625 0.2094633734375 0.597114678125 0.2695833296875 0.6659397874999999 0.2974058421875 0.625063615625
2 0.4423087984375 0.81163496875 0.475223234375 0.8312499984375 0.4931932484375 0.810742659375 0.378033715625 0.731328178125 0.2869774328125 0.640313825 0.27001601875 0.66708275625 0.34053996875000003 0.73757426875 0.4423087984375 0.81163496875
2 0.20752639374999998 0.5965912421875 0.23877120624999998 0.5867759484375 0.1504464484375 0.45401785625 0.12807521718749998 0.4672080453125 0.20752639374999998 0.5965912421875
3 0.28876282343750004 0.641206109375 0.3503598203125 0.705451515625 0.40302966093750003 0.7482818296875 0.44945049687500005 0.7812968515625001 0.4958657171875 0.8116328953125 0.5017521890625 0.8040645734374999 0.4546604125 0.7729503640625001 0.398738928125 0.7292222859375 0.34113559375 0.6787668124999999 0.29572566718750004 0.6291522625 0.28876282343750004 0.641206109375
3 0.1694196640625 0.44955357031250004 0.1539638578125 0.464531159375 0.1887794515625 0.51449985 0.2262732 0.5742838015625 0.2325222703125 0.5849913453125 0.24948368593749998 0.5689299937500001 0.1694196640625 0.44955357031250004
7 0.3675714859375 0.6948446015624999 0.33266696093750003 0.6595944874999999 0.2987992046875 0.625035553125 0.2953433109375 0.6305649828125001 0.3447625890625 0.6837857421875 0.3727553265625 0.70728581875 0.40178483125 0.7349329671875 0.43081433750000003 0.756705096875 0.5009689749999999 0.8037052484375 0.5068439953125 0.7943743359375001 0.47159388125 0.773293384375 0.4318511046875 0.7456462375 0.3979833484375 0.720072625 0.3675714859375 0.6948446015624999
6 0.5902647562500001 0.460179034375 0.622264453125 0.43652708437500004 0.5659171609375 0.3808754390625 0.5394826296875 0.40939690781250004 0.5902647562500001 0.460179034375
6 0.73565468125 0.3808754390625 0.7551327578125 0.400353515625 0.762784859375 0.4121794890625 0.7697413156249999 0.417049009375 0.8260886062499999 0.34470186875 0.7189591875 0.276528603125 0.69252465625 0.23757245 0.6800030359375 0.22087695625 0.6897420734375 0.20139888125 0.62365574375 0.23200728593750003 0.6333947828125 0.2807024765625 0.660524959375 0.3175716921875 0.6800030359375 0.3537452609375 0.6966985296875 0.3760059203125 0.7189591875 0.37809285625 0.73565468125 0.3808754390625
6 0.569977009375 0.6055581078125 0.5770932296875 0.5964086828124999 0.5786181328125 0.587767559375 0.5770932296875 0.5750600234375 0.5364291171875 0.6111494234375 0.54151213125 0.61419923125 0.552186459375 0.61419923125 0.5648939953125 0.612674328125 0.569977009375 0.6055581078125
6 0.45255938437500004 0.6497803296875 0.43985184843749997 0.6340229875000001 0.4383269453125 0.61419923125 0.4383269453125 0.6019999984375 0.4327356296875 0.5989501890625 0.4190114921875 0.6075913140625 0.4190114921875 0.6111494234375 0.4225696015625 0.6202988484375 0.427652615625 0.6324980828125 0.431210725 0.6487637281249999 0.4383269453125 0.6594380578125 0.44544316406249995 0.664521071875 0.461708809375 0.673670496875 0.47746615312499996 0.6802784140625 0.4845823734375 0.6746871 0.49373179843750004 0.6660459750000001 0.5023729218749999 0.653338440625 0.511522346875 0.64113920625 0.5150804578125 0.630973178125 0.49881481250000004 0.6360561921875 0.49881481250000004 0.6431724125 0.49322349687499994 0.65689655 0.4789910578125 0.65689655 0.45255938437500004 0.6497803296875
5 0.3011963296875 0.6345425 0.35777343125 0.69341326875 0.42123153281250003 0.749225815625 0.5015098546875 0.802744696875 0.8226231390625 0.343246878125 0.7239954875 0.2774951109375 0.6949423796875001 0.19415856874999998 0.17045735 0.4518137515625 0.2423255609375 0.5649679562500001 0.3011963296875 0.6345425