5 0.5410037375 0.8692884062499999 0.572626459375 0.877830903125 0.60424911875 0.8735596796875 0.6213424796875 0.845369434375 0.8914174875 0.41824536874999996 0.402943559375 0.11840427812500001 0.103168684375 0.599607334375 0.5410037375 0.8692884062499999
0 0.654457546875 0.45144508125 0.637444290625 0.4810821859375 0.6957754421875 0.516549565625 0.7054973046875 0.5058607671875001 0.7205661921875001 0.49468612187499994 0.7327185109375 0.48982754218749996 0.7507039390625 0.491770984375 0.8197291953124999 0.5306392921875001 0.844412421875 0.49263594531250005 0.653971475 0.3790527828125 0.637444290625 0.412090871875 0.6486244375 0.42132207343749994 0.65591583125 0.4276381953125 0.6578602015625 0.43686945312500003 0.654457546875 0.45144508125
7 0.637258053125 0.6511200203125 0.633102909375 0.6428137984375 0.62229951875 0.6345076 0.625208121875 0.6216330109375 0.63227186875 0.6129114859375 0.6343494390625 0.606266528125 0.625623640625 0.6058512234375 0.6094185828125 0.629939209375 0.6027703546875001 0.637830103125 0.6065099734375 0.64322915 0.6114961515624999 0.646136325 0.613989234375 0.65942621875 0.6152357828125 0.6623334171875 0.6189754078124999 0.660672178125 0.6239615796875 0.660672178125 0.6314408359375 0.6660712 0.6430752359375 0.6698089828125 0.6493079500000001 0.6698089828125 0.6576182390625 0.6681477671875 0.7091420078125 0.586746909375 0.7353194125 0.5439699828125 0.7328263296874999 0.490394965625 0.7225859546875 0.49505416875 0.7224384765625 0.51365231875 0.722853984375 0.5323412828125 0.7232694921875 0.5418934156249999 0.6505544859375 0.658595634375 0.6422442078125 0.6565190671875001 0.637258053125 0.6511200203125
1 0.8799573703125001 0.5122424609375 0.8453125109374999 0.49265478125 0.8177384312499999 0.5311693828124999 0.8569634328125 0.5568559125 0.8632754796875 0.5627142015625 0.8948358171875 0.5149463140625 0.8799573703125001 0.5122424609375
2 0.8896707171875 0.4187244375 0.8447901421875 0.4897104703125 0.8840151421875 0.5153969484375 0.8961883937499999 0.5135944140625 0.93856943125 0.447800871875 0.8896707171875 0.4187244375
2 0.60987436875 0.9145229765625 0.642987571875 0.9049616968749999 0.668742271875 0.8784841218749999 0.8622705875 0.5695791906250001 0.8585913140624999 0.557075921875 0.8191482828125001 0.53059843125 0.650638871875 0.8005224343749999 0.6042804203125 0.8748066546875 0.578821909375 0.879955075 0.553067209375 0.8762776078125001 0.1157888609375 0.6028979890625 0.10873848125 0.600469709375 0.09034225312500001 0.629889275 0.5127423234374999 0.8873099249999999 0.5701385203125 0.9196713953125 0.60987436875 0.9145229765625
4 0.7026777562500001 0.5224760546875 0.5276175640625 0.4104360953125 0.422804359375 0.5675787359375 0.430819471875 0.576822421875 0.40666785625 0.6152850515625 0.402458240625 0.618110884375 0.5368657890625 0.7013040484374999 0.5547456984375 0.6791192609375 0.5836839109375 0.699954915625 0.7026777562500001 0.5224760546875
6 0.5170967015625 0.696257428125 0.524495275 0.6925599390625 0.46222391875 0.6494227671874999 0.456674953125 0.654352728125 0.45692844375 0.655146896875 0.45852459687499997 0.6691426093749999 0.46407354375 0.6777700578125 0.47517140312499995 0.6888624515624999 0.49058512343749994 0.6931761765625 0.5072319203125 0.6981061359375 0.5170967015625 0.696257428125
6 0.6182106187499999 0.7018036249999999 0.6262258015625 0.6913274671875 0.6311581484375 0.677153821875 0.6354740265625 0.664212578125 0.6256092265625 0.6635964125 0.6175940796875 0.6629801765625001 0.6145113328125 0.6562014375 0.6114285859375 0.6475739890625001 0.6071127781250001 0.6426439578124999 0.59909763125 0.64510904375 0.5682702078124999 0.6894786875000001 0.5547061578125 0.6820837828124999 0.5418515078125 0.6978972828125001 0.551623428125 0.71659350625 0.5602550796875 0.7239884828125 0.57566878125 0.7239884828125 0.5873832140624999 0.72029099375 0.6058796640625 0.7091986 0.6182106187499999 0.7018036249999999
6 0.33005510312499997 0.5749095750000001 0.39683668125 0.45804181406250005 0.45077564687500005 0.3861231921875 0.5008618312500001 0.2872350875 0.5214100078125 0.19219976562500002 0.40197372500000006 0.12028114375000001 0.10916219375 0.6018790578125001 0.20805029843749998 0.668660634375 0.2311669984375 0.6558180234375001 0.27097909375 0.623711496875 0.33005510312499997 0.5749095750000001
6 0.6204010046875 0.630611815625 0.62824515625 0.6377428609375 0.6353762015625 0.65057874375 0.6432203515625 0.654857371875 0.64963829375 0.654857371875 0.7245142765625 0.5379082171875 0.7195225453125 0.497974359375 0.7073997671875001 0.505818509375 0.69812940625 0.5179412875 0.64963829375 0.5949565859375 0.6246796328124999 0.585686225 0.618261690625 0.5956696906250001 0.634663096875 0.6106448859375 0.6204010046875 0.630611815625
6 0.5126027796875 0.433741603125 0.48194242656249997 0.433741603125 0.439784440625 0.5075180765625 0.45319834531250003 0.523806390625 0.5126027796875 0.433741603125