5 0.881595721875 0.402943559375 0.400392665625 0.103168684375 0.13071159375000002 0.5410037375 0.122169096875 0.572626459375 0.12644032031250002 0.60424911875 0.154630565625 0.6213424796875 0.58175463125 0.8914174875 0.881595721875 0.402943559375
0 0.5723618046875 0.65591583125 0.563130546875 0.6578602015625 0.5485549187500001 0.654457546875 0.5189178140624999 0.637444290625 0.483450434375 0.6957754421875 0.49413923281249994 0.7054973046875 0.5053138781250001 0.7205661921875001 0.5101724578125 0.7327185109375 0.508229015625 0.7507039390625 0.4693607078125 0.8197291953124999 0.5073640546875 0.844412421875 0.6209472171875 0.653971475 0.587909128125 0.637444290625 0.5786779265625001 0.6486244375 0.5723618046875 0.65591583125
7 0.341404365625 0.6505544859375 0.34348093281250003 0.6422442078125 0.3488799796875 0.637258053125 0.35718620156249997 0.633102909375 0.3654924 0.62229951875 0.3783669890625 0.625208121875 0.3870885140625 0.63227186875 0.39373347187499996 0.6343494390625 0.39414877656249997 0.625623640625 0.370060790625 0.6094185828125 0.362169896875 0.6027703546875001 0.35677085000000003 0.6065099734375 0.35386367500000004 0.6114961515624999 0.34057378125 0.613989234375 0.3376665828125 0.6152357828125 0.339327821875 0.6189754078124999 0.339327821875 0.6239615796875 0.33392879999999997 0.6314408359375 0.3301910171875 0.6430752359375 0.3301910171875 0.6493079500000001 0.3318522328125 0.6576182390625 0.41325309062500004 0.7091420078125 0.4560300171875 0.7353194125 0.509605034375 0.7328263296874999 0.5049458312499999 0.7225859546875 0.48634768125 0.7224384765625 0.4676587171875 0.722853984375 0.458106584375 0.7232694921875 0.341404365625 0.6505544859375
1 0.4372857984375 0.8632754796875 0.4850536859375 0.8948358171875 0.4877575390625 0.8799573703125001 0.50734521875 0.8453125109374999 0.4688306171875 0.8177384312499999 0.4431440875 0.8569634328125 0.4372857984375 0.8632754796875
2 0.4864055859375 0.8961883937499999 0.552199128125 0.93856943125 0.5812755625 0.8896707171875 0.5102895296875001 0.8447901421875 0.48460305156250005 0.8840151421875 0.4864055859375 0.8961883937499999
2 0.11269007499999999 0.5127423234374999 0.0803286046875 0.5701385203125 0.0854770234375 0.60987436875 0.095038303125 0.642987571875 0.121515878125 0.668742271875 0.430420809375 0.8622705875 0.442924078125 0.8585913140624999 0.46940156875000005 0.8191482828125001 0.19947756562500002 0.650638871875 0.12519334531249998 0.6042804203125 0.120044925 0.578821909375 0.1237223921875 0.553067209375 0.39710201093749997 0.1157888609375 0.399530290625 0.10873848125 0.37011072500000003 0.09034225312500001 0.11269007499999999 0.5127423234374999
4 0.32088073906250003 0.5547456984375 0.300045084375 0.5836839109375 0.4775239453125 0.7026777562500001 0.5895639046875 0.5276175640625 0.43242126406250003 0.422804359375 0.42317757812499995 0.430819471875 0.3847149484375 0.40666785625 0.381889115625 0.402458240625 0.2986959515625 0.5368657890625 0.32088073906250003 0.5547456984375
6 0.3068238234375 0.49058512343749994 0.3018938640625 0.5072319203125 0.303742571875 0.5170967015625 0.3074400609375 0.524495275 0.3505772328125 0.46222391875 0.345647271875 0.456674953125 0.344853103125 0.45692844375 0.33085739062499997 0.45852459687499997 0.3222299421875 0.46407354375 0.31113754843749997 0.47517140312499995 0.3068238234375 0.49058512343749994
6 0.27970900625 0.5873832140624999 0.2908014 0.6058796640625 0.29819637499999996 0.6182106187499999 0.3086725328125 0.6262258015625 0.322846178125 0.6311581484375 0.335787421875 0.6354740265625 0.3364035875 0.6256092265625 0.33701982343750003 0.6175940796875 0.3437985625 0.6145113328125 0.35242601093750003 0.6114285859375 0.3573560421875 0.6071127781250001 0.35489095625 0.59909763125 0.31052131250000004 0.5682702078124999 0.31791621718749996 0.5547061578125 0.30210271718750004 0.5418515078125 0.28340649375 0.551623428125 0.2760115171875 0.5602550796875 0.2760115171875 0.57566878125 0.27970900625 0.5873832140624999
6 0.3441819765625 0.2311669984375 0.376288503125 0.27097909375 0.42509042499999994 0.33005510312499997 0.5419581859375 0.39683668125 0.6138768078125 0.45077564687500005 0.7127649125 0.5008618312500001 0.807800234375 0.5214100078125 0.87971885625 0.40197372500000006 0.3981209421875 0.10916219375 0.331339365625 0.20805029843749998 0.3441819765625 0.2311669984375
6 0.404330309375 0.618261690625 0.3893551140625 0.634663096875 0.369388184375 0.6204010046875 0.3622571390625 0.62824515625 0.34942125625 0.6353762015625 0.34514262812499996 0.6432203515625 0.34514262812499996 0.64963829375 0.4620917828125 0.7245142765625 0.502025640625 0.7195225453125 0.49418149062500005 0.7073997671875001 0.48205871250000004 0.69812940625 0.4050434140625 0.64963829375 0.414313775 0.6246796328124999 0.404330309375 0.618261690625
6 0.49248192343749997 0.439784440625 0.476193609375 0.45319834531250003 0.566258396875 0.5126027796875 0.566258396875 0.48194242656249997 0.49248192343749997 0.439784440625