5 0.8692884062499999 0.45899626250000003 0.877830903125 0.427373540625 0.8735596796875 0.39575088125 0.845369434375 0.3786575203125 0.41824536874999996 0.10858251249999999 0.11840427812500001 0.5970564406250001 0.599607334375 0.896831315625 0.8692884062499999 0.45899626250000003
0 0.45144508125 0.345542453125 0.4810821859375 0.362555709375 0.516549565625 0.3042245578125 0.5058607671875001 0.2945026953125 0.49468612187499994 0.2794338078125 0.48982754218749996 0.26728148906250004 0.491770984375 0.24929606093749998 0.5306392921875001 0.1802708046875 0.49263594531250005 0.155587578125 0.3790527828125 0.34602852500000003 0.412090871875 0.362555709375 0.42132207343749994 0.3513755625 0.4276381953125 0.34408416875 0.43686945312500003 0.3421397984375 0.45144508125 0.345542453125
7 0.6511200203125 0.362741946875 0.6428137984375 0.36689709062500003 0.6345076 0.37770048125 0.6216330109375 0.37479187812500003 0.6129114859375 0.36772813125 0.606266528125 0.3656505609375 0.6058512234375 0.37437635937499997 0.629939209375 0.3905814171875 0.637830103125 0.3972296453125 0.64322915 0.3934900265625 0.646136325 0.38850384843749997 0.65942621875 0.386010765625 0.6623334171875 0.3847642171875 0.660672178125 0.3810245921875 0.660672178125 0.3760384203125 0.6660712 0.3685591640625 0.6698089828125 0.3569247640625 0.6698089828125 0.35069205000000003 0.6681477671875 0.3423817609375 0.586746909375 0.29085799218749997 0.5439699828125 0.2646805875 0.490394965625 0.2671736703125 0.49505416875 0.27741404531249997 0.51365231875 0.2775615234375 0.5323412828125 0.27714601562499996 0.5418934156249999 0.2767305078125 0.658595634375 0.3494455140625 0.6565190671875001 0.3577557921875 0.6511200203125 0.362741946875
1 0.5122424609375 0.12004262968749999 0.49265478125 0.15468748906250002 0.5311693828124999 0.18226156875 0.5568559125 0.1430365671875 0.5627142015625 0.1367245203125 0.5149463140625 0.10516418281249999 0.5122424609375 0.12004262968749999
2 0.4187244375 0.11032928281250001 0.4897104703125 0.15520985781250002 0.5153969484375 0.11598485781250001 0.5135944140625 0.10381160625000001 0.447800871875 0.061430568750000004 0.4187244375 0.11032928281250001
2 0.9145229765625 0.39012563125 0.9049616968749999 0.357012428125 0.8784841218749999 0.331257728125 0.5695791906250001 0.13772941249999998 0.557075921875 0.1414086859375 0.53059843125 0.18085171718749998 0.8005224343749999 0.34936112812500003 0.8748066546875 0.3957195796875 0.879955075 0.42117809062499995 0.8762776078125001 0.446932790625 0.6028979890625 0.8842111390625 0.600469709375 0.89126151875 0.629889275 0.909657746875 0.8873099249999999 0.4872576765625 0.9196713953125 0.42986147968750005 0.9145229765625 0.39012563125
4 0.5224760546875 0.29732224375 0.4104360953125 0.47238243593749996 0.5675787359375 0.5771956406250001 0.576822421875 0.569180528125 0.6152850515625 0.59333214375 0.618110884375 0.597541759375 0.7013040484374999 0.46313421093749996 0.6791192609375 0.4452543015625 0.699954915625 0.4163160890625 0.5224760546875 0.29732224375
6 0.696257428125 0.4829032984375 0.6925599390625 0.47550472499999996 0.6494227671874999 0.53777608125 0.654352728125 0.5433250468749999 0.655146896875 0.5430715562499999 0.6691426093749999 0.541475403125 0.6777700578125 0.53592645625 0.6888624515624999 0.524828596875 0.6931761765625 0.5094148765625001 0.6981061359375 0.4927680796875 0.696257428125 0.4829032984375
6 0.7018036249999999 0.38178938125 0.6913274671875 0.3737741984375 0.677153821875 0.3688418515625 0.664212578125 0.36452597343750004 0.6635964125 0.3743907734375 0.6629801765625001 0.3824059203125 0.6562014375 0.3854886671875 0.6475739890625001 0.3885714140625 0.6426439578124999 0.392887221875 0.64510904375 0.40090236875 0.6894786875000001 0.4317297921875 0.6820837828124999 0.4452938421875 0.6978972828125001 0.4581484921875 0.71659350625 0.448376571875 0.7239884828125 0.4397449203125 0.7239884828125 0.42433121875 0.72029099375 0.4126167859375 0.7091986 0.3941203359375 0.7018036249999999 0.38178938125
6 0.5749095750000001 0.6699448968749999 0.45804181406250005 0.60316331875 0.3861231921875 0.549224353125 0.2872350875 0.49913816874999994 0.19219976562500002 0.4785899921875 0.12028114375000001 0.5980262749999999 0.6018790578125001 0.8908378062500001 0.668660634375 0.7919497015625 0.6558180234375001 0.7688330015625 0.623711496875 0.7290209062499999 0.5749095750000001 0.6699448968749999
6 0.630611815625 0.37959899531249996 0.6377428609375 0.37175484375 0.65057874375 0.3646237984375 0.654857371875 0.3567796484375 0.654857371875 0.35036170625 0.5379082171875 0.2754857234375 0.497974359375 0.2804774546875 0.505818509375 0.2926002328125 0.5179412875 0.30187059375 0.5949565859375 0.35036170625 0.585686225 0.3753203671875 0.5956696906250001 0.38173830937500003 0.6106448859375 0.365336903125 0.630611815625 0.37959899531249996
6 0.433741603125 0.4873972203125 0.433741603125 0.5180575734375 0.5075180765625 0.560215559375 0.523806390625 0.5468016546875 0.433741603125 0.4873972203125