5 0.3524216765625 0.7930040593750001 0.388130034375 0.8184345296875 0.7465526796875 0.45193654062500005 0.252901775 0.183147321875 0.258687240625 0.7648966703125 0.30957165625 0.773819646875 0.3524216765625 0.7930040593750001
0 0.385466028125 0.7144087546875 0.369213615625 0.7406969875 0.3381383140625 0.7859006359375 0.3872373046875 0.819361815625 0.4471744859375 0.7464198609375 0.385466028125 0.7144087546875
1 0.3171596671875 0.82783865 0.35911699375 0.8537502281249999 0.367322153125 0.8435925859375001 0.3881282484375 0.8216516125 0.339328496875 0.7883618609374999 0.3283580109375 0.8072764921875001 0.3216232125 0.8198079578125 0.3171596671875 0.82783865
6 0.321048571875 0.44150324375 0.299415896875 0.421837175 0.30138250312500003 0.3928297234375 0.2944993796875 0.3918464203125 0.2920411203125 0.42232882656250004 0.3195736171875 0.4469114125 0.322031875 0.465102525 0.3633306203125 0.48526024687499997 0.4151485640625 0.3927353765625 0.363010928125 0.36089063593750004 0.341139534375 0.4030516984375 0.3348148203125 0.43265351250000006 0.321048571875 0.44150324375
4 0.45379217499999996 0.751529121875 0.6026606484375 0.5035861125000001 0.4193984234375 0.3937314453125 0.28182342031249996 0.6216542125 0.33931745156250004 0.6658014140625 0.3316173578125 0.6832549593749999 0.45379217499999996 0.751529121875
6 0.5809551468749999 0.5984132234375 0.558705346875 0.5832589296874999 0.527838959375 0.6283051984375 0.5581911109375 0.63499743125 0.5738135171875001 0.6175976375000001 0.5809551468749999 0.5984132234375
6 0.592114009375 0.5676289640625 0.596577553125 0.5591521296875 0.58716516875 0.55703125 0.57916975625 0.56807510625 0.5796160703125001 0.5747673390625 0.5854186921875 0.572982753125 0.592114009375 0.5676289640625
3 0.25556273906250004 0.8176121796875 0.258687240625 0.8283197421875 0.3243013328125 0.83367353125 0.326979453125 0.81850448125 0.25556273906250004 0.8176121796875
2 0.26921125 0.7787102265625 0.2714361359375 0.7661025375 0.258828446875 0.7631360218750001 0.25586193125 0.8172749234375001 0.2714361359375 0.8194998109375 0.2669863640625 0.8024423484375 0.26921125 0.7787102265625
2 0.33150806875 0.79428443125 0.33373295468749997 0.7987342046875 0.33892435625 0.78686814375 0.307775946875 0.772777196875 0.3055510609375 0.7861265140625 0.3055510609375 0.793542803125 0.31815875 0.7987342046875 0.33150806875 0.79428443125
6 0.25235341875 0.2818909703125 0.2902385390625 0.3159233640625 0.2568482640625 0.33133426093749996 0.2568482640625 0.36536665625000003 0.2703327984375 0.37885118906250004 0.2947333828125 0.3871987578125 0.31528124375 0.38270391406250004 0.333260621875 0.3576612078125 0.36921937968749996 0.3493136390625 0.41866267031250004 0.3968305671875 0.47709565 0.4302208421875 0.6003828171875 0.50406471875 0.6003828171875 0.48351685624999996 0.5689189046875 0.46361111718750003 0.5124122859375 0.4302208421875 0.5059910796875 0.40967298124999996 0.4995698734375 0.389767240625 0.5310337859375001 0.40325177500000003 0.5419498375 0.42572599687499996 0.6048776625000001 0.4642532375 0.6678054859375 0.48223261562499997 0.6678054859375 0.5066332 0.676795175 0.518191371875 0.70376424375 0.49314866718749995 0.74614420625 0.45012658281249995 0.25427978125 0.1830043875 0.25235341875 0.2818909703125
6 0.29124185625 0.6966001140625 0.330447490625 0.7225038359375 0.330447490625 0.7358057484375 0.33324789374999997 0.7505078609375 0.3430493015625 0.7603092703125001 0.3675528234375 0.7421066546875 0.3773542328125 0.727404540625 0.31854578125 0.691699409375 0.33254779375 0.6664957874999999 0.28424085 0.6230895484375 0.2744394421875 0.6377916625 0.279340146875 0.6720965921875 0.29124185625 0.6966001140625
7 0.3549510125 0.6966001140625 0.3500503078125 0.6937997109375 0.35985171718750003 0.67419689375 0.337448496875 0.662295184375 0.3206460828125 0.690999309375 0.3745538296875 0.727404540625 0.3815548359375 0.71620293125 0.3549510125 0.6966001140625