5 0.548063459375 0.7465526796875 0.816852678125 0.252901775 0.23510332968749997 0.258687240625 0.226180353125 0.30957165625 0.206995940625 0.3524216765625 0.1815654703125 0.388130034375 0.548063459375 0.7465526796875
0 0.21409936406250002 0.3381383140625 0.180638184375 0.3872373046875 0.2535801390625 0.4471744859375 0.2855912453125 0.385466028125 0.2593030125 0.369213615625 0.21409936406250002 0.3381383140625
1 0.1564074140625 0.367322153125 0.17834838749999998 0.3881282484375 0.2116381390625 0.339328496875 0.1927235078125 0.3283580109375 0.1801920421875 0.3216232125 0.17216135 0.3171596671875 0.146249771875 0.35911699375 0.1564074140625 0.367322153125
6 0.6071702765625 0.30138250312500003 0.6081535796875001 0.2944993796875 0.5776711734375 0.2920411203125 0.5530885875 0.3195736171875 0.534897475 0.322031875 0.514739753125 0.3633306203125 0.6072646234375 0.4151485640625 0.6391093640625 0.363010928125 0.5969483015625 0.341139534375 0.5673464874999999 0.3348148203125 0.5584967562500001 0.321048571875 0.5781628249999999 0.299415896875 0.6071702765625 0.30138250312500003
4 0.6062685546875 0.4193984234375 0.3783457875 0.28182342031249996 0.33419858593749996 0.33931745156250004 0.316745040625 0.3316173578125 0.24847087812500002 0.45379217499999996 0.4964138875 0.6026606484375 0.6062685546875 0.4193984234375
6 0.3716948015625 0.527838959375 0.36500256875 0.5581911109375 0.38240236250000004 0.5738135171875001 0.40158677656249997 0.5809551468749999 0.4167410703125 0.558705346875 0.3716948015625 0.527838959375
6 0.44296875 0.58716516875 0.43192489375000004 0.57916975625 0.4252326609375 0.5796160703125001 0.42701724687500003 0.5854186921875 0.43237103593750004 0.592114009375 0.44084787031249995 0.596577553125 0.44296875 0.58716516875
3 0.16632646874999998 0.3243013328125 0.18149551875 0.326979453125 0.1823878203125 0.25556273906250004 0.17168025781250001 0.258687240625 0.16632646874999998 0.3243013328125
2 0.236863978125 0.258828446875 0.1827250765625 0.25586193125 0.1805001890625 0.2714361359375 0.1975576515625 0.2669863640625 0.22128977343749998 0.26921125 0.23389746250000001 0.2714361359375 0.236863978125 0.258828446875
2 0.21313185625000003 0.33892435625 0.227222803125 0.307775946875 0.2138734859375 0.3055510609375 0.20645719687500003 0.3055510609375 0.20126579531250002 0.31815875 0.20571556875 0.33150806875 0.20126579531250002 0.33373295468749997 0.21313185625000003 0.33892435625
6 0.6686657390625 0.2568482640625 0.63463334375 0.2568482640625 0.6211488109375 0.2703327984375 0.6128012421875 0.2947333828125 0.6172960859375001 0.31528124375 0.6423387921875 0.333260621875 0.6506863609375 0.36921937968749996 0.6031694328125 0.41866267031250004 0.5697791578125 0.47709565 0.49593528124999997 0.6003828171875 0.51648314375 0.6003828171875 0.5363888828125 0.5689189046875 0.5697791578125 0.5124122859375 0.59032701875 0.5059910796875 0.610232759375 0.4995698734375 0.596748225 0.5310337859375001 0.574274003125 0.5419498375 0.5357467625 0.6048776625000001 0.517767384375 0.6678054859375 0.4933668 0.6678054859375 0.481808628125 0.676795175 0.5068513328125 0.70376424375 0.5498734171875 0.74614420625 0.8169956125000001 0.25427978125 0.7181090296875 0.25235341875 0.6840766359375 0.2902385390625 0.6686657390625 0.2568482640625
6 0.2641942515625 0.330447490625 0.2494921390625 0.33324789374999997 0.2396907296875 0.3430493015625 0.25789334531249997 0.3675528234375 0.272595459375 0.3773542328125 0.308300590625 0.31854578125 0.3335042125 0.33254779375 0.3769104515625 0.28424085 0.3622083375 0.2744394421875 0.3279034078125 0.279340146875 0.3033998859375 0.29124185625 0.2774961640625 0.330447490625 0.2641942515625 0.330447490625
7 0.32580310625000003 0.35985171718750003 0.337704815625 0.337448496875 0.309000690625 0.3206460828125 0.272595459375 0.3745538296875 0.28379706875 0.3815548359375 0.3033998859375 0.3549510125 0.3062002890625 0.3500503078125 0.32580310625000003 0.35985171718750003