5 0.26208523125 0.4814310296875 0.2684247046875 0.5099586625 0.2728623375 0.532146821875 0.2728623375 0.5632102437500001 0.2684247046875 0.589836034375 0.26208523125 0.6139260359375001 0.532146821875 0.729938409375 0.6215334046875001 0.740715515625 0.7343760406250001 0.26208523125 0.7343760406250001 0.255111809375 0.5879341921875 0.33055154999999997 0.47255576718750003 0.3901426046875 0.3508378671875 0.445296028125 0.26208523125 0.4814310296875
4 0.556120640625 0.679935275 0.5782323828125 0.5953729 0.5436226859375 0.5780760609375 0.560546875 0.4775390625 0.5570820046875 0.4608417921875 0.411913815625 0.4233653484375 0.408068284375 0.44066222499999996 0.3869179796875 0.54636518125 0.3475013890625 0.5377167421875 0.32154418906250004 0.6261228578125 0.45709859062499997 0.6693649765624999 0.5126953125 0.67578125 0.556120640625 0.679935275
0 0.3372763328125 0.5572816359375 0.3420149078125 0.5359580453125 0.2875212859375 0.5207269078125 0.26992086249999997 0.516665271875 0.273305559375 0.55355846875 0.270936271875 0.5725127718749999 0.26992086249999997 0.5890977875 0.2983523171875 0.5948517718749999 0.32494323281250004 0.600757196875 0.3372763328125 0.5572816359375
7 0.3521966296875 0.46689905468750004 0.3436245625 0.4681236359375 0.3321951390625 0.475062928125 0.32250562656250004 0.4992793046875 0.3138531296875 0.5233027031249999 0.32923525 0.524263625 0.3475013890625 0.48582618593750004 0.3534212109375 0.4852677703125 0.37668825156249996 0.48771693125000004 0.37791283125 0.46975640937499996 0.3521966296875 0.46689905468750004
6 0.375 0.4931640625 0.3751849375 0.48958769531249996 0.353861346875 0.4872184078125 0.34912277187499996 0.4872184078125 0.33984375 0.4951171875 0.330078125 0.5263671875 0.34709195312499996 0.5352811046875 0.367690403125 0.54059954375 0.375 0.4931640625
1 0.22850010156249997 0.5140682265625001 0.2308299125 0.5466855640625 0.2261702921875 0.579302903125 0.269105359375 0.587290821875 0.2737649796875 0.5560048046875 0.27143517031250003 0.518727846875 0.22850010156249997 0.5140682265625001
7 0.585657221875 0.47928995625 0.56384970625 0.47305923749999995 0.544921875 0.5780385406249999 0.5812067078125 0.5909978375 0.5859375 0.5604604156249999 0.596338453125 0.5193445750000001 0.6012340171874999 0.48329541875000004 0.585657221875 0.47928995625
2 0.2624487609375 0.48111805781249994 0.22384048281250002 0.49043729843749995 0.2333984375 0.513671875 0.2704366796875 0.51606520625 0.2624487609375 0.48111805781249994
2 0.2631144203125 0.613584390625 0.269105359375 0.5886221421875 0.24487410468749998 0.5843592109375 0.22490439218749997 0.5819899234375 0.2148310796875 0.5972947796875 0.2631144203125 0.613584390625
6 0.530915909375 0.381378665625 0.5464927046875 0.381378665625 0.5451575515625 0.41075205312499996 0.5295807546875 0.4312244140625 0.5095534453125 0.4356749265625 0.4859657265625 0.41431246406250005 0.47661964843750004 0.40363123125 0.448581415625 0.40318618125 0.42365854062499997 0.40763669374999995 0.39873566718750003 0.4187629765625 0.38182371718749997 0.42810905468750005 0.364466715625 0.44991656874999997 0.36268651093750004 0.4646032625 0.3956203078125 0.467718621875 0.41431246406250005 0.427664003125 0.5558387828125 0.46015275000000005 0.58076165625 0.33642848281250004 0.503322728125 0.3733677421875 0.530915909375 0.381378665625
6 0.6897992296875 0.34621961093750003 0.651079765625 0.586992375 0.6292722515625 0.5878824781249999 0.6136954546875 0.594113196875 0.590107734375 0.63950843125 0.573195784375 0.7093814890625 0.6212613265625 0.735639515625 0.735194465625 0.2558296890625 0.5843220671875 0.33197796875 0.6012340171874999 0.3382086875 0.627937096875 0.3377636359375 0.644849046875 0.33642848281250004 0.6746674859375 0.333758175 0.6897992296875 0.34621961093750003