5 0.73791476875 0.5185689703125 0.7315752953125 0.4900413375 0.7271376625 0.46785317812500005 0.7271376625 0.43678975624999994 0.7315752953125 0.41016396562499996 0.73791476875 0.3860739640625 0.46785317812500005 0.270061590625 0.37846659531250004 0.259284484375 0.265623959375 0.73791476875 0.265623959375 0.744888190625 0.4120658078125 0.66944845 0.5274442328125 0.6098573953125 0.6491621328125 0.554703971875 0.73791476875 0.5185689703125
4 0.443879359375 0.320064725 0.42176761718750005 0.4046271 0.4563773140625 0.4219239390625 0.439453125 0.5224609375 0.4429179953125 0.5391582078125 0.588086184375 0.5766346515625 0.591931715625 0.559337775 0.6130820203125 0.45363481875 0.6524986109375 0.4622832578125 0.6784558109375001 0.3738771421875 0.542901409375 0.3306350234375 0.4873046875 0.32421875 0.443879359375 0.320064725
0 0.6627236671875 0.4427183640625 0.6579850921875 0.4640419546875 0.7124787140625 0.4792730921875 0.7300791375 0.483334728125 0.726694440625 0.44644153124999997 0.7290637281250001 0.42748722812500006 0.7300791375 0.41090221250000003 0.7016476828125 0.405148228125 0.6750567671875001 0.399242803125 0.6627236671875 0.4427183640625
7 0.6478033703125 0.5331009453125 0.6563754375 0.5318763640624999 0.6678048609375 0.5249370718749999 0.6774943734375001 0.5007206953125001 0.6861468703125 0.476697296875 0.67076475 0.475736375 0.6524986109375 0.5141738140625 0.6465787890625 0.5147322296875 0.6233117484374999 0.51228306875 0.62208716875 0.530243590625 0.6478033703125 0.5331009453125
6 0.625 0.5068359375 0.6248150625 0.5104123046875 0.646138653125 0.5127815921875001 0.6508772281249999 0.5127815921875001 0.66015625 0.5048828125 0.669921875 0.4736328125 0.652908046875 0.4647188953125 0.632309596875 0.45940045625000003 0.625 0.5068359375
1 0.7714998984375 0.4859317734375 0.7691700875 0.4533144359375 0.7738297078125 0.420697096875 0.730894640625 0.41270917812499996 0.7262350203125 0.4439951953125 0.7285648296875 0.48127215312500005 0.7714998984375 0.4859317734375
7 0.414342778125 0.5207100437500001 0.43615029375000003 0.5269407625 0.455078125 0.421961459375 0.41879329218750005 0.40900216250000004 0.4140625 0.439539584375 0.403661546875 0.48065542499999997 0.3987659828125 0.51670458125 0.414342778125 0.5207100437500001
2 0.7375512390625001 0.5188819421875001 0.7761595171875 0.5095627015625 0.7666015625 0.486328125 0.7295633203125 0.48393479375000004 0.7375512390625001 0.5188819421875001
2 0.7368855796875 0.386415609375 0.730894640625 0.4113778578125 0.7551258953125 0.4156407890625 0.7750956078125 0.4180100765625 0.7851689203125 0.4027052203125 0.7368855796875 0.386415609375
6 0.469084090625 0.618621334375 0.4535072953125 0.618621334375 0.45484244843750005 0.589247946875 0.47041924531249996 0.5687755859375 0.4904465546875 0.5643250734375 0.5140342734375001 0.5856875359375 0.5233803515625 0.59636876875 0.551418584375 0.5968138187500001 0.576341459375 0.59236330625 0.6012643328125 0.5812370234374999 0.6181762828124999 0.5718909453125 0.635533284375 0.55008343125 0.6373134890625 0.5353967374999999 0.6043796921875 0.532281378125 0.5856875359375 0.5723359968749999 0.44416121718749996 0.53984725 0.41923834375 0.6635715171875 0.496677271875 0.6266322578125 0.469084090625 0.618621334375
6 0.3102007703125 0.6537803890625 0.348920234375 0.413007625 0.3707277484375 0.41211752187500006 0.38630454531249997 0.40588680312500003 0.40989226562500003 0.36049156875 0.426804215625 0.2906185109375 0.3787386734375 0.264360484375 0.264805534375 0.7441703109375 0.41567793281250004 0.66802203125 0.3987659828125 0.6617913125 0.372062903125 0.6622363640625 0.355150953125 0.6635715171875 0.32533251406249997 0.666241825 0.3102007703125 0.6537803890625