4 0.3603515625 0.380859375 0.3359375 0.4072265625 0.31640625 0.4501953125 0.3212890625 0.4609375 0.345703125 0.4775390625 0.33984375 0.4970703125 0.34375 0.5146484375 0.3203125 0.5712890625 0.3203125 0.5927734375 0.3779296875 0.6328125 0.3955078125 0.638671875 0.4150390625 0.66015625 0.4384765625 0.666015625 0.46656338750000004 0.6212300046875 0.48109008593749997 0.6272115859375 0.5169795765625 0.5699593015625 0.5434694390625 0.57935893125 0.5853405125 0.5101434828125 0.55078125 0.4833984375 0.55078125 0.4755859375 0.5302734375 0.4609375 0.4541015625 0.41796875 0.3603515625 0.380859375
0 0.4287109375 0.322265625 0.4052734375 0.314453125 0.34651923125 0.3071196859375 0.2998603234375 0.2800533234375 0.275281065625 0.3287727796875 0.31110844375 0.32710715156250003 0.3335752890625 0.33374393750000003 0.345703125 0.3525390625 0.3583984375 0.375 0.36318313125 0.380823478125 0.3974609375 0.396484375 0.4754635171875 0.4292722765625 0.505605559375 0.3690159484375 0.47178765624999996 0.349910278125 0.45781937656249994 0.3374181046875 0.4287109375 0.322265625
7 0.2873811546875 0.47207524687499997 0.285076 0.45801768750000005 0.33580288281250004 0.400700690625 0.3600635828125 0.3771860296875 0.35491734531249997 0.3661635296875 0.3049509578125 0.40925695624999997 0.2766306453125 0.44343664374999997 0.2668650203125 0.46687414374999997 0.2668650203125 0.48249914374999997 0.277397690625 0.502025640625 0.30235635156249996 0.522705675 0.33230674531250004 0.5419594984375 0.342290209375 0.5248449875000001 0.3194708625 0.5120091046875 0.304495665625 0.502025640625 0.2873811546875 0.48705044375 0.2873811546875 0.47207524687499997
1 0.256534178125 0.323775909375 0.278197234375 0.324608725 0.2869457765625 0.30420484375 0.300276915625 0.2813025375 0.281530028125 0.2733908484375 0.2723648640625 0.2892142421875 0.256534178125 0.323775909375
2 0.2890625 0.2587890625 0.2824557515625 0.274074815625 0.2947487921875 0.2791945578125 0.30078125 0.2568359375 0.3039685734375 0.24847611249999998 0.292290175 0.24540426875 0.2890625 0.2587890625
2 0.2530627046875 0.3438910515625 0.21228203437499998 0.40701894375 0.158171053125 0.47899151562500003 0.16326279375 0.48593160781250005 0.2174204890625 0.42023207500000004 0.274355459375 0.3253841375 0.2581544453125 0.323996121875 0.2530627046875 0.3438910515625
7 0.2461585375 0.37303258906250003 0.21543446406250003 0.42352180937500006 0.165442771875 0.4880646234375 0.181065178125 0.5005567984375 0.2367851171875 0.4271653234375 0.2987539640625 0.327748478125 0.2723797859375 0.3270525609375 0.2461585375 0.37303258906250003
7 0.29452284687499997 0.27962779531250004 0.3125905296875 0.2871319375 0.3228514890625 0.25256143125 0.3032714203125 0.25006298125000004 0.2981907375 0.2694799625 0.29452284687499997 0.27962779531250004
6 0.642592796875 0.5537235796875 0.6075578171875 0.5332152984375 0.5802134421875 0.51185250625 0.53834236875 0.5802134421875 0.5238156703125 0.569104790625 0.481944596875 0.6246480515624999 0.4699814328125 0.61952098125 0.4520366875 0.6707916828125 0.5050164125000001 0.7058266625 0.528942740625 0.6947180093750001 0.594740140625 0.6289206093749999 0.642592796875 0.5537235796875
6 0.541166928125 0.318718346875 0.5187351390625 0.3149797140625 0.5019112953125 0.343954109375 0.5019112953125 0.3729285046875 0.47574087499999995 0.431811953125 0.6393060078125 0.54957885 0.6748230093750001 0.4785448484375 0.65612985 0.4131187953125 0.60659298125 0.35143137343749997 0.541166928125 0.318718346875
5 0.26357352968750003 0.350496715625 0.2336644765625 0.3990989265625 0.1981474765625 0.44863579531250003 0.16543445 0.48415279531250005 0.4663942953125 0.7533342734375 0.83558416875 0.3738631625 0.3093717671875 0.24955366093750003 0.2990905296875 0.274789425 0.2794627140625 0.3177836890625 0.26357352968750003 0.350496715625