4 0.4501953125 0.68359375 0.4609375 0.6787109375 0.4775390625 0.654296875 0.4970703125 0.66015625 0.5146484375 0.65625 0.5712890625 0.6796875 0.5927734375 0.6796875 0.6328125 0.6220703125 0.638671875 0.6044921875 0.66015625 0.5849609375 0.666015625 0.5615234375 0.6212300046875 0.5334366125 0.6272115859375 0.5189099140625 0.5699593015625 0.48302042343749996 0.57935893125 0.4565305609375 0.5101434828125 0.4146594875 0.4833984375 0.44921875 0.4755859375 0.44921875 0.4609375 0.4697265625 0.41796875 0.5458984375 0.380859375 0.6396484375 0.4072265625 0.6640625 0.4501953125 0.68359375
0 0.3071196859375 0.6534807687499999 0.2800533234375 0.7001396765625 0.3287727796875 0.724718934375 0.32710715156250003 0.68889155625 0.33374393750000003 0.6664247109375 0.3525390625 0.654296875 0.375 0.6416015625 0.380823478125 0.63681686875 0.396484375 0.6025390625 0.4292722765625 0.5245364828125 0.3690159484375 0.494394440625 0.349910278125 0.52821234375 0.3374181046875 0.5421806234375001 0.322265625 0.5712890625 0.314453125 0.5947265625 0.3071196859375 0.6534807687499999
7 0.400700690625 0.6641971171875001 0.3771860296875 0.6399364171874999 0.3661635296875 0.6450826546874999 0.40925695624999997 0.6950490421875 0.44343664374999997 0.7233693546875 0.46687414374999997 0.7331349796875 0.48249914374999997 0.7331349796875 0.502025640625 0.722602309375 0.522705675 0.6976436484375 0.5419594984375 0.6676932546875001 0.5248449875000001 0.657709790625 0.5120091046875 0.6805291375 0.502025640625 0.695504334375 0.48705044375 0.7126188453125 0.47207524687499997 0.7126188453125 0.45801768750000005 0.714924 0.400700690625 0.6641971171875001
1 0.30420484375 0.7130542234374999 0.2813025375 0.699723084375 0.2733908484375 0.7184699718750001 0.2892142421875 0.7276351359375 0.323775909375 0.743465821875 0.324608725 0.721802765625 0.30420484375 0.7130542234374999
2 0.2791945578125 0.7052512078125 0.2568359375 0.69921875 0.24847611249999998 0.6960314265624999 0.24540426875 0.707709825 0.2587890625 0.7109375 0.274074815625 0.7175442484375 0.2791945578125 0.7052512078125
2 0.47899151562500003 0.841828946875 0.48593160781250005 0.8367372062499999 0.42023207500000004 0.7825795109375 0.3253841375 0.7256445406250001 0.323996121875 0.7418455546875 0.3438910515625 0.7469372953125 0.40701894375 0.787717965625 0.47899151562500003 0.841828946875
7 0.4880646234375 0.834557228125 0.5005567984375 0.818934821875 0.4271653234375 0.7632148828124999 0.327748478125 0.7012460359375 0.3270525609375 0.7276202140625 0.37303258906250003 0.7538414625 0.42352180937500006 0.7845655359375 0.4880646234375 0.834557228125
7 0.25256143125 0.6771485109375 0.25006298125000004 0.6967285796875 0.2694799625 0.7018092625000001 0.27962779531250004 0.705477153125 0.2871319375 0.6874094703125 0.25256143125 0.6771485109375
6 0.51185250625 0.41978655781249996 0.5802134421875 0.46165763125000003 0.569104790625 0.4761843296875 0.6246480515624999 0.518055403125 0.61952098125 0.5300185671875 0.6707916828125 0.5479633125000001 0.7058266625 0.4949835875 0.6947180093750001 0.47105725937500004 0.6289206093749999 0.405259859375 0.5537235796875 0.357407203125 0.5332152984375 0.3924421828125 0.51185250625 0.41978655781249996
6 0.343954109375 0.4980887046875 0.3729285046875 0.4980887046875 0.431811953125 0.524259125 0.54957885 0.3606939921875 0.4785448484375 0.325176990625 0.4131187953125 0.34387015 0.35143137343749997 0.39340701875 0.318718346875 0.458833071875 0.3149797140625 0.4812648609375 0.343954109375 0.4980887046875
5 0.44863579531250003 0.8018525234375 0.48415279531250005 0.83456555 0.7533342734375 0.5336057046875 0.3738631625 0.16441583125 0.24955366093750003 0.6906282328125 0.274789425 0.7009094703125001 0.3177836890625 0.7205372859375 0.350496715625 0.7364264703125001 0.3990989265625 0.7663355234375 0.44863579531250003 0.8018525234375