5 0.31430153125000004 0.3701372 0.26314388593750004 0.850033146875 0.641079509375 0.8984788296874999 0.7300305703125 0.1151581078125 0.637334259375 0.10299191562500001 0.47815875625000004 0.210616684375 0.31430153125000004 0.3701372
0 0.415695709375 0.6149252640625 0.3330598921875 0.6115242249999999 0.32868505312499996 0.6222130781249999 0.3189631890625 0.7334737390625 0.32722676875 0.7849742890625 0.32917113750000004 0.8165548093749999 0.32654216875 0.862933671875 0.3724334171875 0.8685412593749999 0.37632217031250004 0.774285490625 0.395765896875 0.7752572390625 0.40645991718749996 0.7806016109375 0.415695709375 0.6149252640625
1 0.3243102140625 0.8855461515625 0.3149926125 0.8969835484375001 0.37442518125 0.90160608125 0.3714612453125 0.8986642109374999 0.37340560156249997 0.8665978437499999 0.3247963125 0.8617392921875 0.3243102140625 0.8855461515625
3 0.3242926109375 0.8610174531249999 0.2668121734375 0.8550120343750001 0.2655090875 0.8633891437500001 0.3247963125 0.8690271062500001 0.3242926109375 0.8610174531249999
2 0.26505361562499996 0.8652110265624999 0.2606320453125 0.891376396875 0.313616165625 0.89623495 0.323824128125 0.8836027359375 0.3247963125 0.8685412593749999 0.26505361562499996 0.8652110265624999
3 0.37276491875 0.8670228718749999 0.37210975468749996 0.87416450625 0.6635987671875 0.9060580937499999 0.6644795265625 0.884878546875 0.649105 0.884878546875 0.647605046875 0.8953782234375 0.5138922578125 0.8803205843749999 0.37276491875 0.8670228718749999
2 0.6417887343750001 0.9004488140625 0.485512053125 0.8844051500000001 0.373747675 0.8752183296875 0.37246811874999997 0.8987420281249999 0.3786155171875 0.9031796703125 0.40388818437499996 0.9048864375000001 0.6373489515624999 0.929805346875 0.6417887343750001 0.9004488140625
4 0.6824091875 0.4355566515625 0.611619825 0.42887114843749996 0.6049310375 0.50296854375 0.5213215046874999 0.499068678125 0.5202067125000001 0.515782371875 0.48063153906249995 0.5113253921875 0.479516746875 0.5324960671875 0.42249189375 0.527368971875 0.4031533890625 0.7453171140625 0.5023700328125 0.7531168453125 0.5107309843750001 0.6879334125 0.6589985609375 0.709661265625 0.6824091875 0.4355566515625
7 0.5302398609375001 0.7993580625 0.5508635453124999 0.8010294703125 0.565913253125 0.7910012156249999 0.5752834250000001 0.768241003125 0.5841972328125 0.6955591890624999 0.5663696171875 0.69350215625 0.5597818859375 0.768159196875 0.5436173703125 0.7776302734375 0.531912040625 0.7765160437499999 0.5168623343750001 0.77540175 0.5018126125 0.77540175 0.48230371875 0.77373040625 0.4639096359375 0.7709447703125 0.4183136328125 0.7660521703125001 0.40594037812500006 0.7620308078125 0.40594037812500006 0.786544234375 0.4923368671875 0.7943439671875 0.5107309843750001 0.7960153109375 0.5302398609375001 0.7993580625
6 0.6140289421875 0.43966136406249995 0.5595277578125 0.433353765625 0.5497749359374999 0.431633546875 0.547480153125 0.4390878921875 0.53887470625 0.4453954890625 0.5262533796875 0.4471157078125 0.5136320546875 0.4522763625 0.5027318234375 0.4522763625 0.499863353125 0.46833205937500005 0.49928963125000003 0.4843876921875 0.497568553125 0.5067507906250001 0.501584415625 0.5182191078125 0.5210900921875 0.5182191078125 0.5268270671875 0.49700282187499994 0.6071445578125 0.50560404375 0.6140289421875 0.43966136406249995
6 0.5643125859375 0.7188722234375 0.512886771875 0.71407248125 0.510829740625 0.75178474375 0.4491187640625 0.7497277109375 0.4079781140625 0.7428709359375001 0.40592108125 0.7641269390625001 0.5259146453125 0.776469134375 0.5451136156249999 0.7785261671875 0.5567701328125 0.7709837140625 0.5643125859375 0.7188722234375
6 0.6568790484375 0.730528740625 0.6479652406249999 0.7092727390625 0.5835115546874999 0.6921308015625 0.5787118125 0.7545274531249999 0.5739120703125 0.7737264234375 0.5643125859375 0.7956681046875 0.5732263921875 0.8073246218750001 0.6068245906249999 0.8121243640625 0.6404227875 0.7956681046875 0.654822015625 0.7881256515625 0.6568790484375 0.7593271968749999 0.6568790484375 0.730528740625
6 0.396321596875 0.8052675890625001 0.40112133906249997 0.84092281875 0.4175776 0.8532650140625 0.444319021875 0.8601217890624999 0.47311747656250003 0.8429798515625 0.4943734796875 0.7977251359374999 0.482031284375 0.7949824265625 0.45049012031249996 0.7949824265625 0.42169166406249997 0.790182684375 0.40112133906249997 0.7812688765625 0.396321596875 0.8052675890625001
7 0.2659542578125 0.8580147437500001 0.32557948593749997 0.8627332859375001 0.3242926109375 0.849006615625 0.2659542578125 0.8464328640625001 0.2659542578125 0.8580147437500001
7 0.6438551625 0.8938782703125 0.6461050921875 0.87850374375 0.5696568609375 0.8743151656249999 0.3719070015625 0.8550120343750001 0.37276491875 0.8683097468750001 0.49673391875000006 0.879033709375 0.6146975 0.892331421875 0.6438551625 0.8938782703125