5 0.3701372 0.68569846875 0.850033146875 0.7368561140625001 0.8984788296874999 0.358920490625 0.1151581078125 0.26996942968750004 0.10299191562500001 0.362665740625 0.210616684375 0.52184124375 0.3701372 0.68569846875
0 0.6149252640625 0.584304290625 0.6115242249999999 0.6669401078125 0.6222130781249999 0.671314946875 0.7334737390625 0.6810368109375 0.7849742890625 0.67277323125 0.8165548093749999 0.6708288625 0.862933671875 0.67345783125 0.8685412593749999 0.6275665828125 0.774285490625 0.6236778296875001 0.7752572390625 0.604234103125 0.7806016109375 0.5935400828125 0.6149252640625 0.584304290625
1 0.8855461515625 0.6756897859375 0.8969835484375001 0.6850073875 0.90160608125 0.62557481875 0.8986642109374999 0.6285387546875 0.8665978437499999 0.6265943984375 0.8617392921875 0.6752036875 0.8855461515625 0.6756897859375
3 0.8610174531249999 0.6757073890624999 0.8550120343750001 0.7331878265625 0.8633891437500001 0.7344909125 0.8690271062500001 0.6752036875 0.8610174531249999 0.6757073890624999
2 0.8652110265624999 0.7349463843749999 0.891376396875 0.7393679546875 0.89623495 0.6863838343750001 0.8836027359375 0.6761758718750001 0.8685412593749999 0.6752036875 0.8652110265624999 0.7349463843749999
3 0.8670228718749999 0.62723508125 0.87416450625 0.6278902453125 0.9060580937499999 0.3364012328125 0.884878546875 0.3355204734375 0.884878546875 0.350895 0.8953782234375 0.352394953125 0.8803205843749999 0.48610774218749997 0.8670228718749999 0.62723508125
2 0.9004488140625 0.358211265625 0.8844051500000001 0.514487946875 0.8752183296875 0.626252325 0.8987420281249999 0.62753188125 0.9031796703125 0.6213844828124999 0.9048864375000001 0.596111815625 0.929805346875 0.36265104843749996 0.9004488140625 0.358211265625
4 0.4355566515625 0.3175908125 0.42887114843749996 0.388380175 0.50296854375 0.3950689625 0.499068678125 0.4786784953125 0.515782371875 0.4797932875 0.5113253921875 0.5193684609375 0.5324960671875 0.520483253125 0.527368971875 0.57750810625 0.7453171140625 0.5968466109375 0.7531168453125 0.4976299671875 0.6879334125 0.48926901562499997 0.709661265625 0.34100143906249997 0.4355566515625 0.3175908125
7 0.7993580625 0.46976013906249997 0.8010294703125 0.4491364546875 0.7910012156249999 0.434086746875 0.768241003125 0.424716575 0.6955591890624999 0.4158027671875 0.69350215625 0.4336303828125 0.768159196875 0.4402181140625 0.7776302734375 0.4563826296875 0.7765160437499999 0.46808795937500003 0.77540175 0.483137665625 0.77540175 0.49818738749999997 0.77373040625 0.51769628125 0.7709447703125 0.5360903640625 0.7660521703125001 0.5816863671875 0.7620308078125 0.5940596218749999 0.786544234375 0.5940596218749999 0.7943439671875 0.5076631328125 0.7960153109375 0.48926901562499997 0.7993580625 0.46976013906249997
6 0.43966136406249995 0.3859710578125 0.433353765625 0.44047224218750003 0.431633546875 0.4502250640625 0.4390878921875 0.452519846875 0.4453954890625 0.46112529375 0.4471157078125 0.4737466203125 0.4522763625 0.4863679453125 0.4522763625 0.49726817656250005 0.46833205937500005 0.5001366468749999 0.4843876921875 0.50071036875 0.5067507906250001 0.502431446875 0.5182191078125 0.498415584375 0.5182191078125 0.4789099078125 0.49700282187499994 0.47317293281249995 0.50560404375 0.3928554421875 0.43966136406249995 0.3859710578125
6 0.7188722234375 0.4356874140625 0.71407248125 0.487113228125 0.75178474375 0.48917025937499997 0.7497277109375 0.5508812359374999 0.7428709359375001 0.5920218859374999 0.7641269390625001 0.59407891875 0.776469134375 0.4740853546875 0.7785261671875 0.45488638437500006 0.7709837140625 0.4432298671875 0.7188722234375 0.4356874140625
6 0.730528740625 0.3431209515625 0.7092727390625 0.352034759375 0.6921308015625 0.41648844531250007 0.7545274531249999 0.42128818749999997 0.7737264234375 0.42608792968750003 0.7956681046875 0.4356874140625 0.8073246218750001 0.4267736078125 0.8121243640625 0.393175409375 0.7956681046875 0.35957721249999997 0.7881256515625 0.34517798437499997 0.7593271968749999 0.3431209515625 0.730528740625 0.3431209515625
6 0.8052675890625001 0.603678403125 0.84092281875 0.5988786609375001 0.8532650140625 0.5824224 0.8601217890624999 0.5556809781250001 0.8429798515625 0.5268825234375 0.7977251359374999 0.5056265203125 0.7949824265625 0.517968715625 0.7949824265625 0.5495098796875 0.790182684375 0.5783083359375001 0.7812688765625 0.5988786609375001 0.8052675890625001 0.603678403125
7 0.8580147437500001 0.7340457421875 0.8627332859375001 0.6744205140624999 0.849006615625 0.6757073890624999 0.8464328640625001 0.7340457421875 0.8580147437500001 0.7340457421875
7 0.8938782703125 0.3561448375 0.87850374375 0.3538949078125 0.8743151656249999 0.4303431390625 0.8550120343750001 0.6280929984375 0.8683097468750001 0.62723508125 0.879033709375 0.5032660812499999 0.892331421875 0.3853025 0.8938782703125 0.3561448375