5 0.8970080843750001 0.637334259375 0.7893833156250001 0.47815875625000004 0.6298628 0.31430153125000004 0.149966853125 0.26314388593750004 0.1015211703125 0.641079509375 0.8848418921875 0.7300305703125 0.8970080843750001 0.637334259375
0 0.22474276093749998 0.395765896875 0.21939838906250003 0.40645991718749996 0.3850747359375 0.415695709375 0.38847577499999997 0.3330598921875 0.37778692187499996 0.32868505312499996 0.2665262609375 0.3189631890625 0.2150257109375 0.32722676875 0.183445190625 0.32917113750000004 0.137066328125 0.32654216875 0.13145874062500001 0.3724334171875 0.225714509375 0.37632217031250004 0.22474276093749998 0.395765896875
1 0.13340215625000001 0.37340560156249997 0.1382607078125 0.3247963125 0.11445384843749999 0.3243102140625 0.10301645156250001 0.3149926125 0.09839391875 0.37442518125 0.1013357890625 0.3714612453125 0.13340215625000001 0.37340560156249997
3 0.13661085625 0.2655090875 0.13097289375 0.3247963125 0.138982546875 0.3242926109375 0.144987965625 0.2668121734375 0.13661085625 0.2655090875
2 0.11639726406249999 0.323824128125 0.13145874062500001 0.3247963125 0.13478897343750001 0.26505361562499996 0.108623603125 0.2606320453125 0.10376505 0.313616165625 0.11639726406249999 0.323824128125
3 0.1046217765625 0.647605046875 0.119679415625 0.5138922578125 0.132977128125 0.37276491875 0.12583549375 0.37210975468749996 0.09394190625 0.6635987671875 0.115121453125 0.6644795265625 0.115121453125 0.649105 0.1046217765625 0.647605046875
2 0.0951135625 0.40388818437499996 0.07019465312499999 0.6373489515624999 0.0995511859375 0.6417887343750001 0.11559485 0.485512053125 0.12478167031250001 0.373747675 0.101257971875 0.37246811874999997 0.0968203296875 0.3786155171875 0.0951135625 0.40388818437499996
4 0.3120665875 0.5107309843750001 0.290338734375 0.6589985609375 0.5644433484375 0.6824091875 0.5711288515625 0.611619825 0.49703145624999995 0.6049310375 0.500931321875 0.5213215046874999 0.484217628125 0.5202067125000001 0.48867460781250005 0.48063153906249995 0.4675039328125 0.479516746875 0.472631028125 0.42249189375 0.2546828859375 0.4031533890625 0.24688315468750002 0.5023700328125 0.3120665875 0.5107309843750001
7 0.20565603281249997 0.4923368671875 0.20398468906249997 0.5107309843750001 0.2006419375 0.5302398609375001 0.1989705296875 0.5508635453124999 0.208998784375 0.565913253125 0.231758996875 0.5752834250000001 0.3044408109375 0.5841972328125 0.30649784375 0.5663696171875 0.23184080312500002 0.5597818859375 0.22236972656249998 0.5436173703125 0.22348395625 0.531912040625 0.22459825000000003 0.5168623343750001 0.22459825000000003 0.5018126125 0.22626959375000003 0.48230371875 0.2290552296875 0.4639096359375 0.2339478296875 0.4183136328125 0.2379691921875 0.40594037812500006 0.21345576562500002 0.40594037812500006 0.20565603281249997 0.4923368671875
6 0.502997178125 0.5268270671875 0.49439595625 0.6071445578125 0.5603386359375 0.6140289421875 0.5666462343750001 0.5595277578125 0.568366453125 0.5497749359374999 0.5609121078125 0.547480153125 0.5546045109375 0.53887470625 0.5528842921875 0.5262533796875 0.5477236375000001 0.5136320546875 0.5477236375000001 0.5027318234375 0.531667940625 0.499863353125 0.5156123078125 0.49928963125000003 0.49324920937499994 0.497568553125 0.4817808921875 0.501584415625 0.4817808921875 0.5210900921875 0.502997178125 0.5268270671875
6 0.22147383281250002 0.5451136156249999 0.2290162859375 0.5567701328125 0.2811277765625 0.5643125859375 0.28592751875 0.512886771875 0.24821525625000002 0.510829740625 0.2502722890625 0.4491187640625 0.2571290640625 0.4079781140625 0.2358730609375 0.40592108125 0.223530865625 0.5259146453125 0.22147383281250002 0.5451136156249999
6 0.2118743484375 0.654822015625 0.240672803125 0.6568790484375 0.269471259375 0.6568790484375 0.2907272609375 0.6479652406249999 0.3078691984375 0.5835115546874999 0.245472546875 0.5787118125 0.2262735765625 0.5739120703125 0.2043318953125 0.5643125859375 0.192675378125 0.5732263921875 0.1878756359375 0.6068245906249999 0.2043318953125 0.6404227875 0.2118743484375 0.654822015625
6 0.209817315625 0.42169166406249997 0.2187311234375 0.40112133906249997 0.1947324109375 0.396321596875 0.15907718125 0.40112133906249997 0.1467349859375 0.4175776 0.1398782109375 0.444319021875 0.1570201484375 0.47311747656250003 0.2022748640625 0.4943734796875 0.2050175734375 0.482031284375 0.2050175734375 0.45049012031249996 0.209817315625 0.42169166406249997
7 0.150993384375 0.3242926109375 0.1535671359375 0.2659542578125 0.14198525625 0.2659542578125 0.1372667140625 0.32557948593749997 0.150993384375 0.3242926109375
7 0.120966290625 0.49673391875000006 0.107668578125 0.6146975 0.1061217296875 0.6438551625 0.12149625625 0.6461050921875 0.125684834375 0.5696568609375 0.144987965625 0.3719070015625 0.131690253125 0.37276491875 0.120966290625 0.49673391875000006