4 0.4374719625 0.7118244625 0.47829852968750003 0.7384744249999999 0.54662049375 0.6243792890625001 0.6038423546875 0.52027789375 0.5330207796875001 0.48196859375 0.4871950546875 0.44532490625000004 0.4463684875 0.43116714062500006 0.4430356953125 0.433665553125 0.4047087375 0.40868121718749995 0.36638178125 0.467810796875 0.3197228109375 0.5402653749999999 0.285561828125 0.608555896875 0.2905609859375 0.6243792890625001 0.3213892390625 0.6443667703125 0.35124998125 0.634583334375 0.402209128125 0.6618558234374999 0.3922108125 0.68850575625 0.4374719625 0.7118244625
0 0.485797234375 0.8159258890625001 0.528670278125 0.8456458640625 0.6598984421874999 0.6339035921875 0.624279375 0.613291521875 0.5674138265625001 0.695739878125 0.5211714953125 0.6638848140625 0.4791317125 0.7359760609375 0.5091267187499999 0.764291590625 0.485797234375 0.8159258890625001
7 0.40160311093749995 0.7319671125 0.4697168109375 0.7694436140625001 0.507835471875 0.765071375 0.48149163906250003 0.739125809375 0.47058205937500003 0.7426248140625 0.4634678484375 0.7538284046875 0.35161141093750004 0.682623065625 0.37410766562500003 0.64764498125 0.3497866609375 0.6368750000000001 0.33036492968750003 0.6782508015625 0.3453624484375 0.6982382734375 0.40160311093749995 0.7319671125
6 0.62257140625 0.442554128125 0.6456925953125 0.44317875156250003 0.6550660390624999 0.43068657187500003 0.6488170765625 0.41257293125 0.6275705953124999 0.3975823578125 0.6079687359375 0.39703125 0.59757555625 0.40632684843750005 0.601324971875 0.4238158890625 0.62257140625 0.442554128125
6 0.5557075265625 0.3844655546875 0.56008178125 0.373222609375 0.5462499859375 0.35953124999999997 0.5338361593750001 0.3688503453125 0.5325863859375 0.3813425125 0.5432096015625001 0.394459315625 0.5557075265625 0.3844655546875
6 0.4600983828125 0.3288754125 0.44447597656250004 0.3151340296875 0.42885357031250004 0.3220047171875 0.4204687359375 0.3353125 0.4394768359375 0.351361315625 0.45572412812499996 0.35573357968749997 0.464472684375 0.34199219062499997 0.4600983828125 0.3288754125
6 0.4019830609375 0.373222609375 0.405732428125 0.3607304421875 0.40385772031249995 0.3444906453125 0.3884374859375 0.34078125 0.3757373890625 0.35261053750000004 0.3763623234375 0.36447809375 0.3857357671875 0.377594871875 0.4019830609375 0.373222609375
6 0.6094485953125 0.4900243796875 0.5075905359374999 0.43068657187500003 0.49259301562499996 0.450049434375 0.514464384375 0.46691386562500004 0.591951528125 0.516882534375 0.6094485953125 0.4900243796875
1 0.4844568953125 0.817127278125 0.4563365640625 0.8633483078124999 0.49757970625 0.8883326421875 0.5269498593749999 0.845859253125 0.4844568953125 0.817127278125
2 0.48498022656249995 0.81674880625 0.1753705625 0.6245888671875 0.15061770624999998 0.675248096875 0.45085573749999996 0.862671403125 0.45918767968749996 0.85954836875 0.48498022656249995 0.81674880625
6 0.6857686078125 0.5219584953124999 0.69291030625 0.5058971265625 0.7000520046875 0.48894347343750005 0.6991592421874999 0.4737744234375 0.674163365625 0.4773436109375 0.6609374796874999 0.492410715625 0.6518456421875001 0.5023279390625001 0.675056128125 0.5183893078125 0.6857686078125 0.5219584953124999
6 0.7806553046875 0.4515973328125 0.8324185234374999 0.3707080296875 0.46615899218749995 0.1501547875 0.43724381250000005 0.247272346875 0.7806553046875 0.4515973328125
6 0.378671934375 0.41259459375 0.34938596718750004 0.41259459375 0.33344556875000003 0.4255683125 0.3364111875 0.43854203125 0.33344556875000003 0.4452142421875 0.32343640625000003 0.4515157515625 0.31379803125 0.467825575 0.32010005625 0.4807992953125 0.34271326874999997 0.4778338609375 0.3590243984375 0.4715323515625 0.385344690625 0.442248809375 0.4109235203125 0.40666375625000006 0.456231934375 0.4321319296875 0.44688218749999997 0.3999915453125 0.4175962765625 0.39035393125 0.4012850890625 0.39035393125 0.378671934375 0.41259459375
6 0.3041596015625 0.5230565578124999 0.3071252765625 0.5360302765625 0.31676370781249996 0.5423317859375001 0.33943952187500004 0.50628584375 0.33344556875000003 0.49747979062500003 0.3204707875 0.49747979062500003 0.3104616265625 0.5100828374999999 0.3041596015625 0.5230565578124999
6 0.26152817968750003 0.633147821875 0.268200934375 0.6431561078125 0.277839365625 0.6494576734375 0.287477740625 0.66243139375 0.29081414687499996 0.6657674703125 0.2974868453125 0.6754051125 0.3134273015625 0.682077265625 0.32343640625000003 0.682077265625 0.3364111875 0.6850426984375 0.33344556875000003 0.6724396796875001 0.33699334375 0.6599717578125001 0.34271326874999997 0.646492240625 0.35235164218750004 0.6368545984375 0.31713438125 0.63982003125 0.2945212265625 0.6238808796875001 0.29031255312500004 0.6008320828125 0.274873690625 0.6072003828125 0.258562503125 0.61720866875 0.255596884375 0.6235102359375 0.26152817968750003 0.633147821875
6 0.3560587234375 0.6791118890625001 0.3593951296875 0.6887494765625 0.369033503125 0.6950509859375 0.4598569671875 0.753618071875 0.47616815468749996 0.7565835062499999 0.49507422968750003 0.753247428125 0.49507422968750003 0.740273709375 0.4854358546875 0.7369375765624999 0.388310309375 0.6883788328125 0.40425076562499995 0.6657674703125 0.3746626296875 0.6462513546875 0.3653264234375 0.6628020375 0.3560587234375 0.6724396796875001 0.3560587234375 0.6791118890625001