4 0.3756207109375 0.54662049375 0.47972210625 0.6038423546875 0.51803140625 0.5330207796875001 0.55467509375 0.4871950546875 0.5688328593749999 0.4463684875 0.566334446875 0.4430356953125 0.5913187828125 0.4047087375 0.532189203125 0.36638178125 0.459734625 0.3197228109375 0.391444103125 0.285561828125 0.3756207109375 0.2905609859375 0.3556332296875 0.3213892390625 0.365416665625 0.35124998125 0.3381441765625 0.402209128125 0.31149424375 0.3922108125 0.2881755375 0.4374719625 0.261525575 0.47829852968750003 0.3756207109375 0.54662049375
0 0.3660964078125 0.6598984421874999 0.386708478125 0.624279375 0.30426012187499996 0.5674138265625001 0.3361151859375 0.5211714953125 0.2640239390625 0.4791317125 0.235708409375 0.5091267187499999 0.18407411093749998 0.485797234375 0.1543541359375 0.528670278125 0.3660964078125 0.6598984421874999
7 0.234928625 0.507835471875 0.260874190625 0.48149163906250003 0.25737518593750003 0.47058205937500003 0.24617159531250002 0.4634678484375 0.31737693437500003 0.35161141093750004 0.35235501875 0.37410766562500003 0.36312500000000003 0.3497866609375 0.3217491984375 0.33036492968750003 0.3017617265625 0.3453624484375 0.2680328875 0.40160311093749995 0.2305563859375 0.4697168109375 0.234928625 0.507835471875
6 0.569313428125 0.6550660390624999 0.5874270687500001 0.6488170765625 0.6024176421874999 0.6275705953124999 0.6029687499999999 0.6079687359375 0.5936731515625 0.59757555625 0.5761841109375 0.601324971875 0.5574458718749999 0.62257140625 0.5568212484374999 0.6456925953125 0.569313428125 0.6550660390624999
6 0.6404687499999999 0.5462499859375 0.6311496546875001 0.5338361593750001 0.6186574874999999 0.5325863859375 0.605540684375 0.5432096015625001 0.6155344453125 0.5557075265625 0.626777390625 0.56008178125 0.6404687499999999 0.5462499859375
6 0.6779952828125 0.42885357031250004 0.6646875 0.4204687359375 0.648638684375 0.4394768359375 0.6442664203125 0.45572412812499996 0.658007809375 0.464472684375 0.6711245875 0.4600983828125 0.6848659703125 0.44447597656250004 0.6779952828125 0.42885357031250004
6 0.6555093546874999 0.40385772031249995 0.65921875 0.3884374859375 0.6473894625 0.3757373890625 0.6355219062499999 0.3763623234375 0.622405128125 0.3857357671875 0.626777390625 0.4019830609375 0.6392695578125 0.405732428125 0.6555093546874999 0.40385772031249995
6 0.549950565625 0.49259301562499996 0.533086134375 0.514464384375 0.483117465625 0.591951528125 0.5099756203125 0.6094485953125 0.569313428125 0.5075905359374999 0.549950565625 0.49259301562499996
1 0.11166735781249999 0.49757970625 0.15414074687499998 0.5269498593749999 0.182872721875 0.4844568953125 0.1366516921875 0.4563365640625 0.11166735781249999 0.49757970625
2 0.324751903125 0.15061770624999998 0.13732859687500001 0.45085573749999996 0.14045163125 0.45918767968749996 0.18325119375 0.48498022656249995 0.3754111328125 0.1753705625 0.324751903125 0.15061770624999998
6 0.5110565265625 0.7000520046875 0.5262255765625 0.6991592421874999 0.5226563890625 0.674163365625 0.5075892843750001 0.6609374796874999 0.49767206093749994 0.6518456421875001 0.48161069218749997 0.675056128125 0.47804150468750006 0.6857686078125 0.49410287343750003 0.69291030625 0.5110565265625 0.7000520046875
6 0.8498452125 0.46615899218749995 0.752727653125 0.43724381250000005 0.5484026671875 0.7806553046875 0.6292919703125001 0.8324185234374999 0.8498452125 0.46615899218749995
6 0.5744316875 0.33344556875000003 0.56145796875 0.3364111875 0.5547857578125 0.33344556875000003 0.5484842484375 0.32343640625000003 0.532174425 0.31379803125 0.5192007046875 0.32010005625 0.5221661390625 0.34271326874999997 0.5284676484374999 0.3590243984375 0.557751190625 0.385344690625 0.5933362437499999 0.4109235203125 0.5678680703125 0.456231934375 0.6000084546875 0.44688218749999997 0.6096460687499999 0.4175962765625 0.6096460687499999 0.4012850890625 0.58740540625 0.378671934375 0.58740540625 0.34938596718750004 0.5744316875 0.33344556875000003
6 0.45766821406249997 0.31676370781249996 0.49371415625 0.33943952187500004 0.502520209375 0.33344556875000003 0.502520209375 0.3204707875 0.4899171625 0.3104616265625 0.4769434421875 0.3041596015625 0.46396972343750004 0.3071252765625 0.45766821406249997 0.31676370781249996
6 0.3505423265625 0.277839365625 0.33756860624999996 0.287477740625 0.3342325296875 0.29081414687499996 0.3245948875 0.2974868453125 0.317922734375 0.3134273015625 0.317922734375 0.32343640625000003 0.3149573015625 0.3364111875 0.32756032031250004 0.33344556875000003 0.3400282421875 0.33699334375 0.353507759375 0.34271326874999997 0.3631454015625 0.35235164218750004 0.36017996874999997 0.31713438125 0.3761191203125 0.2945212265625 0.3991679171875 0.29031255312500004 0.3927996171875 0.274873690625 0.38279133125000003 0.258562503125 0.3764897640625 0.255596884375 0.366852178125 0.26152817968750003 0.3568438921875 0.268200934375 0.3505423265625 0.277839365625
6 0.3049490140625 0.369033503125 0.246381928125 0.4598569671875 0.24341649375 0.47616815468749996 0.24675257187500002 0.49507422968750003 0.259726290625 0.49507422968750003 0.26306242343749997 0.4854358546875 0.3116211671875 0.388310309375 0.3342325296875 0.40425076562499995 0.3537486453125 0.3746626296875 0.3371979625 0.3653264234375 0.32756032031250004 0.3560587234375 0.3208881109375 0.3560587234375 0.3112505234375 0.3593951296875 0.3049490140625 0.369033503125