4 0.519555865625 0.555808471875 0.5487176687499999 0.5252720515625 0.5952377546875 0.5516444265625 0.64106346875 0.5863448921875001 0.6988210625 0.5039558609375 0.6529953374999999 0.4723090109375 0.6954882062500001 0.395690409375 0.6529953374999999 0.364043575 0.61633468125 0.344888909375 0.6021703921875 0.36987324374999997 0.5846733109375 0.3648763734375 0.5980044171875 0.34155769999999996 0.554678303125 0.3107436640625 0.50635296875 0.28825775625 0.4930218609375 0.312409309375 0.47635796093750005 0.2949202390625 0.392916646875 0.42729166718749995 0.43303184687499996 0.45315436093750006 0.4155347015625 0.49063086250000004 0.4244327390625 0.5134739421875001 0.47303577968750005 0.5405402359375 0.498725990625 0.5648305609375 0.519555865625 0.555808471875
0 0.6271662421875 0.35071859375000003 0.6538284562500001 0.3607123171875 0.6888227484375 0.3906935234375 0.738814446875 0.317406146875 0.674166646875 0.2772916671875 0.6271662421875 0.35071859375000003
1 0.7379812015625 0.31574051875000003 0.759644321875 0.2774312171875 0.6988210625 0.23912190937500002 0.6904891125 0.2566109390625 0.6752083140625 0.2762500015625 0.7379812015625 0.31574051875000003
7 0.569911928125 0.3067283953125 0.5595833140625001 0.3116666671875 0.5682455625 0.321719021875 0.5824098515625 0.31755496562499996 0.6299020046875 0.3433720984375 0.637400709375 0.3317127296875 0.5865758265625 0.3050627984375 0.569911928125 0.3067283953125
3 0.6755752875 0.2778542 0.6834175375 0.2671005859375 0.508541646875 0.1585416671875 0.500369840625 0.16968142343749998 0.6755752875 0.2778542
3 0.7394478484375 0.3162701421875 0.8020793156250001 0.3574246015625 0.8090911046875 0.34691165625 0.74409720625 0.308333334375 0.7394478484375 0.3162701421875
2 0.6979984390625 0.24281026093750002 0.5223331921875001 0.13593283750000001 0.5056692828125 0.15952914375 0.6834175375 0.2664066015625 0.688972190625 0.2546084234375 0.6979984390625 0.24281026093750002
2 0.7590994265625 0.2823687828125 0.742435515625 0.30874114375 0.8104797421875001 0.34829967968750003 0.825060696875 0.326785375 0.7590994265625 0.2823687828125
6 0.5466347125000001 0.5252720515625 0.514062484375 0.5696180562500001 0.5619099328125 0.603695125 0.551494996875 0.624515403125 0.568853225 0.631455496875 0.6028753640625 0.5662186109375 0.591766109375 0.550950375 0.5466347125000001 0.5252720515625
6 0.551876159375 0.765357253125 0.25664290625 0.5681342484374999 0.2014425390625 0.6591717671875 0.508508590625 0.8308202734375 0.551876159375 0.765357253125
7 0.66988151875 0.284848834375 0.6741111859375 0.2776915484375 0.5005325296875001 0.1695187609375 0.49614019843749996 0.177977378125 0.66988151875 0.284848834375
0 0.738160590625 0.3160151671875 0.732466821875 0.32593778125 0.7961211578125 0.3645431171875 0.8020934953125 0.3571696140625 0.738160590625 0.3160151671875
6 0.6156301109375 0.347973865625 0.624252084375 0.3507391796875 0.6297832140625 0.345045875 0.611237753125 0.3323579359375 0.5856971343749999 0.3195073453125 0.5785392625 0.3182060140625 0.569959615625 0.3193921625 0.5970846984375 0.3409792296875 0.5886253640625 0.3637524453125 0.60277846875 0.36781909062499996 0.609936340625 0.3549685 0.6156301109375 0.347973865625
5 0.5075085359375 0.8316805703125001 0.801481046875 0.35646312343750003 0.5016230359375 0.16929574375 0.1985808703125 0.6571098953125001 0.5075085359375 0.8316805703125001