5 0.24356924531250002 0.588598353125 0.3804411984375 0.75927155625 0.7412674984375001 0.5140411296875 0.754158515625 0.50326163125 0.6856448609375 0.415817925 0.6413744984374999 0.36577481562499997 0.5012859859375001 0.241984003125 0.24356924531250002 0.588598353125
0 0.6101708218749999 0.338760321875 0.5515832765625001 0.388182253125 0.5960433390625 0.44383383906249996 0.656240225 0.3846402921875 0.6101708218749999 0.338760321875
1 0.619911121875 0.29269117968749997 0.6105666875 0.3386912578125 0.65712394375 0.3848597734375 0.693227365625 0.3667307296875 0.619911121875 0.29269117968749997
2 0.7585874921875 0.497979278125 0.7792711328124999 0.485478915625 0.73988935 0.4381745578125 0.7141274531249999 0.40328850312500003 0.6871190328125001 0.371724975 0.663432671875 0.38293254062500004 0.7585874921875 0.497979278125
3 0.72532286875 0.45529683125 0.6964213203125 0.41911470156249997 0.6641062843750001 0.3837639015625 0.656718190625 0.38555869062500003 0.7055313625 0.441026015625 0.7535940609375 0.503642909375 0.758019571875 0.5013999203124999 0.7428389578125 0.47980734375 0.72532286875 0.45529683125
2 0.5387682796875 0.2331416703125 0.515452765625 0.213119884375 0.5166242453125001 0.215369290625 0.49906484687499997 0.23489797031249998 0.532200528125 0.2613691046875 0.5689798703125 0.2918940859375 0.612158353125 0.33062203437500004 0.6198167 0.2958118703125 0.5387682796875 0.2331416703125
3 0.5601134265625001 0.2833601953125 0.5161095671875 0.24791182968749997 0.501003771875 0.2357674734375 0.5000084609375001 0.23967756875 0.49940331718750003 0.242005834375 0.550173771875 0.284653015625 0.60940596875 0.3377927578125 0.6129837296875 0.3312811765625 0.5821153546875 0.30403844062499996 0.5601134265625001 0.2833601953125
4 0.491735096875 0.6103480984375 0.5566413828125001 0.55352705625 0.627993209375 0.48231697812499996 0.5776799546875 0.416172259375 0.557536640625 0.43048935781250003 0.5279930828125 0.397828484375 0.3972852796875 0.52265579375 0.491735096875 0.6103480984375
6 0.4635344328125 0.6559839125 0.47696331875000003 0.6430090234375 0.459505765625 0.6197437640625 0.48077314375 0.6026934984375 0.4004186640625 0.524892859375 0.38206585312499997 0.5351832812499999 0.41966674531250003 0.5758975609375 0.4031044515625 0.5928991796874999 0.4635344328125 0.6559839125
6 0.47455513906249996 0.417551890625 0.45322037187499997 0.43218144531249997 0.438590815625 0.440715353125 0.4233516953125 0.45351621406250003 0.408722140625 0.47728924062500006 0.39348302031250004 0.49618575 0.39104476093749996 0.5114248703125 0.39774997343749996 0.5223970375 0.5251490171875 0.40048407656249996 0.5251490171875 0.396217121875 0.519662934375 0.38768321562499997 0.5001568609375 0.389511909375 0.487356 0.4047510296875 0.47455513906249996 0.417551890625
7 0.6033135140625 0.347269909375 0.6097444390625 0.33677734843749996 0.5549123484375 0.287022303125 0.49940331718750003 0.24065195468749997 0.492295453125 0.25249839375 0.6033135140625 0.347269909375
7 0.6842077718749999 0.4349335609375 0.706546771875 0.463365015625 0.728885771875 0.49416575781249994 0.7393783328125 0.5131200609375 0.7525786515624999 0.5026275015625 0.7079006515625 0.4444107125 0.68759246875 0.418348546875 0.6581456046875 0.382809228125 0.6496838625 0.3922863796875 0.6842077718749999 0.4349335609375