5 0.36577481562499997 0.3586255015625 0.241984003125 0.4987140140625 0.588598353125 0.7564307546875 0.75927155625 0.6195588015625 0.5140411296875 0.2587325015625 0.50326163125 0.245841484375 0.415817925 0.3143551390625 0.36577481562499997 0.3586255015625
0 0.44383383906249996 0.4039566609375 0.3846402921875 0.343759775 0.338760321875 0.389829178125 0.388182253125 0.44841672343749994 0.44383383906249996 0.4039566609375
1 0.3848597734375 0.34287605625 0.3667307296875 0.306772634375 0.29269117968749997 0.380088878125 0.3386912578125 0.3894333125 0.3848597734375 0.34287605625
2 0.371724975 0.3128809671875 0.38293254062500004 0.336567328125 0.497979278125 0.2414125078125 0.485478915625 0.2207288671875 0.4381745578125 0.26011065 0.40328850312500003 0.28587254687499997 0.371724975 0.3128809671875
3 0.5013999203124999 0.24198042812499998 0.47980734375 0.2571610421875 0.45529683125 0.27467713125 0.41911470156249997 0.3035786796875 0.3837639015625 0.33589371562500003 0.38555869062500003 0.34328180937499997 0.441026015625 0.29446863749999996 0.503642909375 0.24640593906250002 0.5013999203124999 0.24198042812499998
2 0.33062203437500004 0.387841646875 0.2958118703125 0.3801833 0.2331416703125 0.46123172031250004 0.213119884375 0.484547234375 0.215369290625 0.4833757546875 0.23489797031249998 0.500935153125 0.2613691046875 0.467799471875 0.2918940859375 0.43102012968750003 0.33062203437500004 0.387841646875
3 0.3312811765625 0.3870162703125 0.30403844062499996 0.41788464531249997 0.2833601953125 0.4398865734375 0.24791182968749997 0.48389043281250005 0.2357674734375 0.49899622812500005 0.23967756875 0.49999153906249993 0.242005834375 0.5005966828124999 0.284653015625 0.44982622812499995 0.3377927578125 0.39059403125 0.3312811765625 0.3870162703125
4 0.397828484375 0.4720069171875 0.52265579375 0.6027147203125 0.6103480984375 0.508264903125 0.55352705625 0.44335861718749997 0.48231697812499996 0.37200679062500003 0.416172259375 0.4223200453125 0.43048935781250003 0.44246335937500003 0.397828484375 0.4720069171875
6 0.5758975609375 0.5803332546875 0.5928991796874999 0.5968955484375 0.6559839125 0.5364655671875 0.6430090234375 0.52303668125 0.6197437640625 0.540494234375 0.6026934984375 0.51922685625 0.524892859375 0.5995813359375 0.5351832812499999 0.6179341468749999 0.5758975609375 0.5803332546875
6 0.389511909375 0.4998431390625 0.4047510296875 0.512644 0.417551890625 0.5254448609375 0.43218144531249997 0.546779628125 0.440715353125 0.561409184375 0.45351621406250003 0.5766483046875 0.47728924062500006 0.591277859375 0.49618575 0.6065169796875 0.5114248703125 0.6089552390625 0.5223970375 0.6022500265625 0.40048407656249996 0.4748509828125 0.396217121875 0.4748509828125 0.38768321562499997 0.480337065625 0.389511909375 0.4998431390625
7 0.24065195468749997 0.5005966828124999 0.25249839375 0.507704546875 0.347269909375 0.3966864859375 0.33677734843749996 0.39025556093749997 0.287022303125 0.44508765156249996 0.24065195468749997 0.5005966828124999
7 0.382809228125 0.3418543953125 0.3922863796875 0.3503161375 0.4349335609375 0.31579222812499996 0.463365015625 0.293453228125 0.49416575781249994 0.27111422812499997 0.5131200609375 0.2606216671875 0.5026275015625 0.2474213484375 0.4444107125 0.29209934843749996 0.418348546875 0.31240753125 0.382809228125 0.3418543953125