5 0.7564307546875 0.411401646875 0.6195588015625 0.24072844375 0.2587325015625 0.48595887031249996 0.245841484375 0.49673836875 0.3143551390625 0.584182075 0.3586255015625 0.634225184375 0.4987140140625 0.758015996875 0.7564307546875 0.411401646875
0 0.389829178125 0.6612396781250001 0.44841672343749994 0.611817746875 0.4039566609375 0.5561661609375 0.343759775 0.6153597078125 0.389829178125 0.6612396781250001
1 0.380088878125 0.7073088203125 0.3894333125 0.6613087421875 0.34287605625 0.6151402265625 0.306772634375 0.6332692703125 0.380088878125 0.7073088203125
2 0.2414125078125 0.502020721875 0.2207288671875 0.514521084375 0.26011065 0.5618254421875 0.28587254687499997 0.596711496875 0.3128809671875 0.628275025 0.336567328125 0.6170674593750001 0.2414125078125 0.502020721875
3 0.27467713125 0.54470316875 0.3035786796875 0.5808852984375 0.33589371562500003 0.6162360984374999 0.34328180937499997 0.614441309375 0.29446863749999996 0.558973984375 0.24640593906250002 0.496357090625 0.24198042812499998 0.49860007968750003 0.2571610421875 0.52019265625 0.27467713125 0.54470316875
2 0.46123172031250004 0.7668583296875 0.484547234375 0.786880115625 0.4833757546875 0.784630709375 0.500935153125 0.7651020296875 0.467799471875 0.7386308953125 0.43102012968750003 0.7081059140625 0.387841646875 0.6693779656250001 0.3801833 0.7041881296875 0.46123172031250004 0.7668583296875
3 0.4398865734375 0.7166398046875 0.48389043281250005 0.7520881703125 0.49899622812500005 0.7642325265625 0.49999153906249993 0.76032243125 0.5005966828124999 0.757994165625 0.44982622812499995 0.715346984375 0.39059403125 0.6622072421875 0.3870162703125 0.6687188234375 0.41788464531249997 0.6959615593749999 0.4398865734375 0.7166398046875
4 0.508264903125 0.3896519015625 0.44335861718749997 0.44647294375 0.37200679062500003 0.517683021875 0.4223200453125 0.583827740625 0.44246335937500003 0.5695106421875 0.4720069171875 0.602171515625 0.6027147203125 0.47734420625 0.508264903125 0.3896519015625
6 0.5364655671875 0.3440160875 0.52303668125 0.3569909765625 0.540494234375 0.3802562359375 0.51922685625 0.3973065015625 0.5995813359375 0.47510714062500004 0.6179341468749999 0.46481671875 0.5803332546875 0.4241024390625 0.5968955484375 0.40710082031250006 0.5364655671875 0.3440160875
6 0.5254448609375 0.582448109375 0.546779628125 0.5678185546875001 0.561409184375 0.559284646875 0.5766483046875 0.5464837859375 0.591277859375 0.522710759375 0.6065169796875 0.50381425 0.6089552390625 0.4885751296875 0.6022500265625 0.47760296249999995 0.4748509828125 0.5995159234375 0.4748509828125 0.603782878125 0.480337065625 0.612316784375 0.4998431390625 0.610488090625 0.512644 0.5952489703125 0.5254448609375 0.582448109375
7 0.3966864859375 0.652730090625 0.39025556093749997 0.6632226515624999 0.44508765156249996 0.712977696875 0.5005966828124999 0.7593480453125 0.507704546875 0.74750160625 0.3966864859375 0.652730090625
7 0.31579222812499996 0.5650664390625 0.293453228125 0.536634984375 0.27111422812499997 0.5058342421875001 0.2606216671875 0.4868799390625 0.2474213484375 0.4973724984375 0.29209934843749996 0.5555892874999999 0.31240753125 0.581651453125 0.3418543953125 0.617190771875 0.3503161375 0.6077136203125 0.31579222812499996 0.5650664390625