5 0.41293805624999996 0.1378808796875 0.338163440625 0.1201696703125 0.20894762031249997 0.6511786015625 0.3290243109375 0.878461125 0.7917306187500001 0.35271153437499997 0.7202355671875 0.2956420359375 0.6169285109375 0.22381318125 0.57658955625 0.2067578828125 0.4818094265625 0.1634638265625 0.41293805624999996 0.1378808796875
4 0.550749415625 0.2889675109375 0.46330426718749995 0.2452248046875 0.4279097765625 0.319170765625 0.4029254265625 0.353540090625 0.367530975 0.4274861296875 0.37481808125 0.44310853593750005 0.37065400937500004 0.44935756250000003 0.38314618437500003 0.460813978125 0.36232590625 0.49310026718750005 0.4424839875 0.5389260078125 0.45289412812499996 0.5243450796875 0.51119089375 0.5555898921875 0.5299291359375 0.5399674859375 0.5679687515625 0.5557291906249999 0.5934310109375 0.5337185390625 0.644440671875 0.41811275 0.5996771578125 0.39728287500000004 0.6098410671875001 0.3636920421875 0.5340932078125 0.32021232187500004 0.550749415625 0.2889675109375
0 0.3407126203125 0.294426859375 0.34279465625 0.3090078671875 0.409114584375 0.34479169062500004 0.46042922500000005 0.25693317968749996 0.4489780875 0.23402019062499999 0.45314211875000004 0.20381693437499998 0.47836838281249994 0.162085190625 0.42926075781249995 0.14407665 0.3407126203125 0.294426859375
7 0.48818587343750003 0.2340988390625 0.55585178125 0.268468165625 0.6047795234375 0.302837490625 0.6063649343749999 0.31672348125 0.6002187640625001 0.335281659375 0.591499065625 0.3505847453125 0.61065149375 0.3611936515625 0.624558725 0.32470876406250004 0.61831261875 0.295547065625 0.59228726875 0.2705511203125 0.49651397812500003 0.22160094687499998 0.4527914234375 0.205978540625 0.44770953125 0.226310790625 0.48818587343750003 0.2340988390625
1 0.42815891562499997 0.143303975 0.47812758125 0.16432328125 0.5034789468749999 0.10878848125 0.513766596875 0.10143676093750001 0.46159343750000004 0.08158702500000001 0.42815891562499997 0.143303975
2 0.4281559453125 0.1446508625 0.4593863640625 0.0837234546875 0.35710675625 0.0571654125 0.3368070109375 0.11887386874999999 0.4281559453125 0.1446508625
2 0.47875030625 0.1627321328125 0.5354852718750001 0.18596099375 0.6174651203125 0.2289226109375 0.7174024546875 0.2953178359375 0.7895470718750001 0.3538069890625 0.8368588000000001 0.3062535328125 0.728333171875 0.219549190625 0.5940423078125 0.1414371609375 0.50815865625 0.1086300125 0.498789525 0.115660165625 0.47875030625 0.1627321328125
6 0.5046607046875 0.6153106 0.509345315625 0.5840657874999999 0.498414596875 0.5590699015625 0.4757725609375 0.5512586984375 0.45937657343750005 0.552820975 0.4304884609375 0.5364174015625001 0.40784639531250005 0.524700596875 0.3633430421875 0.4926746765625 0.38244601875 0.45922307812499996 0.3712030734375 0.45130771875000003 0.3555354375 0.46767885 0.350070109375 0.48642575 0.3531931625 0.5075159734375 0.37505445000000004 0.5239194890625 0.409407921875 0.543447496875 0.42736540625 0.5567265765625 0.4298828125 0.5789062671874999 0.42814615468749995 0.604374903125 0.438296065625 0.6301518374999999 0.4687457046875 0.6364008250000001 0.49685309999999994 0.6395253171874999 0.512468309375 0.6270274046875 0.5046607046875 0.6153106
6 0.3297194234375 0.8765776375 0.43684528437500003 0.75646820625 0.2978411484375 0.562217228125 0.24557559843750001 0.51031810625 0.2099905171875 0.6493336125 0.3297194234375 0.8765776375
6 0.6588790265625 0.46918681875 0.6731540390624999 0.443328075 0.67773280625 0.40319319374999996 0.67773280625 0.37733445 0.6615724234375 0.3444723265625 0.6448733703125 0.32076850625 0.637870521875 0.316189303125 0.626019590625 0.311340825 0.614437975 0.3582097921875 0.6025870249999999 0.3937655328125 0.6448733703125 0.4174693734375 0.6022581437500001 0.5142601640625 0.6117445781249999 0.5257527843750001 0.62117146875 0.530331925 0.63544648125 0.5281770234375001 0.647028096875 0.5068974625 0.651876178125 0.4904663796875 0.6588790265625 0.46918681875
6 0.5977389015625 0.3442029484375 0.60474175 0.3277719078125 0.60474175 0.3089165859375 0.5810398484375 0.285212703125 0.5150516203125 0.24992638125000002 0.482192184375 0.235650159375 0.45391151562500004 0.2289161171875 0.446908665625 0.2334952984375 0.4561051390625 0.25226238125 0.46818650625 0.24534719843750002 0.550604453125 0.2900612640625 0.536598796875 0.3277719078125 0.5955841953125 0.34878213125 0.5977389015625 0.3442029484375