5 0.8621191203125 0.41293805624999996 0.8798303296875 0.338163440625 0.34882139843750004 0.20894762031249997 0.121538875 0.3290243109375 0.647288465625 0.7917306187500001 0.7043579640625001 0.7202355671875 0.7761868187500001 0.6169285109375 0.7932421171875 0.57658955625 0.8365361734375 0.4818094265625 0.8621191203125 0.41293805624999996
4 0.7110324890624999 0.550749415625 0.7547751953125 0.46330426718749995 0.680829234375 0.4279097765625 0.6464599093750001 0.4029254265625 0.5725138703125 0.367530975 0.5568914640625 0.37481808125 0.5506424375 0.37065400937500004 0.539186021875 0.38314618437500003 0.5068997328125 0.36232590625 0.4610739921875 0.4424839875 0.4756549203125 0.45289412812499996 0.44441010781249995 0.51119089375 0.4600325140625 0.5299291359375 0.444270809375 0.5679687515625 0.4662814609375 0.5934310109375 0.5818872500000001 0.644440671875 0.6027171250000001 0.5996771578125 0.6363079578125 0.6098410671875001 0.6797876781250001 0.5340932078125 0.7110324890624999 0.550749415625
0 0.705573140625 0.3407126203125 0.6909921328124999 0.34279465625 0.6552083093750001 0.409114584375 0.7430668203125 0.46042922500000005 0.765979809375 0.4489780875 0.796183065625 0.45314211875000004 0.8379148093750001 0.47836838281249994 0.85592335 0.42926075781249995 0.705573140625 0.3407126203125
7 0.7659011609374999 0.48818587343750003 0.7315318343749999 0.55585178125 0.697162509375 0.6047795234375 0.68327651875 0.6063649343749999 0.664718340625 0.6002187640625001 0.6494152546875 0.591499065625 0.6388063484375001 0.61065149375 0.6752912359375001 0.624558725 0.704452934375 0.61831261875 0.7294488796875 0.59228726875 0.778399053125 0.49651397812500003 0.794021459375 0.4527914234375 0.773689209375 0.44770953125 0.7659011609374999 0.48818587343750003
1 0.856696025 0.42815891562499997 0.8356767187499999 0.47812758125 0.8912115187499999 0.5034789468749999 0.8985632390625 0.513766596875 0.9184129750000001 0.46159343750000004 0.856696025 0.42815891562499997
2 0.8553491375 0.4281559453125 0.9162765453124999 0.4593863640625 0.9428345874999999 0.35710675625 0.8811261312499999 0.3368070109375 0.8553491375 0.4281559453125
2 0.8372678671875 0.47875030625 0.81403900625 0.5354852718750001 0.7710773890625 0.6174651203125 0.7046821640625 0.7174024546875 0.6461930109375 0.7895470718750001 0.6937464671875 0.8368588000000001 0.780450809375 0.728333171875 0.8585628390625001 0.5940423078125 0.8913699875000001 0.50815865625 0.884339834375 0.498789525 0.8372678671875 0.47875030625
6 0.38468939999999996 0.5046607046875 0.4159342125 0.509345315625 0.44093009843750003 0.498414596875 0.44874130156250003 0.4757725609375 0.44717902499999995 0.45937657343750005 0.4635825984375 0.4304884609375 0.475299403125 0.40784639531250005 0.5073253234374999 0.3633430421875 0.540776921875 0.38244601875 0.5486922812499999 0.3712030734375 0.53232115 0.3555354375 0.51357425 0.350070109375 0.4924840265625 0.3531931625 0.47608051093750003 0.37505445000000004 0.456552503125 0.409407921875 0.44327342343750004 0.42736540625 0.42109373281250007 0.4298828125 0.395625096875 0.42814615468749995 0.36984816249999997 0.438296065625 0.363599175 0.4687457046875 0.3604746828125 0.49685309999999994 0.3729725953125 0.512468309375 0.38468939999999996 0.5046607046875
6 0.12342236250000001 0.3297194234375 0.24353179374999998 0.43684528437500003 0.437782771875 0.2978411484375 0.48968189375 0.24557559843750001 0.3506663875 0.2099905171875 0.12342236250000001 0.3297194234375
6 0.53081318125 0.6588790265625 0.5566719250000001 0.6731540390624999 0.59680680625 0.67773280625 0.62266555 0.67773280625 0.6555276734375 0.6615724234375 0.6792314937499999 0.6448733703125 0.683810696875 0.637870521875 0.688659175 0.626019590625 0.6417902078125 0.614437975 0.6062344671875 0.6025870249999999 0.5825306265625 0.6448733703125 0.4857398359375 0.6022581437500001 0.474247215625 0.6117445781249999 0.46966807499999996 0.62117146875 0.4718229765625 0.63544648125 0.4931025375 0.647028096875 0.5095336203125 0.651876178125 0.53081318125 0.6588790265625
6 0.6557970515625 0.5977389015625 0.6722280921875 0.60474175 0.6910834140625 0.60474175 0.714787296875 0.5810398484375 0.75007361875 0.5150516203125 0.764349840625 0.482192184375 0.7710838828125001 0.45391151562500004 0.7665047015625001 0.446908665625 0.74773761875 0.4561051390625 0.7546528015625 0.46818650625 0.7099387359375 0.550604453125 0.6722280921875 0.536598796875 0.65121786875 0.5955841953125 0.6557970515625 0.5977389015625