5 0.4885851859375 0.167088675 0.21184456875 0.693716371875 0.4878392546875 0.8339515093750001 0.7906874765625 0.3192587171875 0.68774891875 0.2506330109375 0.6064423765625 0.2066230484375 0.5504975078125 0.1827532375 0.4885851859375 0.167088675
4 0.5244542562500001 0.2926385890625 0.5152734375 0.3041146125 0.4693693453125 0.2788673609375 0.383299171875 0.423465253125 0.5806867687499999 0.5611775296875 0.6954469999999999 0.3672327390625 0.612819634375 0.308705021875 0.5898675875 0.35116630781249997 0.5531443140625 0.330509465625 0.5611775296875 0.3155906359375 0.5244542562500001 0.2926385890625
0 0.696594603125 0.364937534375 0.6461001015625001 0.4533029125 0.6569661015625 0.46092382499999995 0.6851185796875 0.476254959375 0.7852491078125 0.3150631390625 0.667702615625 0.240873959375 0.6265908609374999 0.3155906359375 0.696594603125 0.364937534375
7 0.6335156093750001 0.30216584375 0.5755967484375 0.2747778546875 0.5657191125 0.27387988750000003 0.5567394453125 0.28016565625 0.5373328171875 0.30484257656249997 0.5540973828125 0.3145483765625 0.56909725625 0.28984270156249997 0.5849794765625 0.2916073921875 0.6246850265624999 0.31366603125000003 0.6335156093750001 0.30216584375
2 0.5971091953125 0.19132326718749998 0.6953105171875 0.24268143125 0.7105486546875001 0.2172845375 0.6061392015625 0.1619757453125 0.5666329218749999 0.1512526125 0.5096310046875 0.13432135 0.49777912031250005 0.15971824375000002 0.5971091953125 0.19132326718749998
2 0.76472869375 0.2872670890625 0.801977471875 0.3087133546875 0.825681240625 0.2883958390625 0.785046209375 0.2618701953125 0.76472869375 0.2872670890625
1 0.6860090359375 0.253881153125 0.7582712234375 0.2982019609375 0.7873037109375 0.2613058203125 0.7122417796875 0.2172845375 0.6860090359375 0.253881153125
3 0.7933144828125 0.31922945468749997 0.8015147859375 0.308398475 0.7649727796875 0.28751732812499997 0.758902134375 0.2976302140625 0.7933144828125 0.31922945468749997
3 0.5999314078125 0.19194592500000002 0.49673035624999995 0.158616403125 0.48579987031250005 0.166570415625 0.5372879671875 0.176285065625 0.5974569625 0.202813209375 0.6882469906249999 0.2500386671875 0.69510125 0.24294411093749999 0.5999314078125 0.19194592500000002
6 0.42750545000000006 0.6840087203125 0.37578256875 0.6840087203125 0.3430599296875 0.67345303125 0.313503996875 0.639674821875 0.2945037546875 0.614341165625 0.2691700984375 0.5932297859375 0.20583595781250003 0.6924532734375 0.48767288437499995 0.8360106593750001 0.590063078125 0.6544527890625 0.5573404390625 0.659730634375 0.538340196875 0.6671196171875 0.5087842640625 0.6745086 0.4686726421875 0.6840087203125 0.42750545000000006 0.6840087203125
6 0.515574628125 0.5212794656249999 0.5055911640625 0.5134353140625 0.46565730624999996 0.483484921875 0.442837959375 0.47350145625 0.41573998437500004 0.45139521406250005 0.4007647875 0.431428284375 0.385789590625 0.41716619374999997 0.382937171875 0.4242972390625 0.3758061265625 0.437133121875 0.36297024375000003 0.4592393640625 0.347995046875 0.48705044375 0.3430033140625 0.5170008375 0.33587226875 0.536967765625 0.3230363859375 0.5569346953125 0.32374949062499997 0.5790409375000001 0.33373295468749997 0.596868553125 0.35369988281250003 0.60328649375 0.37865854374999997 0.594016134375 0.4007647875 0.594016134375 0.423584134375 0.594016134375 0.44069864531249997 0.6139830640625 0.4606655734375 0.61683548125 0.483484921875 0.61683548125 0.5005994312500001 0.6332368875000001 0.5084435828125 0.6332368875000001 0.5355415578125 0.621114109375 0.5555084859375 0.613269959375 0.5683443687499999 0.6111306453124999 0.59544234375 0.6082782265625 0.6082782265625 0.5982947625 0.6204010046875 0.5811802515625 0.6353762015625 0.5612133234375001 0.65534313125 0.548377440625 0.66318728125 0.5284105109375 0.6852935234374999 0.49632080468749995 0.6881459421875 0.4813456078125 0.6425072484375 0.4592393640625 0.5826064609375 0.5612133234375001 0.5676312640625001 0.5512298578125 0.5376808703125 0.538393975 0.515574628125 0.5212794656249999
7 0.489460759375 0.16693650468750001 0.4847016046875 0.17462436875 0.50263995625 0.1808478796875 0.53705230625 0.1885357453125 0.5831794984374999 0.20647409687499998 0.6205205578124999 0.22331418281249998 0.6560311750000001 0.2438151578125 0.684586103125 0.2577265328125 0.689711346875 0.2522352 0.6406554437499999 0.2240463609375 0.600019584375 0.2035453859375 0.549865415625 0.1819461453125 0.489460759375 0.16693650468750001
6 0.5904132015625 0.2613083515625 0.5823315 0.26445123593750003 0.5778416656250001 0.275675821875 0.6344135765625001 0.30036990937499997 0.651474946875 0.26445123593750003 0.6420462953125 0.25996140156249997 0.6312706921875 0.25996140156249997 0.621842040625 0.2662471703125 0.6106174546875 0.2720839546875 0.5904132015625 0.2613083515625
6 0.457065125 0.253675634375 0.455269190625 0.253675634375 0.4521263078125 0.26265530312499996 0.45077935625 0.2702880203125 0.44898342343750003 0.287798375 0.4476364734375 0.3017168609375 0.4458405390625 0.30979856250000004 0.4646978421875 0.283308540625 0.5181268703125 0.30979856250000004 0.5257595890625 0.299022959375 0.5369841734375 0.30485974374999997 0.55404554375 0.2819615890625 0.557188428125 0.27881870625 0.5621272453125 0.275675821875 0.5670660640625 0.2765737890625 0.5621272453125 0.26445123593750003 0.5401270578124999 0.25681851875 0.50869821875 0.256369534375 0.4929837984375 0.257716484375 0.47592242812499996 0.25681851875 0.457065125 0.253675634375
6 0.5721177890625 0.2927336015625 0.563536021875 0.2989315453125 0.55495425625 0.31418801875 0.5554310203124999 0.32229302187500003 0.5554310203124999 0.3303980234375 0.563536021875 0.34231714375 0.57831573125 0.3504221453125 0.590234853125 0.355666559375 0.610258975 0.3175253734375 0.625038684375 0.323723315625 0.6188407421875 0.31418801875 0.6035842671875 0.3041759578125 0.5835601453125 0.2927336015625 0.5721177890625 0.2927336015625