5 0.25621423593750003 0.6116351140625 0.2543772953125 0.690049465625 0.42949830625 0.6857611421875001 0.5825760671875 0.683310696875 0.744838634375 0.6777972390625 0.7479002125 0.44745513125 0.6725858312499999 0.4229506625 0.5464497703125 0.3880317578125 0.3958212171875 0.33902280937499996 0.3076361484375 0.311654290625 0.278869753125 0.40641011406249994 0.26356196249999997 0.49768929218749997 0.25621423593750003 0.6116351140625
0 0.36048208437499996 0.555656740625 0.36345041093749997 0.5183223265625 0.35319968125 0.5167869031250001 0.3543150484375 0.522735528125 0.3268195734375 0.5223462671875 0.26015826406250003 0.5139386296875 0.253392696875 0.5811166109375 0.3566657015625 0.5879000796875 0.36048208437499996 0.555656740625
1 0.2629503390625 0.51674845625 0.227504146875 0.5007907375 0.2184224671875 0.5864695656250001 0.2590782453125 0.58257404375 0.2629503390625 0.51674845625
3 0.2719502671875 0.3969089609375 0.2651972421875 0.42731256249999994 0.25881933749999997 0.46484790781249996 0.25356696562500003 0.513268471875 0.26207840625 0.51398660625 0.26755467187500004 0.4614144609375 0.27256154375 0.43528485312500004 0.27788134375 0.4050871609375 0.2861739734375 0.3711343171875 0.2955618578125 0.33937197812500003 0.303228628125 0.31136479375000004 0.294835571875 0.3068241578125 0.28132947812500003 0.352992609375 0.2719502671875 0.3969089609375
2 0.24043607968749997 0.41567662812500006 0.23330784843750002 0.46597394999999997 0.22730514999999998 0.500881809375 0.253191825 0.5140191671875 0.26294622031250003 0.44120064687499994 0.2696992453125 0.41042166562500004 0.2768274765625 0.3766398703125 0.28358050156250003 0.34698696406249996 0.2944604078125 0.3113284046875 0.2719502671875 0.3038213359375 0.2633213828125 0.3270932375 0.250190453125 0.376264534375 0.24043607968749997 0.41567662812500006
3 0.246909553125 0.6933068328124999 0.25625 0.69265625 0.25625 0.5815625 0.2457840203125 0.5814515515625 0.24540885625 0.6415080765625001 0.246909553125 0.6933068328124999
2 0.22064769375 0.6114798109375 0.21989736718750003 0.642634140625 0.219522203125 0.6670321078125 0.22027252968750002 0.696685003125 0.246534346875 0.695934309375 0.245116546875 0.5883828921875 0.243908203125 0.5829529578125 0.22027252968750002 0.5867064921875 0.22064769375 0.6114798109375
4 0.3741098359375 0.4655049046875 0.3567239140625 0.47526275625 0.35460369062499997 0.515991203125 0.36605293437499997 0.518536728125 0.3579960578125 0.601690625 0.60903148125 0.6330854671874999 0.62846523125 0.4567331484375 0.5008996796875 0.43453434062499996 0.4071854265625 0.4298675203125 0.3741098359375 0.4655049046875
7 0.2857045796875 0.4343460640625 0.2911808453125 0.40602594999999997 0.29994286875 0.36331108125 0.315119946875 0.315589340625 0.30213337500000004 0.31136479375000004 0.2888338734375 0.3629981515625 0.2850787203125 0.37833169375 0.278976596875 0.40008029062499995 0.27522144375 0.4241758578125 0.265364165625 0.4744010328125 0.2614525484375 0.5144560015625 0.271935684375 0.5161771125 0.273656796875 0.5160206484375001 0.28007185 0.4618838546875 0.2857045796875 0.4343460640625
7 0.26437499999999997 0.58140625 0.2546875 0.5815625 0.25625 0.6928124999999999 0.2671875 0.6939062500000001 0.26437499999999997 0.58140625
6 0.63743518125 0.6364943171874999 0.6440212265625 0.6219109296875 0.6553115921875 0.5903919937500001 0.6651906609375 0.544289671875 0.6717767078125 0.5146524640625 0.66660195625 0.4803109375 0.6637793656250001 0.445498978125 0.6651906609375 0.42903386406250005 0.6270856796875 0.4224478171875 0.5743973109375 0.40598270156250005 0.5315880109375 0.40504183749999995 0.48548568750000004 0.40833486093750004 0.4478511375 0.4276225671875 0.44596941093750003 0.4323268859375 0.6241060953125 0.4570421859375 0.6077979734375 0.629908271875 0.59462588125 0.630378703125 0.60450495 0.640257771875 0.61438401875 0.6463733859375 0.63743518125 0.6364943171874999
7 0.32717444218749997 0.5216201609375 0.35319968125 0.522735528125 0.35580220625000003 0.4959667109375 0.34167421875000004 0.49447955468749993 0.331264121875 0.4981974453125 0.3286615984375 0.5045178609375001 0.32717444218749997 0.5216201609375