5 0.7916224453125 0.8594307421874999 0.8468152453125001 0.814488034375 0.9063446234375 0.774670371875 0.8464210109374999 0.672957925 0.7624491078125 0.5341874578125 0.66310206875 0.3709744625 0.4544270765625 0.029120115624999998 0.0950747359375 0.6336820890625 0.6832907031250001 0.9731114609375 0.761883453125 0.8891903890625 0.7916224453125 0.8594307421874999
7 0.7737776921874999 0.72674794375 0.7729477546875 0.7303443359374999 0.7671381984375001 0.7430700328125 0.7524759828125 0.761328640625 0.74943288125 0.764095096875 0.70323306875 0.7992290859375 0.663119459375 0.8293834531250001 0.6480189640625 0.830888959375 0.6310078015625 0.8064354125 0.6235654187499999 0.8101566046875 0.6161230343749999 0.8160041921875001 0.6427887390625 0.8426486765625001 0.6581704187499999 0.8466612890625 0.775204934375 0.758383825 0.7876099703125 0.7190018671875 0.7757142109374999 0.7120857265625 0.77599085625 0.7123623734375 0.774884275 0.72204496875 0.7737776921874999 0.72674794375
4 0.499800078125 0.8371651312499999 0.5316055375000001 0.803087853125 0.5406928125 0.8121751265625001 0.597488275 0.763331028125 0.6429246453124999 0.728117840625 0.6872251078125 0.7849133046875 0.7531078453125 0.730389659375 0.692904653125 0.6645069218749999 0.728117840625 0.67473010625 0.6179346421874999 0.5406928125 0.57363418125 0.5554596328125 0.537285084375 0.5838573640625 0.5236541734375 0.565682815625 0.4566355265625 0.6247500984375 0.47253825625 0.6463323734374999 0.3805296046875 0.7156228390625 0.4782178015625 0.8348933125 0.4907128046875 0.8246701296875001 0.499800078125 0.8371651312499999
6 0.41355409062500004 0.803954296875 0.4341353203125 0.803954296875 0.447641753125 0.8026679703124999 0.4410785296875 0.7902234015625 0.3914603921875 0.7269422984375 0.371105303125 0.747999078125 0.3775369375 0.7660076546875 0.3955455140625 0.788518375 0.41355409062500004 0.803954296875
1 0.8870861343750001 0.7879967265625 0.8450482031250001 0.8167369437499999 0.8774181249999999 0.8709807203125 0.9179737687499999 0.8465185875 0.8870861343750001 0.7879967265625
2 0.9068604468749999 0.7724392890625 0.88692238125 0.7859457203125 0.91687520625 0.8439106640625 0.9377108953125 0.8291262749999999 0.9068604468749999 0.7724392890625
2 0.8457599203124999 0.814888075 0.7968795 0.855407371875 0.7537875484375001 0.893997178125 0.6843258984375 0.970533628125 0.7370810328124999 0.9945200671875 0.7415767437499999 0.993510921875 0.8751488953125 0.870834275 0.8457599203124999 0.814888075
6 0.6191208734375 0.40903716250000005 0.667815775 0.374255090625 0.4591233453125 0.023651809375 0.0932159515625 0.6372075515625 0.19477960156250002 0.6942501484375 0.20451858125000003 0.6900763000000001 0.2629524609375 0.703989128125 0.385385353125 0.5885126515625 0.49668798281250004 0.49668798281250004 0.6191208734375 0.40903716250000005
0 0.7226900859375001 0.5910743421875 0.7250831 0.599848725 0.7051413203125 0.613409134375 0.6915809109375 0.621385846875 0.756192275 0.7115226890625 0.7697526859375 0.7115226890625 0.792087478125 0.7194994015625 0.845531446875 0.8168152859375001 0.8870103484375 0.78889679375 0.8423407624999999 0.688390225 0.831173365625 0.6660554328125 0.8168152859375001 0.6493043375 0.736250496875 0.549595440625 0.70274830625 0.571930234375 0.7059389921875 0.5799069453125 0.7226900859375001 0.5910743421875
6 0.6485066671874999 0.8271850109375001 0.6628647484375 0.8295780234375 0.6764251578125 0.8136246 0.7545969328125001 0.75778761875 0.7657643296875001 0.7442272078125 0.7745387125 0.721892415625 0.7721457 0.7163087171875 0.7657643296875001 0.7163087171875 0.685199540625 0.779324740625 0.6628647484375 0.7522039203124999 0.6181951625 0.7849084375000001 0.6485066671874999 0.8271850109375001
6 0.49296078750000005 0.82798268125 0.4762096921875 0.835161721875 0.47062599374999997 0.8439361046875 0.47860270624999995 0.8606871999999999 0.4953538015625 0.8686639109375 0.52566530625 0.8527104874999999 0.553583796875 0.849519803125 0.56475119375 0.8519128171875 0.592669684375 0.850317475 0.6094207796875 0.8335663796875 0.620588175 0.824791996875 0.5982533828125 0.7968735062500001 0.55438146875 0.835161721875 0.5376303734375 0.8112315875 0.5041281843750001 0.835161721875 0.49296078750000005 0.82798268125
6 0.50444608125 0.585529640625 0.52504928125 0.5722372546875001 0.5343539515625 0.58087730625 0.5695787765625 0.56027410625 0.578883446875 0.5689141578125 0.6180959890625 0.5416647640625001 0.6925333546875 0.6227483234375 0.703831884375 0.6107851765625 0.6832286843750001 0.585529640625 0.6739240140625 0.5742311124999999 0.655314671875 0.55296329375 0.641357665625 0.5316954734375 0.6180959890625 0.511092275 0.5948343109375 0.4951414109375 0.5669203 0.5137507515624999 0.508433796875 0.56027410625 0.48051978437500004 0.5835357828125 0.47586744999999997 0.5861942609375 0.42735023749999995 0.5954989312500001 0.4087408953125 0.6048036015625 0.388137696875 0.62341294375 0.39279003125 0.6440161437499999 0.399436225 0.6672778203124999 0.4226979015625 0.6852225421875 0.47387359062499995 0.6460100015625 0.459916584375 0.6247421828124999 0.50444608125 0.585529640625