4 0.5340762265625 0.561484875 0.55594761875 0.3959636515625 0.4848656828125 0.378786959375 0.3761718578125 0.37421875 0.3583241578125 0.519323828125 0.38878786249999997 0.5240084390625 0.3848822609375 0.5528965218749999 0.5239216984375 0.5817846656250001 0.5340762265625 0.561484875
0 0.2653708890625 0.45530146406250005 0.3637920359375 0.46623209218749995 0.37004096249999996 0.4022097578125 0.2755859203125 0.3888671875 0.2653708890625 0.45530146406250005
1 0.2317826921875 0.46076679374999996 0.2653708890625 0.4545206859375 0.272400925 0.3897175734375 0.24271838906249998 0.3709793546875 0.2317826921875 0.46076679374999996
2 0.2411561125 0.37332160000000003 0.26734919375 0.3866604515625 0.2698845453125 0.31764771718749996 0.2443359203125 0.313671875 0.2411561125 0.37332160000000003
2 0.2527004046875 0.4534196890625 0.23334490937500002 0.4592052671875 0.212254684375 0.5849076890625 0.2304454765625 0.58890996875 0.2527004046875 0.4534196890625
6 0.6114071484375 0.42016724375000003 0.5685546703125001 0.41328125 0.5465742 0.5240084390625 0.5606343296875 0.527912240625 0.5684455328125 0.5107354453124999 0.598128128125 0.50605089375 0.6114071484375 0.42016724375000003
3 0.2696028625 0.3153942421875 0.2650955234375 0.384406965625 0.274673565625 0.3866604515625 0.27978210468750003 0.3150014171875 0.2696028625 0.3153942421875
3 0.25748942656249996 0.4534196890625 0.232980871875 0.586374825 0.24255891406250002 0.5886283109375 0.26710315625000003 0.4530610734375 0.25748942656249996 0.4534196890625
7 0.2797443109375 0.3153942421875 0.274955290625 0.38891391406250003 0.28964350781250003 0.38896194687499996 0.2870687265625 0.3153942421875 0.2797443109375 0.3153942421875
7 0.2597430953125 0.5911634546875 0.28199798125000003 0.4556731734375 0.26734919375 0.4534196890625 0.245267190625 0.5890075703125001 0.2597430953125 0.5911634546875
6 0.6533300203125 0.49245149218749995 0.65632465625 0.5213974625 0.6420167921875 0.5506761390625 0.5867820953125 0.5882726515625001 0.569146834375 0.6059064203125 0.548849746875 0.6321906796875 0.548849746875 0.6464973234375 0.7115594546875 0.68442656875 0.7522827953125 0.40451216875 0.7118921140625 0.370346021875 0.6566574171874999 0.3643572140625 0.6303709046875 0.384652665625 0.6416841343749999 0.416593053125 0.64767340625 0.45152785624999997 0.6533300203125 0.49245149218749995
5 0.758143003125 0.3294224109375 0.28054606249999997 0.31715351406250003 0.2663537734375 0.4575166890625 0.24272929062499998 0.5856109421875 0.7115594546875 0.6817648593750001 0.755148265625 0.39629759999999997 0.758143003125 0.3294224109375