4 0.4778264015625 0.5695195296875 0.5327919578125 0.44828960156250003 0.5387499984375 0.401874971875 0.3628984515625 0.3170613890625 0.2654595546875 0.535775075 0.325349875 0.5688586078125 0.43160537187500003 0.614512040625 0.4503436234375 0.564520340625 0.4778264015625 0.5695195296875
0 0.1717683 0.48453360312499993 0.262961159375 0.533275528125 0.2981249984375 0.459687471875 0.1992510296875 0.41954443125 0.1717683 0.48453360312499993
7 0.2926780375 0.3890807953125 0.32342803125 0.40542420625000003 0.3290865375 0.3884615171875 0.29171711562499997 0.3727373109375 0.27730307656250003 0.381389734375 0.251357834375 0.43714973593749995 0.2657718734375 0.443879359375 0.2926780375 0.3890807953125
6 0.5394230765625 0.5387019015625001 0.4992793046875 0.5169441359375 0.47045115312499997 0.573665503125 0.452193428125 0.5621289859374999 0.431052865625 0.6101978546875 0.49255274531250004 0.6419233859375 0.5394230765625 0.5387019015625001
3 0.1724947671875 0.40663011875 0.19171348593749998 0.4162439078125 0.2814770578125 0.21835545937499998 0.263783646875 0.2095474578125 0.1724947671875 0.40663011875
3 0.12252612656249999 0.5152659578125001 0.140783925 0.52295694375 0.15808072812500001 0.4825790625 0.14310228281249998 0.4731208890625 0.12252612656249999 0.5152659578125001
5 0.29160162343749996 0.2228250859375 0.15437154687500002 0.5290475625 0.6930857296874999 0.7791101953124999 0.8465758187500001 0.4813893734375 0.29160162343749996 0.2228250859375
1 0.1388620078125 0.38932527031249997 0.1090730078125 0.46623557812499994 0.12733080624999998 0.46527421406249997 0.1696424796875 0.485399396875 0.1979900609375 0.41906424218750005 0.1388620078125 0.38932527031249997
2 0.1627098375 0.40349024843750003 0.1718707640625 0.404740021875 0.1776959625 0.3952491796875 0.21709434062500002 0.3130512609375 0.24807298125 0.2431002125 0.2631009609375 0.208653834375 0.2420786796875 0.1972051171875 0.21267850781250003 0.25643131874999997 0.153192103125 0.38419330937499996 0.1514668828125 0.3893259265625 0.1527116421875 0.3952491796875 0.1627098375 0.40349024843750003
2 0.1418895265625 0.47389523125000005 0.1267663640625 0.465429828125 0.1094099265625 0.4663964640625 0.10399665625000001 0.4797275703125 0.09601640624999999 0.5034042624999999 0.12292260625 0.5159022171875 0.1418895265625 0.47389523125000005
6 0.296665778125 0.4607587578125 0.3220330796875 0.4050091421875 0.299586965625 0.3901023828125 0.2964939453125 0.3914776953125 0.29047975 0.3930249046875 0.2650482890625 0.4471776125 0.296665778125 0.4607587578125
6 0.3160830421875 0.3268382609375 0.3056011609375 0.35090613125000003 0.2921980921875 0.37205147968749996 0.32805104687500003 0.383946259375 0.3611035890625 0.3252910515625 0.3611035890625 0.319274084375 0.34460751093750003 0.3148043265625 0.32965794375 0.3163515359375 0.3160830421875 0.3268382609375
6 0.45486094687499995 0.3448891640625 0.43852371874999996 0.3521370078125 0.5105352171875001 0.38546072656249997 0.504521021875 0.3658625890625 0.494039140625 0.356751175 0.475996553125 0.3462644765625 0.45486094687499995 0.3448891640625
2 0.2836693890625 0.21652038906249998 0.19164829375 0.41584516406249994 0.20300699687499998 0.41954307343749997 0.2938939546875 0.222804103125 0.2836693890625 0.21652038906249998
2 0.140692596875 0.524441778125 0.152085665625 0.5282412109375 0.1726794609375 0.487140590625 0.1611417265625 0.48104042031249994 0.140692596875 0.524441778125
6 0.8287893640625 0.5158403203125 0.847516528125 0.4838973765625 0.7970977890625 0.459409909375 0.778133971875 0.48881169687500003 0.8287893640625 0.5158403203125
6 0.6644040125 0.7676369015625 0.6944589703124999 0.780416196875 0.7869868921875 0.599438684375 0.7636026046875 0.61446079375 0.7377568125 0.65115413125 0.716095596875 0.6811982750000001 0.6966497109375 0.7092723390625 0.6644040125 0.7676369015625