4 0.5695195296875 0.5221735984375 0.44828960156250003 0.4672080421875 0.401874971875 0.46125000156249996 0.3170613890625 0.6371015484375 0.535775075 0.7345404453125 0.5688586078125 0.674650125 0.614512040625 0.568394628125 0.564520340625 0.5496563765625 0.5695195296875 0.5221735984375
0 0.48453360312499993 0.8282317000000001 0.533275528125 0.737038840625 0.459687471875 0.7018750015624999 0.41954443125 0.8007489703124999 0.48453360312499993 0.8282317000000001
7 0.3890807953125 0.7073219625 0.40542420625000003 0.67657196875 0.3884615171875 0.6709134625 0.3727373109375 0.708282884375 0.381389734375 0.7226969234375 0.43714973593749995 0.748642165625 0.443879359375 0.7342281265625 0.3890807953125 0.7073219625
6 0.5387019015625001 0.4605769234375 0.5169441359375 0.5007206953125001 0.573665503125 0.529548846875 0.5621289859374999 0.547806571875 0.6101978546875 0.568947134375 0.6419233859375 0.5074472546875 0.5387019015625001 0.4605769234375
3 0.40663011875 0.8275052328125 0.4162439078125 0.8082865140625 0.21835545937499998 0.7185229421875 0.2095474578125 0.736216353125 0.40663011875 0.8275052328125
3 0.5152659578125001 0.8774738734374999 0.52295694375 0.859216075 0.4825790625 0.841919271875 0.4731208890625 0.8568977171875 0.5152659578125001 0.8774738734374999
5 0.2228250859375 0.7083983765624999 0.5290475625 0.845628453125 0.7791101953124999 0.30691427031249996 0.4813893734375 0.15342418124999999 0.2228250859375 0.7083983765624999
1 0.38932527031249997 0.8611379921875001 0.46623557812499994 0.8909269921874999 0.46527421406249997 0.87266919375 0.485399396875 0.8303575203125 0.41906424218750005 0.8020099390625001 0.38932527031249997 0.8611379921875001
2 0.40349024843750003 0.8372901625000001 0.404740021875 0.8281292359375 0.3952491796875 0.8223040375 0.3130512609375 0.782905659375 0.2431002125 0.75192701875 0.208653834375 0.7368990390625 0.1972051171875 0.7579213203124999 0.25643131874999997 0.7873214921875 0.38419330937499996 0.8468078968749999 0.3893259265625 0.8485331171875 0.3952491796875 0.8472883578125 0.40349024843750003 0.8372901625000001
2 0.47389523125000005 0.8581104734375 0.465429828125 0.8732336359374999 0.4663964640625 0.8905900734375001 0.4797275703125 0.89600334375 0.5034042624999999 0.9039835937499999 0.5159022171875 0.8770773937499999 0.47389523125000005 0.8581104734375
6 0.4607587578125 0.7033342218749999 0.4050091421875 0.6779669203124999 0.3901023828125 0.700413034375 0.3914776953125 0.7035060546875 0.3930249046875 0.70952025 0.4471776125 0.7349517109375 0.4607587578125 0.7033342218749999
6 0.3268382609375 0.6839169578125001 0.35090613125000003 0.6943988390625 0.37205147968749996 0.7078019078125 0.383946259375 0.671948953125 0.3252910515625 0.6388964109375 0.319274084375 0.6388964109375 0.3148043265625 0.6553924890625 0.3163515359375 0.67034205625 0.3268382609375 0.6839169578125001
6 0.3448891640625 0.545139053125 0.3521370078125 0.56147628125 0.38546072656249997 0.48946478281249994 0.3658625890625 0.49547897812499997 0.356751175 0.505960859375 0.3462644765625 0.524003446875 0.3448891640625 0.545139053125
2 0.21652038906249998 0.7163306109375001 0.41584516406249994 0.8083517062500001 0.41954307343749997 0.796993003125 0.222804103125 0.7061060453125 0.21652038906249998 0.7163306109375001
2 0.524441778125 0.859307403125 0.5282412109375 0.847914334375 0.487140590625 0.8273205390625 0.48104042031249994 0.8388582734375 0.524441778125 0.859307403125
6 0.5158403203125 0.17121063593750002 0.4838973765625 0.152483471875 0.459409909375 0.2029022109375 0.48881169687500003 0.221866028125 0.5158403203125 0.17121063593750002
6 0.7676369015625 0.33559598749999997 0.780416196875 0.30554102968749997 0.599438684375 0.2130131078125 0.61446079375 0.23639739531249998 0.65115413125 0.26224318750000003 0.6811982750000001 0.283904403125 0.7092723390625 0.3033502890625 0.7676369015625 0.33559598749999997