4 0.452055146875 0.2723232671875 0.36456969687499996 0.464390359375 0.44971176249999995 0.5096744609375 0.445025053125 0.5260704328125 0.48564328437500004 0.54715095625 0.52782379375 0.5658892046874999 0.5387594890625 0.542466390625 0.5808593921874999 0.5623046875 0.64895659375 0.4143003390625 0.6033758921875 0.391520515625 0.6137470265625 0.3574261703125 0.535634996875 0.32073036250000003 0.49189227031250005 0.301992159375 0.452055146875 0.2723232671875
0 0.49804364999999995 0.30606193125000003 0.5395089390625001 0.320758928125 0.52794941875 0.3029389203125 0.565449465625 0.21718183125 0.4975973015625 0.1873863640625 0.4556399765625 0.27527770625 0.49804364999999995 0.30606193125000003
7 0.5426828015625 0.26887776093750004 0.53821925625 0.28360067031249997 0.581069278125 0.3023389234375 0.5944599125 0.3134926453125 0.5801765828125001 0.340261575 0.598660725 0.34921875 0.612314090625 0.31884643437500004 0.6060651546875 0.3036773671875 0.581515659375 0.2880621578125 0.5484854234375 0.2724469484375 0.5426828015625 0.26887776093750004
1 0.49938902656249995 0.1881821578125 0.5646205453124999 0.215290178125 0.5882135703125 0.16899776093750002 0.59892605 0.16810545937500002 0.5114405828125 0.12973665 0.5190286296875 0.136875040625 0.5167968562499999 0.14892106249999998 0.49938902656249995 0.1881821578125
3 0.57750105625 0.189966725 0.5681276203125 0.2073665703125 0.7717984265625 0.3016564234375 0.7816182125 0.2838104703125 0.57750105625 0.189966725
2 0.79439519375 0.257896871875 0.5974041 0.16866710468749999 0.5874520671875 0.16881577187500002 0.5783596609375 0.18948740625 0.7825892999999999 0.2833333328125 0.79439519375 0.257896871875
3 0.5028239265625001 0.1786614390625 0.512918396875 0.1594427203125 0.468214303125 0.1387825828125 0.459081196875 0.1580013015625 0.5028239265625001 0.1786614390625
2 0.46742789531250006 0.1375 0.512918396875 0.1580013015625 0.5182059734375 0.13926304375 0.512918396875 0.12917322343749998 0.4759053265625 0.11235684374999999 0.46742789531250006 0.1375
6 0.44365247500000005 0.52598310625 0.4524745171875 0.5134909328124999 0.41424559375000003 0.490711109375 0.41204005468749993 0.4848324203125 0.36572419218749996 0.4649919140625 0.34072833125 0.5208392671875 0.43115451718750003 0.563459596875 0.43850623750000006 0.544353940625 0.474381775 0.5545963515625 0.48156095624999995 0.5449365453125 0.44365247500000005 0.52598310625
6 0.24713364218749997 0.6160401515625 0.23056634062499998 0.6568873468749999 0.52518819375 0.8307638859375001 0.5591511734375 0.76314523125 0.503374596875 0.731681853125 0.4163962578125 0.7027024296875 0.3608958203125 0.68117485 0.24713364218749997 0.6160401515625
6 0.5364848203125 0.28525792656250004 0.5270419890625 0.30398020937500003 0.53663963125 0.3123356 0.538032828125 0.3202267984375 0.5803134859375 0.3406570859375 0.588033471875 0.3284274625 0.593451496875 0.317596403125 0.588033471875 0.3093957390625 0.570386196875 0.2973268390625 0.5364848203125 0.28525792656250004
6 0.6205416265625 0.3386638328125 0.609705575 0.3279875234375 0.6002627203124999 0.35228004999999996 0.613730403125 0.3590881359375 0.5988695234375 0.390188759375 0.6380157890625 0.409259715625 0.6422137296875 0.395604284375 0.6422137296875 0.38338066249999997 0.6380341140625 0.36713407343750004 0.6326160890625 0.3535178796875 0.6205416265625 0.3386638328125
2 0.49724890625 0.189710134375 0.5032420890625 0.18028259687499998 0.459492778125 0.15806455625 0.45608266718749996 0.1707568421875 0.49724890625 0.189710134375
2 0.5687263921875 0.20753995 0.5645572484375 0.2202018796875 0.766569965625 0.3143042625 0.7734949734375001 0.3014625234375 0.5687263921875 0.20753995
6 0.646499565625 0.48460698593749996 0.6445790687499999 0.4641309984375 0.6354695921875 0.4476553140625 0.605528715625 0.5166007203125 0.6168383859375 0.5183070437499999 0.6354032984375 0.516387415625 0.64671296875 0.5070026000000001 0.646499565625 0.48460698593749996
5 0.767515121875 0.31412185312499996 0.4597123140625 0.1692897734375 0.2307197671875 0.6554039140625 0.523749353125 0.8305025718750001 0.767515121875 0.31412185312499996