4 0.547944853125 0.7276767328125 0.6354303031249999 0.5356096406249999 0.5502882375 0.4903255390625 0.554974946875 0.4739295671875 0.514356715625 0.45284904375 0.47217620625 0.4341107953125 0.46124051093749996 0.457533609375 0.41914060781250007 0.4376953125 0.35104340624999997 0.5856996609375 0.3966241078125 0.608479484375 0.3862529734375 0.6425738296875 0.464365003125 0.6792696375 0.5081077296875 0.698007840625 0.547944853125 0.7276767328125
0 0.50195635 0.69393806875 0.4604910609375 0.679241071875 0.47205058125 0.6970610796875001 0.434550534375 0.78281816875 0.5024026984375001 0.8126136359375 0.5443600234375 0.72472229375 0.50195635 0.69393806875
7 0.45731719843749996 0.7311222390625 0.46178074375 0.7163993296875 0.41893072187499997 0.6976610765625 0.40554008750000003 0.6865073546875 0.4198234171875 0.659738425 0.40133927500000005 0.65078125 0.38768590937499997 0.6811535656250001 0.3939348453125 0.6963226328125 0.41848434062499995 0.7119378421875 0.45151457656250005 0.7275530515625 0.45731719843749996 0.7311222390625
1 0.5006109734375 0.8118178421875 0.4353794546875 0.784709821875 0.4117864296875 0.8310022390625 0.40107394999999996 0.831894540625 0.48855941718749996 0.8702633499999999 0.48097137031250004 0.8631249593750001 0.48320314375000006 0.8510789375 0.5006109734375 0.8118178421875
3 0.42249894374999997 0.810033275 0.43187237968750003 0.7926334296875 0.22820157343749997 0.6983435765625 0.21838178749999998 0.7161895296874999 0.42249894374999997 0.810033275
2 0.20560480625 0.742103128125 0.4025959 0.8313328953125 0.4125479328125 0.8311842281249999 0.4216403390625 0.8105125937500001 0.21741069999999998 0.7166666671875 0.20560480625 0.742103128125
3 0.4971760734375 0.8213385609375001 0.48708160312500004 0.8405572796874999 0.531785696875 0.8612174171874999 0.5409188031250001 0.8419986984375001 0.4971760734375 0.8213385609375001
2 0.5325721046874999 0.8625 0.48708160312500004 0.8419986984375001 0.48179402656250003 0.86073695625 0.48708160312500004 0.8708267765625 0.5240946734375 0.88764315625 0.5325721046874999 0.8625
6 0.556347525 0.47401689375 0.5475254828125 0.48650906718750003 0.58575440625 0.5092888906249999 0.5879599453125001 0.5151675796874999 0.6342758078124999 0.5350080859374999 0.65927166875 0.4791607328125 0.5688454828125 0.436540403125 0.5614937624999999 0.45564605937499997 0.525618225 0.4454036484375 0.51843904375 0.4550634546875 0.556347525 0.47401689375
6 0.7528663578125 0.38395984843750003 0.769433659375 0.343112653125 0.47481180624999997 0.1692361140625 0.4408488265625 0.23685476875 0.49662540312500003 0.268318146875 0.5836037421875 0.2972975703125 0.6391041796875 0.31882515 0.7528663578125 0.38395984843750003
6 0.4635151796875 0.7147420734375001 0.4729580109375 0.6960197906250001 0.46336036875 0.6876644 0.461967171875 0.6797732015625 0.4196865140625 0.6593429140625 0.41196652812499995 0.6715725375 0.40654850312499996 0.682403596875 0.41196652812499995 0.6906042609374999 0.42961380312499997 0.7026731609375 0.4635151796875 0.7147420734375001
6 0.3794583734375 0.6613361671875 0.390294425 0.6720124765625 0.3997372796875 0.64771995 0.386269596875 0.6409118640625 0.4011304765625 0.609811240625 0.3619842109375 0.590740284375 0.3577862703125 0.604395715625 0.3577862703125 0.6166193375 0.3619658859375 0.6328659265625001 0.3673839109375 0.6464821203125 0.3794583734375 0.6613361671875
2 0.5027510937499999 0.8102898656249999 0.49675791093750005 0.8197174031250001 0.540507221875 0.84193544375 0.5439173328125 0.8292431578125001 0.5027510937499999 0.8102898656249999
2 0.4312736078125 0.7924600500000001 0.4354427515625 0.7797981203125001 0.23343003437499998 0.6856957375 0.2265050265625 0.6985374765625 0.4312736078125 0.7924600500000001
6 0.353500434375 0.5153930140625 0.35542093124999996 0.5358690015625001 0.3645304078125 0.5523446859375001 0.394471284375 0.4833992796875 0.3831616140625 0.48169295625 0.3645967015625 0.483612584375 0.35328703125 0.4929974 0.353500434375 0.5153930140625
5 0.23248487812500002 0.685878146875 0.5402876859375 0.8307102265624999 0.7692802328125 0.3445960859375 0.47625064687499996 0.169497428125 0.23248487812500002 0.685878146875