4 0.4800285671875 0.3974661609375 0.4820945 0.38588886875 0.4272958625 0.3551388375 0.41821452187499997 0.3670798078125 0.326413696875 0.553517184375 0.330196540625 0.5723104218749999 0.36865169375 0.5924901 0.3888407078125 0.5828807406250001 0.4772876046875 0.6270837796875 0.4984379109375 0.6184353781249999 0.507126934375 0.6119265109375001 0.543269571875 0.630158321875 0.6695633734374999 0.3820451109375 0.6302515984375 0.3523925203125 0.5846510625 0.3277458390625 0.569693378125 0.3537375171875 0.53339809375 0.42481388593749997 0.4800285671875 0.3974661609375
0 0.4495744640625 0.3507319859375 0.48359660312499997 0.3680822171875 0.5469093640625 0.3998295453125 0.5787196781249999 0.34124538125 0.547474865625 0.318343053125 0.5398372546875 0.29127668125 0.566916103125 0.23552642499999998 0.5231733453125 0.21401214687499998 0.4495744640625 0.3507319859375
7 0.4935398375 0.4045563171875 0.5090777921874999 0.38024720625 0.48509529375 0.36876793750000003 0.476988525 0.3826106171875 0.48509529375 0.38666212187500004 0.48036634375 0.39577802968750003 0.4935398375 0.4045563171875
1 0.5676225765625 0.234864890625 0.6019687953124999 0.1868213046875 0.5460178671875 0.160318584375 0.543669259375 0.1636173859375 0.5445629171874999 0.1714406671875 0.524668271875 0.213251190625 0.5676225765625 0.234864890625
3 0.7709239250000001 0.3171195640625 0.7807302828125 0.2985942359375 0.5823936484375001 0.2068039125 0.5726126890625001 0.2258137734375 0.5841115140625 0.2336634890625 0.6369253203125 0.2574388953125 0.7709239250000001 0.3171195640625
3 0.5272661203125 0.20626130312500002 0.5365387562499999 0.18812751249999998 0.48291864531249995 0.157501528125 0.47318549374999996 0.1763104828125 0.5272661203125 0.20626130312500002
5 0.5385508125 0.80908015625 0.7677839421875 0.3261400796875 0.5903661234375 0.24707301875 0.47171087187499994 0.188337465625 0.2343376046875 0.6216589953125 0.5385508125 0.80908015625
2 0.792141484375 0.27436377031250003 0.6026568171875 0.18812751249999998 0.595803128125 0.18812751249999998 0.5820957203125 0.20585830624999998 0.7806451703125 0.298286290625 0.792141484375 0.27436377031250003
2 0.5450050859375 0.1712026515625 0.5425861390625 0.1603223734375 0.4934007703125 0.1341291203125 0.482112309375 0.1562926421875 0.5351814609375001 0.1868951609375 0.5450050859375 0.1712026515625
6 0.435701803125 0.6421943390625 0.4375304390625 0.638705253125 0.44570050781250004 0.6119876046875 0.428791528125 0.6031695984375001 0.4148801625 0.6339330859375 0.4233042 0.639334675 0.428708271875 0.6421943390625 0.435701803125 0.6421943390625
6 0.6114517875 0.5356446015625 0.6004242078125 0.521682784375 0.571017325 0.5716514484374999 0.5901318437499999 0.5738559421875 0.601159425 0.569446953125 0.6121870046875 0.5525457640625 0.6114517875 0.5356446015625
6 0.546959396875 0.3996840578125 0.50887225625 0.3816837609375 0.49624552499999997 0.40527036875 0.53459710625 0.424871321875 0.546959396875 0.3996840578125
2 0.52830389375 0.20682373437499998 0.47549098437500004 0.1795275703125 0.4714006609375 0.1879448859375 0.5219577281250001 0.21543552031250002 0.52830389375 0.20682373437499998
2 0.7702770734375 0.3172285640625 0.5710936296875 0.22858975468749998 0.5684808890624999 0.2379605796875 0.76473698125 0.32664509375 0.7702770734375 0.3172285640625
6 0.6803209265625 0.35731376406250004 0.6685402 0.34534221249999997 0.65479601875 0.3384732875 0.6359468421875001 0.3229691390625 0.6153305703124999 0.31256761875 0.5998192921875 0.31256761875 0.5756687953124999 0.31256761875 0.5619246140625 0.3159039625 0.5517146562499999 0.3245391703125 0.577689009375 0.33859872343749997 0.5841116562499999 0.3298380640625 0.6459604734375 0.35731376406250004 0.6410518359374999 0.3690890640625 0.6683438421875 0.38125686875000003 0.6787501578125 0.3728179046875 0.6803209265625 0.35731376406250004
6 0.47900331406249996 0.3812052890625 0.48607580156249997 0.3695810921875 0.48607580156249997 0.36790858593750003 0.43294939374999997 0.3442845140625 0.4258380046875 0.3532742078125 0.47900331406249996 0.3812052890625