4 0.43030662187499996 0.6462624828125 0.46660190625000003 0.5751861140625001 0.5199714328125 0.6025338390625 0.5179055 0.6141111312499999 0.5727041374999999 0.6448611625 0.581785478125 0.6329201921875 0.673586303125 0.44648281562500003 0.669803459375 0.427689578125 0.6313483062499999 0.4075099 0.6111592921875 0.417119259375 0.5227123953125 0.3729162203125 0.5015620890625 0.381564621875 0.492873065625 0.3880734890625 0.45673042812500003 0.369841678125 0.3304366265625 0.6179548890625 0.3697484015625 0.6476074796875 0.4153489375 0.6722541609375 0.43030662187499996 0.6462624828125
0 0.43308389687500004 0.764473575 0.4768266546875 0.785987853125 0.5504255359375 0.6492680140625 0.516403396875 0.6319177828125 0.4530906359375 0.6001704546875 0.42128032187500003 0.65875461875 0.45252513437499997 0.681656946875 0.4601627453125 0.7087233187499999 0.43308389687500004 0.764473575
7 0.5149047062500001 0.6133378781250001 0.51963365625 0.6042219703125 0.5064601625 0.5954436828125 0.49092220781250007 0.61975279375 0.5149047062500001 0.6312320625 0.523011475 0.6173893828125 0.5149047062500001 0.6133378781250001
1 0.4554370828125 0.8285593328124999 0.475331728125 0.7867488093749999 0.43237742343749996 0.765135109375 0.3980312046875 0.8131786953125 0.4539821328125 0.8396814156250001 0.456330740625 0.8363826140624999 0.4554370828125 0.8285593328124999
3 0.4158884859375 0.7663365109375 0.3630746796875 0.7425611046875 0.229076075 0.6828804359375 0.2192697171875 0.7014057640625 0.4176063515625 0.7931960874999999 0.4273873109375 0.7741862265624999 0.4158884859375 0.7663365109375
3 0.5170813546875 0.842498471875 0.52681450625 0.8236895171875 0.4727338796875 0.793738696875 0.46346124375000003 0.8118724875 0.5170813546875 0.842498471875
5 0.5282891281250001 0.811662534375 0.7656623953125 0.3783410046875 0.46144918749999997 0.19091984374999998 0.23221605781250002 0.6738599203125 0.4096338765625 0.75292698125 0.5282891281250001 0.811662534375
2 0.4179042796875 0.79414169375 0.2193548296875 0.701713709375 0.207858515625 0.7256362296875001 0.3973431828125 0.8118724875 0.404196871875 0.8118724875 0.4179042796875 0.79414169375
2 0.5178876906250001 0.8437073578125001 0.4648185390625 0.8131048390625001 0.45499491406250003 0.8287973484375 0.45741386093749997 0.8396776265625 0.5065992296874999 0.8658708796875001 0.5178876906250001 0.8437073578125001
6 0.5766958 0.360665325 0.5712917281250001 0.3578056609375 0.564298196875 0.3578056609375 0.5624695609375 0.36129474687499996 0.5542994921875 0.3880123953125 0.571208471875 0.3968304015625 0.5851198375 0.3660669140625 0.5766958 0.360665325
6 0.39884057500000003 0.43055304687499996 0.3878129953125 0.44745423593749994 0.3885482125 0.4643553984375 0.3995757921875 0.478317215625 0.428982675 0.4283485515625 0.40986815625000006 0.4261440578125 0.39884057500000003 0.43055304687499996
6 0.503754475 0.59472963125 0.46540289375 0.575128678125 0.453040603125 0.6003159421875 0.49112774375 0.6183162390625 0.503754475 0.59472963125
2 0.5285993390625 0.8120551140625001 0.478042271875 0.7845644796875 0.47169610625 0.793176265625 0.524509015625 0.8204724296875 0.5285993390625 0.8120551140625001
2 0.4315191109375 0.7620394203124999 0.23526301875 0.6733549062499999 0.22972292656249998 0.6827714359375 0.42890637031249995 0.7714102453125 0.4315191109375 0.7620394203124999
6 0.3316561578125 0.61874313125 0.32124984218749997 0.6271820953125 0.3196790734375 0.6426862359375 0.3314598 0.6546577874999999 0.34520398124999996 0.6615267125 0.36405315781250003 0.6770308609375 0.3846694296875 0.6874323812500001 0.40018070781250004 0.6874323812500001 0.4243312046875 0.6874323812500001 0.4380753859375 0.6840960375 0.44828534375 0.6754608296875 0.42231099062500005 0.6614012765624999 0.41588834375 0.6701619359375 0.3540395265625 0.6426862359375 0.35894816406249996 0.6309109359375 0.3316561578125 0.61874313125
6 0.56705060625 0.6557154859375001 0.5741619953125 0.6467257921875 0.5209966859375 0.6187947109375 0.5139241984375 0.6304189078125 0.5139241984375 0.6320914140625 0.56705060625 0.6557154859375001