4 0.6025338390625 0.4800285671875 0.6141111312499999 0.4820945 0.6448611625 0.4272958625 0.6329201921875 0.41821452187499997 0.44648281562500003 0.326413696875 0.427689578125 0.330196540625 0.4075099 0.36865169375 0.417119259375 0.3888407078125 0.3729162203125 0.4772876046875 0.381564621875 0.4984379109375 0.3880734890625 0.507126934375 0.369841678125 0.543269571875 0.6179548890625 0.6695633734374999 0.6476074796875 0.6302515984375 0.6722541609375 0.5846510625 0.6462624828125 0.569693378125 0.5751861140625001 0.53339809375 0.6025338390625 0.4800285671875
0 0.6492680140625 0.4495744640625 0.6319177828125 0.48359660312499997 0.6001704546875 0.5469093640625 0.65875461875 0.5787196781249999 0.681656946875 0.547474865625 0.7087233187499999 0.5398372546875 0.764473575 0.566916103125 0.785987853125 0.5231733453125 0.6492680140625 0.4495744640625
7 0.5954436828125 0.4935398375 0.61975279375 0.5090777921874999 0.6312320625 0.48509529375 0.6173893828125 0.476988525 0.6133378781250001 0.48509529375 0.6042219703125 0.48036634375 0.5954436828125 0.4935398375
1 0.765135109375 0.5676225765625 0.8131786953125 0.6019687953124999 0.8396814156250001 0.5460178671875 0.8363826140624999 0.543669259375 0.8285593328124999 0.5445629171874999 0.7867488093749999 0.524668271875 0.765135109375 0.5676225765625
3 0.6828804359375 0.7709239250000001 0.7014057640625 0.7807302828125 0.7931960874999999 0.5823936484375001 0.7741862265624999 0.5726126890625001 0.7663365109375 0.5841115140625 0.7425611046875 0.6369253203125 0.6828804359375 0.7709239250000001
3 0.793738696875 0.5272661203125 0.8118724875 0.5365387562499999 0.842498471875 0.48291864531249995 0.8236895171875 0.47318549374999996 0.793738696875 0.5272661203125
5 0.19091984374999998 0.5385508125 0.6738599203125 0.7677839421875 0.75292698125 0.5903661234375 0.811662534375 0.47171087187499994 0.3783410046875 0.2343376046875 0.19091984374999998 0.5385508125
2 0.7256362296875001 0.792141484375 0.8118724875 0.6026568171875 0.8118724875 0.595803128125 0.79414169375 0.5820957203125 0.701713709375 0.7806451703125 0.7256362296875001 0.792141484375
2 0.8287973484375 0.5450050859375 0.8396776265625 0.5425861390625 0.8658708796875001 0.4934007703125 0.8437073578125001 0.482112309375 0.8131048390625001 0.5351814609375001 0.8287973484375 0.5450050859375
6 0.3578056609375 0.435701803125 0.36129474687499996 0.4375304390625 0.3880123953125 0.44570050781250004 0.3968304015625 0.428791528125 0.3660669140625 0.4148801625 0.360665325 0.4233042 0.3578056609375 0.428708271875 0.3578056609375 0.435701803125
6 0.4643553984375 0.6114517875 0.478317215625 0.6004242078125 0.4283485515625 0.571017325 0.4261440578125 0.5901318437499999 0.43055304687499996 0.601159425 0.44745423593749994 0.6121870046875 0.4643553984375 0.6114517875
6 0.6003159421875 0.546959396875 0.6183162390625 0.50887225625 0.59472963125 0.49624552499999997 0.575128678125 0.53459710625 0.6003159421875 0.546959396875
2 0.793176265625 0.52830389375 0.8204724296875 0.47549098437500004 0.8120551140625001 0.4714006609375 0.7845644796875 0.5219577281250001 0.793176265625 0.52830389375
2 0.6827714359375 0.7702770734375 0.7714102453125 0.5710936296875 0.7620394203124999 0.5684808890624999 0.6733549062499999 0.76473698125 0.6827714359375 0.7702770734375
6 0.6426862359375 0.6803209265625 0.6546577874999999 0.6685402 0.6615267125 0.65479601875 0.6770308609375 0.6359468421875001 0.6874323812500001 0.6153305703124999 0.6874323812500001 0.5998192921875 0.6874323812500001 0.5756687953124999 0.6840960375 0.5619246140625 0.6754608296875 0.5517146562499999 0.6614012765624999 0.577689009375 0.6701619359375 0.5841116562499999 0.6426862359375 0.6459604734375 0.6309109359375 0.6410518359374999 0.61874313125 0.6683438421875 0.6271820953125 0.6787501578125 0.6426862359375 0.6803209265625
6 0.6187947109375 0.47900331406249996 0.6304189078125 0.48607580156249997 0.6320914140625 0.48607580156249997 0.6557154859375001 0.43294939374999997 0.6467257921875 0.4258380046875 0.6187947109375 0.47900331406249996