5 0.7341394546875 0.5053340562499999 0.658399021875 0.4347287421875 0.60385203125 0.374303246875 0.567371553125 0.3315886484375 0.527764196875 0.2801922359375 0.5096976843750001 0.2558831203125 0.49904291718750005 0.2472905734375 0.47625731875 0.2321071671875 0.45716080937500003 0.2321071671875 0.4211378484375 0.24902583437499998 0.34518585156250003 0.2889364765625 0.268610384375 0.3285525671875 0.45758271562499997 0.7669395640625 0.62191854375 0.6268796328125 0.6764655875 0.5810395984375 0.7341394546875 0.5053340562499999
4 0.5504798015625 0.5263506546875 0.5887547078125 0.5154200265625 0.53095179375 0.409236584375 0.47627337187499996 0.323352934375 0.3312499828125 0.4064453125 0.42315716718749996 0.5669502640624999 0.4989258125 0.5310352359375 0.5184538203125 0.54977346875 0.5504798015625 0.5263506546875
0 0.460213878125 0.33342459375 0.42011717031250007 0.2501953125 0.35441855625 0.28197263437500003 0.395445609375 0.3673045109375 0.460213878125 0.33342459375
1 0.41088012812499997 0.237530365625 0.411893459375 0.2270539828125 0.343313496875 0.2674593421875 0.3477321625 0.270882625 0.3549091671875 0.2814729640625 0.4193350859375 0.2501545734375 0.41088012812499997 0.237530365625
7 0.2685029546875 0.3261944796875 0.276674696875 0.34733507812500003 0.365777465625 0.310197996875 0.3529732421875 0.2875241890625 0.2685029546875 0.3261944796875
3 0.49899449531249995 0.248048459375 0.5018543078125 0.23901287343750002 0.529253590625 0.219794153125 0.4768584734375 0.2039387046875 0.48351137031249997 0.239203503125 0.49899449531249995 0.248048459375
2 0.332170965625 0.27408703125 0.26054823437499997 0.3057979296875 0.267758575 0.3250166484375 0.35476335312499996 0.2827354515625 0.34456137343750004 0.2684946328125 0.332170965625 0.27408703125
2 0.468880190625 0.22832551093750003 0.4837425921875 0.23203939375 0.4769869578125 0.2057045578125 0.46665649374999996 0.2045923765625 0.4499398734375 0.2068215140625 0.42446331875 0.217872284375 0.4144973328125 0.22326111875 0.40956195468749995 0.22940351250000002 0.41052331875 0.2380519328125 0.419564059375 0.248245459375 0.442622021875 0.2334204546875 0.468880190625 0.22832551093750003
2 0.647881178125 0.3595034015625 0.6127908359375 0.316261284375 0.57866189375 0.2725386953125 0.5522239765625 0.236503596875 0.5391387796875 0.225286878125 0.5310320390625 0.21954724374999998 0.5055971171875 0.2355426765625 0.4968932234375 0.248199703125 0.505641125 0.2565430390625 0.5460650828125 0.3092107328125 0.5989581546875 0.3743417328125 0.64642114375 0.42540123906250005 0.68161615 0.46238924375 0.7345091890625 0.50802115625 0.7705528734375 0.48269230781249994 0.72286875625 0.4392610796875 0.6805680734374999 0.3974603609375 0.647881178125 0.3595034015625
6 0.47989911718749995 0.6141334125 0.504326853125 0.5999377671875 0.5009183375 0.589149134375 0.5139843671875 0.5823351765625 0.5230737578125 0.557918715625 0.49921405625000004 0.528959565625 0.42272725937500005 0.56974431875 0.4378606328125 0.600505628125 0.4600160546875 0.6084551546875 0.4736501203125 0.602776896875 0.47989911718749995 0.6141334125
7 0.465829946875 0.25229970156250003 0.48313173281250005 0.2508585421875 0.49574762968749997 0.2571635859375 0.5002533078125 0.24311234843750001 0.4798876390625 0.2319434140625 0.46096379374999996 0.2319434140625 0.440417915625 0.23680730625000002 0.42008899375000003 0.24929546875000003 0.42798225624999997 0.2697736703125 0.448347896875 0.25860474375 0.465829946875 0.25229970156250003
7 0.37479667656250004 0.38581617343749997 0.397148621875 0.3749645015625 0.397148621875 0.3675172859375 0.38387854843749997 0.3524741828125 0.3730936640625 0.35794229375 0.36947478437500003 0.36538950937500003 0.367558915625 0.3728367265625 0.37479667656250004 0.38581617343749997
6 0.319236146875 0.41007280625 0.32264213750000004 0.426882240625 0.3300927859375 0.441776671875 0.341375203125 0.4492238890625 0.3562765 0.4492238890625 0.330305675 0.4047533671875 0.3769254328125 0.386028946875 0.36947478437500003 0.3730495171875 0.3695070546875 0.363119734375 0.35074171875000004 0.3673045109375 0.3322215421875 0.3802839421875 0.320939125 0.395178375 0.319236146875 0.41007280625