5 0.625696753125 0.60385203125 0.6684113515625 0.567371553125 0.7198077640625 0.527764196875 0.7441168796875 0.5096976843750001 0.7527094265625001 0.49904291718750005 0.7678928328125 0.47625731875 0.7678928328125 0.45716080937500003 0.750974165625 0.4211378484375 0.7110635234375 0.34518585156250003 0.6714474328125 0.268610384375 0.2330604359375 0.45758271562499997 0.37312036718749997 0.62191854375 0.41896040156250003 0.6764655875 0.49466594375 0.7341394546875 0.5652712578125 0.658399021875 0.625696753125 0.60385203125
4 0.590763415625 0.53095179375 0.676647065625 0.47627337187499996 0.5935546875 0.3312499828125 0.4330497359375 0.42315716718749996 0.4689647640625 0.4989258125 0.45022653124999995 0.5184538203125 0.4736493453125 0.5504798015625 0.48457997343750003 0.5887547078125 0.590763415625 0.53095179375
0 0.718027365625 0.35441855625 0.6326954890625001 0.395445609375 0.66657540625 0.460213878125 0.7498046875 0.42011717031250007 0.718027365625 0.35441855625
1 0.7325406578125 0.343313496875 0.729117375 0.3477321625 0.7185270359375 0.3549091671875 0.7498454265625 0.4193350859375 0.762469634375 0.41088012812499997 0.7729460171875 0.411893459375 0.7325406578125 0.343313496875
7 0.689802003125 0.365777465625 0.7124758109375 0.3529732421875 0.6738055203125 0.2685029546875 0.652664921875 0.276674696875 0.689802003125 0.365777465625
3 0.780205846875 0.529253590625 0.7960612953124999 0.4768584734375 0.7607964968750001 0.48351137031249997 0.751951540625 0.49899449531249995 0.7609871265625 0.5018543078125 0.780205846875 0.529253590625
2 0.6749833515625 0.267758575 0.7172645484375 0.35476335312499996 0.7315053671875 0.34456137343750004 0.72591296875 0.332170965625 0.6942020703125 0.26054823437499997 0.6749833515625 0.267758575
2 0.7942954421875 0.4769869578125 0.7954076234375 0.46665649374999996 0.7931784859375 0.4499398734375 0.7821277156249999 0.42446331875 0.77673888125 0.4144973328125 0.7705964875 0.40956195468749995 0.7619480671875001 0.41052331875 0.751754540625 0.419564059375 0.7665795453124999 0.442622021875 0.7716744890625 0.468880190625 0.7679606062500001 0.4837425921875 0.7942954421875 0.4769869578125
2 0.7274613046875 0.57866189375 0.763496403125 0.5522239765625 0.774713121875 0.5391387796875 0.78045275625 0.5310320390625 0.7644573234375 0.5055971171875 0.751800296875 0.4968932234375 0.7434569609375 0.505641125 0.6907892671875 0.5460650828125 0.6256582671875 0.5989581546875 0.5745987609375 0.64642114375 0.53761075625 0.68161615 0.49197884375 0.7345091890625 0.5173076921875001 0.7705528734375 0.5607389203124999 0.72286875625 0.6025396390625 0.6805680734374999 0.6404965984375 0.647881178125 0.683738715625 0.6127908359375 0.7274613046875 0.57866189375
6 0.41085086562499995 0.5009183375 0.41766482343750005 0.5139843671875 0.44208128437500005 0.5230737578125 0.471040434375 0.49921405625000004 0.43025568124999997 0.42272725937500005 0.39949437187500003 0.4378606328125 0.3915448453125 0.4600160546875 0.39722310312500003 0.4736501203125 0.38586658749999997 0.47989911718749995 0.4000622328125 0.504326853125 0.41085086562499995 0.5009183375
7 0.7428364140625 0.49574762968749997 0.7568876515625 0.5002533078125 0.7680565859375 0.4798876390625 0.7680565859375 0.46096379374999996 0.76319269375 0.440417915625 0.75070453125 0.42008899375000003 0.7302263296875 0.42798225624999997 0.7413952562499999 0.448347896875 0.7477002984375 0.465829946875 0.7491414578125 0.48313173281250005 0.7428364140625 0.49574762968749997
7 0.6324827140625 0.397148621875 0.6475258171875 0.38387854843749997 0.6420577062499999 0.3730936640625 0.634610490625 0.36947478437500003 0.6271632734375 0.367558915625 0.6141838265625 0.37479667656250004 0.6250354984375 0.397148621875 0.6324827140625 0.397148621875
6 0.558223328125 0.3300927859375 0.5507761109375 0.341375203125 0.5507761109375 0.3562765 0.5952466328125 0.330305675 0.613971053125 0.3769254328125 0.6269504828125 0.36947478437500003 0.636880265625 0.3695070546875 0.6326954890625001 0.35074171875000004 0.6197160578124999 0.3322215421875 0.604821625 0.320939125 0.58992719375 0.319236146875 0.573117759375 0.32264213750000004 0.558223328125 0.3300927859375