5 0.39614796874999997 0.625696753125 0.432628446875 0.6684113515625 0.47223580312499996 0.7198077640625 0.490302315625 0.7441168796875 0.5009570828125 0.7527094265625001 0.52374268125 0.7678928328125 0.542839190625 0.7678928328125 0.5788621515625 0.750974165625 0.6548141484375 0.7110635234375 0.731389615625 0.6714474328125 0.542417284375 0.2330604359375 0.37808145625 0.37312036718749997 0.32353441250000003 0.41896040156250003 0.2658605453125 0.49466594375 0.341600978125 0.5652712578125 0.39614796874999997 0.625696753125
4 0.46904820625 0.590763415625 0.523726628125 0.676647065625 0.6687500171874999 0.5935546875 0.5768428328125 0.4330497359375 0.5010741875 0.4689647640625 0.48154617968749996 0.45022653124999995 0.4495201984375 0.4736493453125 0.41124529218749994 0.48457997343750003 0.46904820625 0.590763415625
0 0.64558144375 0.718027365625 0.6045543906249999 0.6326954890625001 0.539786121875 0.66657540625 0.5798828296874999 0.7498046875 0.64558144375 0.718027365625
1 0.656686503125 0.7325406578125 0.6522678375 0.729117375 0.6450908328125 0.7185270359375 0.5806649140625 0.7498454265625 0.589119871875 0.762469634375 0.588106540625 0.7729460171875 0.656686503125 0.7325406578125
7 0.634222534375 0.689802003125 0.6470267578125 0.7124758109375 0.7314970453125 0.6738055203125 0.723325303125 0.652664921875 0.634222534375 0.689802003125
3 0.47074640937499995 0.780205846875 0.5231415265625 0.7960612953124999 0.5164886296875 0.7607964968750001 0.5010055046875 0.751951540625 0.4981456921875 0.7609871265625 0.47074640937499995 0.780205846875
2 0.732241425 0.6749833515625 0.645236646875 0.7172645484375 0.6554386265625001 0.7315053671875 0.667829034375 0.72591296875 0.7394517656249999 0.6942020703125 0.732241425 0.6749833515625
2 0.5230130421875 0.7942954421875 0.53334350625 0.7954076234375 0.5500601265625 0.7931784859375 0.57553668125 0.7821277156249999 0.5855026671875 0.77673888125 0.5904380453125 0.7705964875 0.5894766812500001 0.7619480671875001 0.5804359406249999 0.751754540625 0.557377978125 0.7665795453124999 0.531119809375 0.7716744890625 0.5162574078125 0.7679606062500001 0.5230130421875 0.7942954421875
2 0.42133810625 0.7274613046875 0.4477760234375 0.763496403125 0.46086122031250004 0.774713121875 0.46896796093750004 0.78045275625 0.4944028828125 0.7644573234375 0.5031067765625 0.751800296875 0.494358875 0.7434569609375 0.4539349171875 0.6907892671875 0.40104184531250003 0.6256582671875 0.35357885625 0.5745987609375 0.31838384999999997 0.53761075625 0.2654908109375 0.49197884375 0.2294471265625 0.5173076921875001 0.27713124375 0.5607389203124999 0.31943192656249997 0.6025396390625 0.352118821875 0.6404965984375 0.3872091640625 0.683738715625 0.42133810625 0.7274613046875
6 0.49908166249999997 0.41085086562499995 0.4860156328125 0.41766482343750005 0.4769262421875 0.44208128437500005 0.50078594375 0.471040434375 0.577272740625 0.43025568124999997 0.5621393671875 0.39949437187500003 0.5399839453124999 0.3915448453125 0.5263498796875 0.39722310312500003 0.5201008828125 0.38586658749999997 0.495673146875 0.4000622328125 0.49908166249999997 0.41085086562499995
7 0.5042523703125 0.7428364140625 0.49974669218749995 0.7568876515625 0.5201123609375 0.7680565859375 0.53903620625 0.7680565859375 0.559582084375 0.76319269375 0.5799110062499999 0.75070453125 0.57201774375 0.7302263296875 0.551652103125 0.7413952562499999 0.534170053125 0.7477002984375 0.5168682671875 0.7491414578125 0.5042523703125 0.7428364140625
7 0.602851378125 0.6324827140625 0.6161214515625 0.6475258171875 0.6269063359375 0.6420577062499999 0.630525215625 0.634610490625 0.632441084375 0.6271632734375 0.6252033234375001 0.6141838265625 0.602851378125 0.6250354984375 0.602851378125 0.6324827140625
6 0.6699072140625 0.558223328125 0.6586247968750001 0.5507761109375 0.6437235 0.5507761109375 0.669694325 0.5952466328125 0.6230745671875 0.613971053125 0.630525215625 0.6269504828125 0.6304929453125 0.636880265625 0.6492582812500001 0.6326954890625001 0.6677784578125 0.6197160578124999 0.679060875 0.604821625 0.680763853125 0.58992719375 0.6773578625 0.573117759375 0.6699072140625 0.558223328125