4 0.5807059765625 0.4943267234375 0.4906308703125 0.44630836093750004 0.48076863281250004 0.45683291875 0.4091030296875 0.42723257031250006 0.3749139734375 0.48906441875000006 0.34664220625 0.5620786015625 0.34992961875 0.5647097546875 0.339057775 0.5994974203125001 0.4150203828125 0.633777234375 0.44000471250000006 0.6436440171875 0.4709063953125 0.6528530234375001 0.48931589999999997 0.6600886546875 0.5077254046874999 0.658115278125 0.5807059765625 0.4943267234375
0 0.391947115625 0.7180288578125 0.4527940109375 0.7462933234375 0.4914079 0.6611719546875 0.4590912328125 0.648674034375 0.4235156953125 0.6380779640625 0.391947115625 0.7180288578125
1 0.4390203921875 0.776619346875 0.45230201093750005 0.746755571875 0.3909274390625 0.7184993890625 0.3735379390625 0.7484274375 0.4390203921875 0.776619346875
7 0.373547021875 0.6263951328124999 0.3724607484375 0.6133538125 0.3512907609375 0.603192940625 0.3455754296875 0.6263951328124999 0.35508033906250003 0.6397081234375 0.41346764687500004 0.6644322953125 0.4191705875 0.6500325046875 0.3835950671875 0.6326440828125001 0.373547021875 0.6263951328124999
2 0.509120653125 0.769504340625 0.45596692812499995 0.7443602765625 0.4392392125 0.7729977453125 0.44673451875000003 0.77987159375 0.49859375000000006 0.7998437640625 0.509120653125 0.769504340625
2 0.2635594921875 0.6443772578125 0.2613585921875 0.610522915625 0.2756644265625 0.5455665359374999 0.2998742828125 0.47565589218750004 0.32656015156249996 0.41565381874999996 0.357647809375 0.362532675 0.42866985468749996 0.27803440625000003 0.46498462500000004 0.2444552359375 0.47461354531250005 0.2395009703125 0.500870596875 0.2280882390625 0.55006241875 0.23837467031249998 0.60139213125 0.234528796875 0.6310141484375 0.22864696874999998 0.63413735 0.18304437812500002 0.6216451843749999 0.1853695828125 0.6123486859375 0.190019990625 0.565829865625 0.19246917187499998 0.5052428484375 0.185595275 0.45777262187499995 0.1962184921875 0.41342543125000003 0.22496375781250003 0.38661241562500004 0.25620856875000003 0.3485113375 0.3049504953125 0.3022902609375 0.37493885625 0.2673122015625 0.4505512921875 0.237955603125 0.5330375765625 0.224214215625 0.607400240625 0.234367659375 0.6605164203125 0.247840165625 0.6824840109375 0.2599766 0.6986350828125001 0.284001703125 0.7186622140625001 0.3093206890625 0.7323794890624999 0.3449284203125 0.7419039656249999 0.3592893578125 0.7448774140625 0.3749534484375 0.7469469953125001 0.384058559375 0.7214441296875 0.3480188875 0.7093336375 0.309503203125 0.6950212265625 0.29024536093750003 0.68291069375 0.275939534375 0.670524946875 0.2635594921875 0.6443772578125
6 0.45793683593749995 0.38670294374999997 0.435450928125 0.4237801265625 0.45044153906249995 0.4300290890625 0.44086419687499995 0.4425270140625 0.470429003125 0.45544152968749996 0.47292743125000003 0.45002578125000003 0.46459931875000005 0.43044567968749997 0.56994994375 0.4871029328125 0.5878553640625 0.45544152968749996 0.5432999796875 0.428779284375 0.5378867109375001 0.44336019687499995 0.528725784375 0.4408606171875 0.53497186875 0.42752951093749997 0.45793683593749995 0.38670294374999997
6 0.42046032499999997 0.3967012890625 0.4110416671875 0.41552084218749996 0.42337518437500005 0.42086395625 0.425873603125 0.41919756093749994 0.43087047343749996 0.4216971390625 0.4383657703125 0.4025336609375 0.42046032499999997 0.3967012890625
6 0.61999060625 0.27115296718750004 0.64575416875 0.23839661875 0.6248212468750001 0.23141574843749999 0.5518244250000001 0.2408130515625 0.521099859375 0.23587239218749997 0.5284761828125 0.25262678906249997 0.5426998171874999 0.26685704062500004 0.56363278125 0.28323521406249996 0.5966423437499999 0.28779956875 0.61999060625 0.27115296718750004
6 0.3756849125 0.6235775484375 0.3896402015625 0.6353913265625 0.4154037828125 0.6496215375000001 0.42023444374999996 0.6356597953125 0.3735379390625 0.6144487562500001 0.3756849125 0.6235775484375
5 0.5511520156249999 0.2383666796875 0.5136302265625 0.22980510937499998 0.5021103734375 0.22980510937499998 0.4705130390625 0.2383666796875 0.4501064515625 0.2558190296875 0.4162560359375 0.28926181562500003 0.364769159375 0.3531575359375 0.3279124390625 0.41226808281249994 0.3009029046875 0.4713786296875 0.281208465625 0.5279558421874999 0.26151403281249996 0.596918146875 0.26151403281249996 0.6413918046875 0.2736120328125 0.6684137859375 0.2955572890625 0.69065059375 0.315251728125 0.697969059375 0.510649503125 0.77176389375 0.7407358921875 0.2933581125 0.6459440171875 0.238695990625 0.6258665125 0.2271708265625 0.6024976703125 0.232768703125 0.5741917234375 0.2383666796875 0.5511520156249999 0.2383666796875