4 0.5056732765625 0.5807059765625 0.5536916390625 0.4906308703125 0.54316708125 0.48076863281250004 0.5727674296874999 0.4091030296875 0.5109355812499999 0.3749139734375 0.4379213984375 0.34664220625 0.4352902453125 0.34992961875 0.40050257968749997 0.339057775 0.366222765625 0.4150203828125 0.35635598281249997 0.44000471250000006 0.34714697656250004 0.4709063953125 0.3399113453125 0.48931589999999997 0.34188472187499996 0.5077254046874999 0.5056732765625 0.5807059765625
0 0.2819711421875 0.391947115625 0.2537066765625 0.4527940109375 0.3388280453125 0.4914079 0.35132596562499996 0.4590912328125 0.3619220359375 0.4235156953125 0.2819711421875 0.391947115625
1 0.223380653125 0.4390203921875 0.25324442812500003 0.45230201093750005 0.2815006109375 0.3909274390625 0.2515725625 0.3735379390625 0.223380653125 0.4390203921875
7 0.37360486718749997 0.373547021875 0.3866461875 0.3724607484375 0.396807059375 0.3512907609375 0.37360486718749997 0.3455754296875 0.3602918765625 0.35508033906250003 0.33556770468749997 0.41346764687500004 0.3499674953125 0.4191705875 0.3673559171875 0.3835950671875 0.37360486718749997 0.373547021875
2 0.230495659375 0.509120653125 0.25563972343749997 0.45596692812499995 0.2270022546875 0.4392392125 0.22012840625000002 0.44673451875000003 0.20015623593749998 0.49859375000000006 0.230495659375 0.509120653125
2 0.3556227421875 0.2635594921875 0.389477084375 0.2613585921875 0.4544334640625 0.2756644265625 0.5243441078125 0.2998742828125 0.58434618125 0.32656015156249996 0.637467325 0.357647809375 0.72196559375 0.42866985468749996 0.7555447640625 0.46498462500000004 0.7604990296875 0.47461354531250005 0.7719117609375 0.500870596875 0.7616253296875 0.55006241875 0.7654712031249999 0.60139213125 0.77135303125 0.6310141484375 0.8169556218749999 0.63413735 0.8146304171875001 0.6216451843749999 0.809980009375 0.6123486859375 0.8075308281250001 0.565829865625 0.8144047249999999 0.5052428484375 0.8037815078125 0.45777262187499995 0.7750362421875 0.41342543125000003 0.74379143125 0.38661241562500004 0.6950495046875 0.3485113375 0.62506114375 0.3022902609375 0.5494487078125 0.2673122015625 0.4669624234375 0.237955603125 0.392599759375 0.224214215625 0.3394835796875 0.234367659375 0.3175159890625 0.247840165625 0.3013649171875 0.2599766 0.28133778593750003 0.284001703125 0.2676205109375 0.3093206890625 0.258096034375 0.3449284203125 0.25512258593750003 0.3592893578125 0.2530530046875 0.3749534484375 0.2785558703125 0.384058559375 0.2906663625 0.3480188875 0.3049787734375 0.309503203125 0.31708930625 0.29024536093750003 0.32947505312500003 0.275939534375 0.3556227421875 0.2635594921875
6 0.61329705625 0.45793683593749995 0.5762198734374999 0.435450928125 0.5699709109375 0.45044153906249995 0.5574729859375 0.44086419687499995 0.5445584703125 0.470429003125 0.54997421875 0.47292743125000003 0.5695543203125 0.46459931875000005 0.5128970671874999 0.56994994375 0.5445584703125 0.5878553640625 0.571220715625 0.5432999796875 0.556639803125 0.5378867109375001 0.5591393828125 0.528725784375 0.5724704890625001 0.53497186875 0.61329705625 0.45793683593749995
6 0.6032987109375 0.42046032499999997 0.5844791578125 0.4110416671875 0.5791360437499999 0.42337518437500005 0.5808024390625001 0.425873603125 0.5783028609375 0.43087047343749996 0.5974663390625 0.4383657703125 0.6032987109375 0.42046032499999997
6 0.7288470328125001 0.61999060625 0.76160338125 0.64575416875 0.7685842515625 0.6248212468750001 0.7591869484375 0.5518244250000001 0.7641276078125 0.521099859375 0.7473732109375 0.5284761828125 0.7331429593750001 0.5426998171874999 0.7167647859375 0.56363278125 0.71220043125 0.5966423437499999 0.7288470328125001 0.61999060625
6 0.3764224515625 0.3756849125 0.3646086734375 0.3896402015625 0.35037846250000004 0.4154037828125 0.3643402046875 0.42023444374999996 0.38555124375 0.3735379390625 0.3764224515625 0.3756849125
5 0.7616333203125001 0.5511520156249999 0.770194890625 0.5136302265625 0.770194890625 0.5021103734375 0.7616333203125001 0.4705130390625 0.7441809703125 0.4501064515625 0.710738184375 0.4162560359375 0.6468424640625 0.364769159375 0.5877319171875001 0.3279124390625 0.5286213703125 0.3009029046875 0.47204415781250003 0.281208465625 0.40308185312499994 0.26151403281249996 0.3586081953125 0.26151403281249996 0.3315862140625 0.2736120328125 0.30934940625 0.2955572890625 0.302030940625 0.315251728125 0.22823610625000001 0.510649503125 0.7066418875 0.7407358921875 0.761304009375 0.6459440171875 0.7728291734375 0.6258665125 0.767231296875 0.6024976703125 0.7616333203125001 0.5741917234375 0.7616333203125001 0.5511520156249999