4 0.5457982328125001 0.5741311515625 0.5964477484375 0.555721646875 0.60697225625 0.5826784703125 0.66091065 0.5662414078125 0.5694785015625 0.3394098953125 0.5293535953124999 0.35650444375 0.46620614531250004 0.37294150625 0.45239265937499995 0.3689966078125 0.41424112968750004 0.376886390625 0.3710526171875 0.397368421875 0.46357504374999997 0.6438242875 0.51159335625 0.614895046875 0.5563227921875 0.605032834375 0.5457982328125001 0.5741311515625
0 0.44674423281250003 0.3685699140625 0.4116099765625 0.284838846875 0.3472039328125 0.3110197375 0.363669796875 0.3579148390625 0.38069402812500003 0.39398093749999996 0.4109522015625 0.376886390625 0.44674423281250003 0.3685699140625
1 0.4083636234375 0.261362934375 0.41014645156249996 0.2545171578125 0.3285744859375 0.2908271234375 0.3391443390625 0.294995684375 0.34710333125 0.31210988125 0.4130804484375 0.2853004046875 0.40788294062499997 0.27049180625 0.4083636234375 0.261362934375
7 0.482767675 0.34395299375 0.46034493281250005 0.35534291875 0.4415980234375 0.36048674531249997 0.4485821625 0.3685699140625 0.48387041562500005 0.35571033124999996 0.49269248593750004 0.3564451671875 0.49930904531250003 0.3648957484375 0.525827196875 0.356709559375 0.5158504171875 0.33844174374999997 0.5059255765625 0.33256308125 0.482767675 0.34395299375
7 0.3530333578125 0.3297767640625 0.343801253125 0.3099605421875 0.29420549218750003 0.3325727234375 0.300914759375 0.3494339734375 0.3530333578125 0.3297767640625
7 0.528072575 0.2417919859375 0.4138718234375 0.2835375859375 0.421284415625 0.3028914421875 0.5757106234375 0.2491844328125 0.570054953125 0.23026845625 0.528072575 0.2417919859375
2 0.33670805000000004 0.2917120546875 0.3264824875 0.291333503125 0.28520145625 0.3083682828125 0.29391214374999997 0.33183841875 0.34579745625 0.31063958125 0.34201020625 0.3004187203125 0.33670805000000004 0.2917120546875
2 0.5643224250000001 0.20689656250000002 0.41060605156249996 0.2543560609375 0.4071515234375 0.2674646625 0.41191410937499995 0.28332018125 0.573752909375 0.22657223750000002 0.5643224250000001 0.20689656250000002
6 0.442839325 0.634951309375 0.43282063125 0.637240228125 0.45772423125 0.6798715921875 0.4803378359375 0.6873106390625 0.50753143125 0.6824466671875 0.520412609375 0.6698575140624999 0.5501824671875 0.6747214859375 0.5727960703125 0.6546933312500001 0.5831009859375 0.6449653875 0.6054284125 0.634665196875 0.6254657984375 0.62493723125 0.6477931375 0.62465111875 0.675559265625 0.629801203125 0.655521878125 0.5722918328125 0.6173561875 0.5804903421875001 0.6067518749999999 0.58351874375 0.5965263125 0.5555060125 0.54602271875 0.574905303125 0.5582750640625 0.6028248296875 0.552758684375 0.614923153125 0.4651666625 0.644679275 0.442839325 0.634951309375
6 0.4477055390625 0.35675635 0.502951484375 0.333867028125 0.5152601296875 0.32642800312500003 0.535297515625 0.318988978125 0.542739990625 0.30382480625 0.5401637734375 0.291235696875 0.5301450796875 0.284082784375 0.5052414359374999 0.284082784375 0.48005161406249997 0.28665781562500003 0.45743796562499994 0.3015358640625 0.442470309375 0.3286677 0.43511058281250004 0.33672819375 0.43511058281250004 0.346742271875 0.4477055390625 0.35675635
6 0.5853910265625 0.366484315625 0.5928335015624999 0.359045290625 0.5928335015624999 0.34388110625 0.5928335015624999 0.32900305625000004 0.5852478921875 0.3124083171875 0.5576248984375 0.3089749 0.5401637734375 0.324139084375 0.517622984375 0.3386880578125 0.527855084375 0.35675635 0.5753723328125 0.33901713437500003 0.5853910265625 0.366484315625
6 0.3367073640625 0.3959080703125 0.3430998203125 0.4022976 0.353917884375 0.4022976 0.36694867656249996 0.3961538171875 0.37334117187500004 0.3895185390625 0.3628334046875 0.3591448359375 0.3455584671875 0.3637146515625 0.33695320624999997 0.3701041828125 0.33056074999999996 0.378705478125 0.3367073640625 0.3959080703125
6 0.364981790625 0.43473678437499996 0.37358705 0.43891454999999996 0.386126121875 0.436702784375 0.3775208609375 0.40868715 0.37112840468749997 0.40672116875000003 0.3583434171875 0.40868715 0.3583434171875 0.41753419375 0.3583434171875 0.42392376093750006 0.364981790625 0.43473678437499996
5 0.3335564421875 0.3156254625 0.2946079578125 0.335090696875 0.487465615625 0.771008909375 0.7070004234375 0.694434334375 0.5722727390625 0.2308574078125 0.41585075156249995 0.282974034375 0.3335564421875 0.3156254625