4 0.4173215296875 0.60697225625 0.4337585921875 0.66091065 0.6605901046875 0.5694785015625 0.64349555625 0.5293535953124999 0.62705849375 0.46620614531250004 0.6310033921875 0.45239265937499995 0.623113609375 0.41424112968750004 0.602631578125 0.3710526171875 0.3561757125 0.46357504374999997 0.38510495312500004 0.51159335625 0.394967165625 0.5563227921875 0.4258688484375 0.5457982328125001 0.44427835312499997 0.5964477484375 0.4173215296875 0.60697225625
0 0.6889802625 0.3472039328125 0.6420851609375 0.363669796875 0.6060190624999999 0.38069402812500003 0.623113609375 0.4109522015625 0.6314300859374999 0.44674423281250003 0.7151611531250001 0.4116099765625 0.6889802625 0.3472039328125
1 0.7091728765624999 0.3285744859375 0.705004315625 0.3391443390625 0.6878901187500001 0.34710333125 0.7146995953124999 0.4130804484375 0.72950819375 0.40788294062499997 0.7386370656250001 0.4083636234375 0.7454828421874999 0.41014645156249996 0.7091728765624999 0.3285744859375
7 0.6395132546875 0.4415980234375 0.6314300859374999 0.4485821625 0.64428966875 0.48387041562500005 0.6435548328125 0.49269248593750004 0.6351042515625 0.49930904531250003 0.643290440625 0.525827196875 0.66155825625 0.5158504171875 0.66743691875 0.5059255765625 0.65604700625 0.482767675 0.64465708125 0.46034493281250005 0.6395132546875 0.4415980234375
7 0.6674272765625 0.29420549218750003 0.6505660265625 0.300914759375 0.6702232359375 0.3530333578125 0.6900394578125 0.343801253125 0.6674272765625 0.29420549218750003
7 0.6971085578125 0.421284415625 0.7508155671875001 0.5757106234375 0.7697315437500001 0.570054953125 0.7582080140625 0.528072575 0.7164624140625 0.4138718234375 0.6971085578125 0.421284415625
2 0.6916317171874999 0.28520145625 0.6681615812499999 0.29391214374999997 0.68936041875 0.34579745625 0.6995812796875 0.34201020625 0.7082879453125 0.33670805000000004 0.708666496875 0.3264824875 0.6916317171874999 0.28520145625
2 0.7325353375 0.4071515234375 0.7166798187500001 0.41191410937499995 0.7734277625 0.573752909375 0.7931034375 0.5643224250000001 0.7456439390625 0.41060605156249996 0.7325353375 0.4071515234375
6 0.3201284078125 0.45772423125 0.3126893609375 0.4803378359375 0.31755333281250003 0.50753143125 0.3301424859375 0.520412609375 0.32527851406249997 0.5501824671875 0.34530666875 0.5727960703125 0.3550346125 0.5831009859375 0.365334803125 0.6054284125 0.37506276875 0.6254657984375 0.37534888125 0.6477931375 0.370198796875 0.675559265625 0.4277081671875 0.655521878125 0.4195096578125 0.6173561875 0.41648125625 0.6067518749999999 0.4444939875 0.5965263125 0.425094696875 0.54602271875 0.3971751703125 0.5582750640625 0.385076846875 0.552758684375 0.355320725 0.4651666625 0.365048690625 0.442839325 0.362759771875 0.43282063125 0.3201284078125 0.45772423125
6 0.673571996875 0.5152601296875 0.6810110218750001 0.535297515625 0.69617519375 0.542739990625 0.7087643031249999 0.5401637734375 0.715917215625 0.5301450796875 0.715917215625 0.5052414359374999 0.713342184375 0.48005161406249997 0.6984641359375 0.45743796562499994 0.6713323 0.442470309375 0.66327180625 0.43511058281250004 0.653257728125 0.43511058281250004 0.64324365 0.4477055390625 0.666132971875 0.502951484375 0.673571996875 0.5152601296875
6 0.65611889375 0.5928335015624999 0.67099694375 0.5928335015624999 0.6875916828124999 0.5852478921875 0.6910251 0.5576248984375 0.6758609156250001 0.5401637734375 0.6613119421875 0.517622984375 0.64324365 0.527855084375 0.6609828656250001 0.5753723328125 0.633515684375 0.5853910265625 0.640954709375 0.5928335015624999 0.65611889375 0.5928335015624999
6 0.5977024 0.353917884375 0.6038461828125 0.36694867656249996 0.6104814609375 0.37334117187500004 0.6408551640625 0.3628334046875 0.6362853484375 0.3455584671875 0.6298958171875 0.33695320624999997 0.621294521875 0.33056074999999996 0.6040919296875 0.3367073640625 0.5977024 0.3430998203125 0.5977024 0.353917884375
6 0.563297215625 0.386126121875 0.59131285 0.3775208609375 0.5932788312499999 0.37112840468749997 0.59131285 0.3583434171875 0.58246580625 0.3583434171875 0.5760762390624999 0.3583434171875 0.565263215625 0.364981790625 0.56108545 0.37358705 0.563297215625 0.386126121875
5 0.22899109062499998 0.487465615625 0.305565665625 0.7070004234375 0.7691425921875 0.5722727390625 0.717025965625 0.41585075156249995 0.6843745375 0.3335564421875 0.664909303125 0.2946079578125 0.22899109062499998 0.487465615625