4 0.39302774375 0.4173215296875 0.33908934999999996 0.4337585921875 0.4305214984375 0.6605901046875 0.4706464046875 0.64349555625 0.5337938546875 0.62705849375 0.547607340625 0.6310033921875 0.5857588703125 0.623113609375 0.6289473828125 0.602631578125 0.5364249562500001 0.3561757125 0.48840664375 0.38510495312500004 0.44367720781250003 0.394967165625 0.45420176718749994 0.4258688484375 0.40355225156249996 0.44427835312499997 0.39302774375 0.4173215296875
0 0.6527960671875 0.6889802625 0.636330203125 0.6420851609375 0.619305971875 0.6060190624999999 0.5890477984375 0.623113609375 0.5532557671875 0.6314300859374999 0.5883900234375 0.7151611531250001 0.6527960671875 0.6889802625
1 0.6714255140625001 0.7091728765624999 0.6608556609375 0.705004315625 0.65289666875 0.6878901187500001 0.5869195515625 0.7146995953124999 0.592117059375 0.72950819375 0.5916363765625 0.7386370656250001 0.5898535484375 0.7454828421874999 0.6714255140625001 0.7091728765624999
7 0.5584019765625 0.6395132546875 0.5514178375000001 0.6314300859374999 0.516129584375 0.64428966875 0.5073075140625 0.6435548328125 0.5006909546875 0.6351042515625 0.474172803125 0.643290440625 0.4841495828125 0.66155825625 0.49407442343749997 0.66743691875 0.5172323249999999 0.65604700625 0.5396550671875 0.64465708125 0.5584019765625 0.6395132546875
7 0.7057945078125 0.6674272765625 0.699085240625 0.6505660265625 0.6469666421875 0.6702232359375 0.656198746875 0.6900394578125 0.7057945078125 0.6674272765625
7 0.578715584375 0.6971085578125 0.42428937656250004 0.7508155671875001 0.429945046875 0.7697315437500001 0.47192742499999996 0.7582080140625 0.5861281765624999 0.7164624140625 0.578715584375 0.6971085578125
2 0.71479854375 0.6916317171874999 0.70608785625 0.6681615812499999 0.6542025437500001 0.68936041875 0.65798979375 0.6995812796875 0.66329195 0.7082879453125 0.6735175124999999 0.708666496875 0.71479854375 0.6916317171874999
2 0.5928484765625 0.7325353375 0.588085890625 0.7166798187500001 0.426247090625 0.7734277625 0.435677575 0.7931034375 0.5893939484375 0.7456439390625 0.5928484765625 0.7325353375
6 0.5422757687499999 0.3201284078125 0.5196621640625 0.3126893609375 0.49246856875 0.31755333281250003 0.479587390625 0.3301424859375 0.4498175328125 0.32527851406249997 0.4272039296875 0.34530666875 0.41689901406249996 0.3550346125 0.3945715875 0.365334803125 0.3745342015625 0.37506276875 0.3522068625 0.37534888125 0.324440734375 0.370198796875 0.34447812187500004 0.4277081671875 0.3826438125 0.4195096578125 0.393248125 0.41648125625 0.4034736875 0.4444939875 0.45397728125 0.425094696875 0.4417249359375 0.3971751703125 0.447241315625 0.385076846875 0.5348333375000001 0.355320725 0.557160675 0.365048690625 0.56717936875 0.362759771875 0.5422757687499999 0.3201284078125
6 0.4847398703125 0.673571996875 0.46470248437499995 0.6810110218750001 0.457260009375 0.69617519375 0.4598362265625 0.7087643031249999 0.46985492031250004 0.715917215625 0.4947585640625 0.715917215625 0.5199483859375 0.713342184375 0.5425620343750001 0.6984641359375 0.557529690625 0.6713323 0.5648894171875 0.66327180625 0.5648894171875 0.653257728125 0.5522944609375 0.64324365 0.49704851562499996 0.666132971875 0.4847398703125 0.673571996875
6 0.4071664984375 0.65611889375 0.4071664984375 0.67099694375 0.4147521078125 0.6875916828124999 0.44237510156250004 0.6910251 0.4598362265625 0.6758609156250001 0.482377015625 0.6613119421875 0.47214491562500005 0.64324365 0.4246276671875 0.6609828656250001 0.4146089734375 0.633515684375 0.4071664984375 0.640954709375 0.4071664984375 0.65611889375
6 0.646082115625 0.5977024 0.6330513234375 0.6038461828125 0.626658828125 0.6104814609375 0.6371665953125001 0.6408551640625 0.6544415328125 0.6362853484375 0.66304679375 0.6298958171875 0.66943925 0.621294521875 0.6632926359375 0.6040919296875 0.6569001796875 0.5977024 0.646082115625 0.5977024
6 0.6138738781249999 0.563297215625 0.6224791390625 0.59131285 0.6288715953125 0.5932788312499999 0.6416565828125 0.59131285 0.6416565828125 0.58246580625 0.6416565828125 0.5760762390624999 0.635018209375 0.565263215625 0.62641295 0.56108545 0.6138738781249999 0.563297215625
5 0.512534384375 0.22899109062499998 0.29299957656250003 0.305565665625 0.4277272609375 0.7691425921875 0.5841492484375 0.717025965625 0.6664435578125001 0.6843745375 0.7053920421875 0.664909303125 0.512534384375 0.22899109062499998