5 0.65030755625 0.91399390625 0.6930675046875 0.89083226875 0.7554257640625 0.8765789515625 0.7474082734375 0.2886296546875 0.369695390625 0.08908322656249999 0.24943303437500003 0.4365078109375 0.32248128125000003 0.528263534375 0.48461275312499996 0.7073208203125 0.65030755625 0.91399390625
1 0.745649759375 0.8784626 0.6945127421875 0.890229459375 0.6856607578125 0.8954056937500001 0.6970599390625 0.9495518046875 0.7477862953125001 0.9290332781249999 0.745649759375 0.8784626
0 0.6625233046875 0.7630974359375 0.68543245 0.89436170625 0.74621779375 0.8795982234374999 0.7366468734375 0.7575671374999999 0.6625233046875 0.7630974359375
7 0.6476455984375 0.772834825 0.6426380296875001 0.7466841859375 0.6415252359375 0.7255411171875 0.6209385625 0.72721030625 0.6298409078125 0.7383382375 0.6354048734375 0.7778423937500001 0.6470892015625 0.7911959109375 0.666006684375 0.7900831187499999 0.6626683046874999 0.7756168078125001 0.6559915468749999 0.7783987906250001 0.6476455984375 0.772834825
4 0.639397159375 0.701382975 0.64680850625 0.7438297828125 0.6865602796875 0.734397159375 0.684539003125 0.7202482234375001 0.700709215625 0.7155319109375 0.7445035421874999 0.7189007046875 0.718226946875 0.5181205640625001 0.529574465625 0.5248581531250001 0.5518085078125 0.7135106343750001 0.5881914859374999 0.6986879390625 0.5807801390625 0.6434397125 0.639397159375 0.701382975
6 0.660283684375 0.48982269218749996 0.6023404218749999 0.49453900468749995 0.5969503515625 0.44333333125 0.5221631171875 0.45074467812499996 0.5302482234375 0.5228368765625 0.6616312015625 0.520141840625 0.660283684375 0.48982269218749996
6 0.6710638265625 0.5073404218750001 0.67241134375 0.5208155999999999 0.7202482234375001 0.5181205640625001 0.7189007046875 0.503971628125 0.6710638265625 0.5073404218750001
2 0.686032759375 0.896064328125 0.6501596734375 0.9134620203124999 0.6763430578125 0.9579582 0.6980328265625 0.9500709015625001 0.6959207765625 0.9293024015625001 0.686032759375 0.896064328125
2 0.7570115093750001 0.873919975 0.7450816359375 0.881869534375 0.7462579890625001 0.9296544093750001 0.7558753515625 0.93070254375 0.7570115093750001 0.873919975
6 0.475 0.309375 0.5625 0.2984375 0.6171875 0.2875 0.678125 0.3140625 0.678125 0.346875 0.74375 0.3953125 0.74375 0.3046875 0.371875 0.0953125 0.246875 0.4390625 0.284375 0.4796875 0.3328125 0.4515625 0.3328125 0.3421875 0.371875 0.309375 0.475 0.309375
6 0.52807818125 0.5489984453125001 0.4995505484375 0.5648471296875 0.510327653125 0.651063975 0.548364496875 0.6757879234375 0.52807818125 0.5489984453125001
6 0.5616773921875 0.7664424015625 0.5749902875 0.7689781906250001 0.5883031828124999 0.7708800328125001 0.6079555531249999 0.7822910859375 0.6193666062500001 0.7886305609375001 0.6301437109375 0.787362665625 0.6371171328125 0.78038924375 0.630777659375 0.7651745062499999 0.6301437109375 0.7423523999999999 0.6219023953125 0.7315752953125 0.6174647640625001 0.7138247671875 0.5509002875 0.7163605578125 0.5420250234374999 0.7246018734375 0.5375873921875 0.7398166109375001 0.5458287078125 0.760102928125 0.5616773921875 0.7664424015625