5 0.12342104843749999 0.7554257640625 0.7113703453125 0.7474082734375 0.9109167734374999 0.369695390625 0.5634921890625 0.24943303437500003 0.471736465625 0.32248128125000003 0.2926791796875 0.48461275312499996 0.08600609375 0.65030755625 0.10916773125000001 0.6930675046875 0.12342104843749999 0.7554257640625
1 0.10459430624999999 0.6856607578125 0.0504481953125 0.6970599390625 0.070966721875 0.7477862953125001 0.12153739999999999 0.745649759375 0.109770540625 0.6945127421875 0.10459430624999999 0.6856607578125
0 0.12040177656249999 0.74621779375 0.24243286249999998 0.7366468734375 0.2369025640625 0.6625233046875 0.10563829375 0.68543245 0.12040177656249999 0.74621779375
7 0.27445888281249997 0.6415252359375 0.27278969375 0.6209385625 0.2616617625 0.6298409078125 0.22215760625 0.6354048734375 0.20880408906249998 0.6470892015625 0.20991688125 0.666006684375 0.2243831921875 0.6626683046874999 0.221601209375 0.6559915468749999 0.22716517500000002 0.6476455984375 0.2533158140625 0.6426380296875001 0.27445888281249997 0.6415252359375
4 0.265602840625 0.6865602796875 0.2797517765625 0.684539003125 0.2844680890625 0.700709215625 0.2810992953125 0.7445035421874999 0.48187943593749993 0.718226946875 0.475141846875 0.529574465625 0.286489365625 0.5518085078125 0.3013120609375 0.5881914859374999 0.3565602875 0.5807801390625 0.298617025 0.639397159375 0.2561702171875 0.64680850625 0.265602840625 0.6865602796875
6 0.5566666687499999 0.5969503515625 0.549255321875 0.5221631171875 0.47716312343749995 0.5302482234375 0.479858159375 0.6616312015625 0.5101773078125 0.660283684375 0.5054609953125 0.6023404218749999 0.5566666687499999 0.5969503515625
6 0.48187943593749993 0.7202482234375001 0.49602837187500004 0.7189007046875 0.49265957812499994 0.6710638265625 0.4791844 0.67241134375 0.48187943593749993 0.7202482234375001
2 0.042041800000000004 0.6763430578125 0.0499290984375 0.6980328265625 0.0706975984375 0.6959207765625 0.103935671875 0.686032759375 0.0865379796875 0.6501596734375 0.042041800000000004 0.6763430578125
2 0.070345590625 0.7462579890625001 0.06929745625 0.7558753515625 0.12608002499999998 0.7570115093750001 0.118130465625 0.7450816359375 0.070345590625 0.7462579890625001
6 0.7125 0.6171875 0.6859375 0.678125 0.653125 0.678125 0.6046875 0.74375 0.6953125 0.74375 0.9046875 0.371875 0.5609375 0.246875 0.5203125 0.284375 0.5484375 0.3328125 0.6578125 0.3328125 0.690625 0.371875 0.690625 0.475 0.7015625 0.5625 0.7125 0.6171875
6 0.348936025 0.510327653125 0.3242120765625 0.548364496875 0.4510015546875 0.52807818125 0.4351528703125 0.4995505484375 0.348936025 0.510327653125
6 0.2291199671875 0.5883031828124999 0.2177089140625 0.6079555531249999 0.2113694390625 0.6193666062500001 0.21263733437500001 0.6301437109375 0.21961075624999998 0.6371171328125 0.23482549375 0.630777659375 0.2576476 0.6301437109375 0.2684247046875 0.6219023953125 0.2861752328125 0.6174647640625001 0.28363944218750003 0.5509002875 0.27539812656249996 0.5420250234374999 0.2601833890625 0.5375873921875 0.23989707187499998 0.5458287078125 0.2335575984375 0.5616773921875 0.231021809375 0.5749902875 0.2291199671875 0.5883031828124999