4 0.560546875 0.4677734375 0.552734375 0.4521484375 0.5614154375 0.393621375 0.4072265625 0.373046875 0.3984375 0.3837890625 0.3894776921875 0.431367259375 0.39453125 0.4482421875 0.37890625 0.4619140625 0.3759765625 0.48046875 0.3720703125 0.470703125 0.3134765625 0.47265625 0.2978515625 0.46875 0.2958984375 0.4609375 0.279296875 0.4697265625 0.26953125 0.5595703125 0.2802734375 0.568359375 0.3603515625 0.580078125 0.3720703125 0.580078125 0.3779296875 0.572265625 0.4596911875 0.5908111578125 0.521394703125 0.6046944484375001 0.524479878125 0.5823269234375 0.5390625 0.5322265625 0.556640625 0.5087890625 0.560546875 0.4677734375
0 0.39503684843750003 0.447493859375 0.391131246875 0.4303171234375 0.392578125 0.4248046875 0.3973801734375 0.3826907609375 0.3212890625 0.37109375 0.28618924687499997 0.3806944046875 0.19473819375 0.36722059375 0.191678021875 0.41507055 0.22369962187499998 0.41942014062500005 0.271619815625 0.43344017656249995 0.29817791875 0.4709166734375 0.3247360203125 0.47169742187499997 0.34192064375000003 0.4592052671875 0.382538934375 0.46076679374999996 0.39503684843750003 0.447493859375
6 0.279296875 0.4619140625 0.2890625 0.4599609375 0.2802734375 0.443359375 0.2626953125 0.4453125 0.248046875 0.4658203125 0.25 0.4970703125 0.240234375 0.5419921875 0.240234375 0.5810546875 0.2470703125 0.587890625 0.263671875 0.5888671875 0.27734375 0.5712890625 0.26953125 0.5615234375 0.2734375 0.4990234375 0.279296875 0.4619140625
1 0.16942222812500002 0.4175743265625 0.17578125 0.4130859375 0.1968290640625 0.41629709843749996 0.1974539984375 0.366953028125 0.1728515625 0.361328125 0.16942222812500002 0.4175743265625
3 0.19334720625 0.366107803125 0.198354759375 0.284595959375 0.19239503125 0.283383115625 0.1875881375 0.36602360312500004 0.19334720625 0.366107803125
3 0.149613665625 0.5985701125 0.15300858125 0.5992372406250001 0.17248239999999998 0.5410939796875 0.1858358765625 0.4687626515625 0.19195621875 0.41562694375 0.18416669218749998 0.41367956250000004 0.17509021875 0.507281196875 0.149613665625 0.5985701125
2 0.1741288546875 0.3616994015625 0.18806881875 0.36602360312500004 0.1914336671875 0.2838635859375 0.17797434843749999 0.282902646875 0.17749366718749998 0.3016409140625 0.1741288546875 0.3616994015625
2 0.184223325 0.4131094609375 0.1712446890625 0.41214854062499995 0.1582660890625 0.5164100953124999 0.13855783125 0.5966482328125 0.1476909375 0.5995310328125 0.1659571125 0.5399530328125 0.1741288546875 0.4991132734375 0.180858478125 0.45346881562499997 0.184223325 0.4131094609375
7 0.205866090625 0.368889778125 0.2097608546875 0.2865433421875 0.1980765625 0.28626514375 0.1925126140625 0.3652732109375 0.205866090625 0.368889778125
7 0.19473819375 0.482394325 0.19946755 0.4465068578125 0.20141493124999998 0.41562694375 0.1927908109375 0.41562694375 0.18889604843750002 0.44177750156249995 0.1819411125 0.48183792968750006 0.1752643734375 0.5168908046875 0.1683094390625 0.5516654828124999 0.151895790625 0.5995154390625 0.16636205625 0.605357584375 0.18110652031250002 0.5563948390625 0.1908434296875 0.5185599890625 0.19473819375 0.482394325
5 0.152645375 0.5979231 0.676107315625 0.7178055640625 0.681319596875 0.7133378953125 0.8220511859374999 0.49367747812499996 0.8481125921875 0.37379501406250004 0.1965774578125 0.28593084687500003 0.19136517656250002 0.41325942812500005 0.1809406140625 0.49144364375 0.152645375 0.5979231