4 0.393621375 0.4385845625 0.373046875 0.5927734375 0.3837890625 0.6015625 0.431367259375 0.6105223078125 0.4482421875 0.60546875 0.4619140625 0.62109375 0.48046875 0.6240234375 0.470703125 0.6279296875 0.47265625 0.6865234375 0.46875 0.7021484375 0.4609375 0.7041015625 0.4697265625 0.720703125 0.5595703125 0.73046875 0.568359375 0.7197265625 0.580078125 0.6396484375 0.580078125 0.6279296875 0.572265625 0.6220703125 0.5908111578125 0.5403088125 0.6046944484375001 0.478605296875 0.5823269234375 0.475520121875 0.5322265625 0.4609375 0.5087890625 0.443359375 0.4677734375 0.439453125 0.4521484375 0.447265625 0.393621375 0.4385845625
0 0.4248046875 0.607421875 0.3826907609375 0.6026198265625 0.37109375 0.6787109375 0.3806944046875 0.713810753125 0.36722059375 0.8052618062500001 0.41507055 0.808321978125 0.41942014062500005 0.776300378125 0.43344017656249995 0.728380184375 0.4709166734375 0.70182208125 0.47169742187499997 0.6752639796875 0.4592052671875 0.65807935625 0.46076679374999996 0.6174610656249999 0.447493859375 0.6049631515625 0.4303171234375 0.608868753125 0.4248046875 0.607421875
6 0.443359375 0.7197265625 0.4453125 0.7373046875 0.4658203125 0.751953125 0.4970703125 0.75 0.5419921875 0.759765625 0.5810546875 0.759765625 0.587890625 0.7529296875 0.5888671875 0.736328125 0.5712890625 0.72265625 0.5615234375 0.73046875 0.4990234375 0.7265625 0.4619140625 0.720703125 0.4599609375 0.7109375 0.443359375 0.7197265625
1 0.41629709843749996 0.8031709359375 0.366953028125 0.8025460015625001 0.361328125 0.8271484375 0.4175743265625 0.830577771875 0.4130859375 0.82421875 0.41629709843749996 0.8031709359375
3 0.283383115625 0.80760496875 0.36602360312500004 0.8124118625 0.366107803125 0.80665279375 0.284595959375 0.801645240625 0.283383115625 0.80760496875
3 0.5410939796875 0.8275176 0.4687626515625 0.8141641234374999 0.41562694375 0.80804378125 0.41367956250000004 0.8158333078125001 0.507281196875 0.82490978125 0.5985701125 0.850386334375 0.5992372406250001 0.8469914187500001 0.5410939796875 0.8275176
2 0.2838635859375 0.8085663328124999 0.282902646875 0.8220256515625 0.3016409140625 0.8225063328125 0.3616994015625 0.8258711453125 0.36602360312500004 0.81193118125 0.2838635859375 0.8085663328124999
2 0.5164100953124999 0.8417339109374999 0.5966482328125 0.86144216875 0.5995310328125 0.8523090625 0.5399530328125 0.8340428875000001 0.4991132734375 0.8258711453125 0.45346881562499997 0.819141521875 0.4131094609375 0.8157766750000001 0.41214854062499995 0.8287553109375001 0.5164100953124999 0.8417339109374999
7 0.28626514375 0.8019234375 0.3652732109375 0.8074873859375 0.368889778125 0.794133909375 0.2865433421875 0.7902391453125001 0.28626514375 0.8019234375
7 0.41562694375 0.79858506875 0.41562694375 0.8072091890624999 0.44177750156249995 0.8111039515625 0.48183792968750006 0.8180588875 0.5168908046875 0.8247356265624999 0.5516654828124999 0.8316905609375 0.5995154390625 0.848104209375 0.605357584375 0.83363794375 0.5563948390625 0.8188934796874999 0.5185599890625 0.8091565703124999 0.482394325 0.8052618062500001 0.4465068578125 0.8005324500000001 0.41562694375 0.79858506875
5 0.7133378953125 0.318680403125 0.49367747812499996 0.17794881406250002 0.37379501406250004 0.1518874078125 0.28593084687500003 0.8034225421875 0.41325942812500005 0.8086348234375 0.49144364375 0.8190593859374999 0.5979231 0.847354625 0.7178055640625 0.32389268437499996 0.7133378953125 0.318680403125