5 0.35497534062499997 0.668371121875 0.5420276234375 0.657642490625 0.754908953125 0.6538948015625 0.735745459375 0.326436859375 0.24416038125 0.35558524999999996 0.25832473437500003 0.605044834375 0.27373882968749996 0.6366916609375 0.302067471875 0.662508809375 0.35497534062499997 0.668371121875
0 0.367864740625 0.58656184375 0.3728012671875 0.6632396765624999 0.442284140625 0.6609235796874999 0.4399361203125 0.5832306015625 0.367864740625 0.58656184375
1 0.3728012671875 0.6646293328125 0.364762121875 0.685437225 0.45269513281249996 0.6766992328125 0.4436737984375 0.6609235796874999 0.3728012671875 0.6646293328125
4 0.425168759375 0.3922224265625 0.40058946874999996 0.3909732125 0.3893413484375 0.4092950484375 0.389757971875 0.43219735625 0.40892141875 0.4480207640625 0.41933635625 0.44718796562499996 0.41891979687500003 0.48674649687500005 0.3430990015625 0.4888285234375 0.3510143921875 0.588349453125 0.45766334531249997 0.5804377406250001 0.4592708421875 0.587916665625 0.5318177125 0.58376899375 0.53056790625 0.5533713812500001 0.5668118765625 0.549207325 0.55972973125 0.36640526093750003 0.425168759375 0.3780646296875 0.425168759375 0.3922224265625
6 0.60763844375 0.6030215515624999 0.6088882484375 0.5659614640624999 0.5480649890625 0.5713747328125 0.5419002984375 0.6054703 0.60763844375 0.6030215515624999
6 0.6055554562500001 0.437161590625 0.565562103125 0.4413256453125 0.5707291765625 0.48375 0.6068052609375 0.47755293437499996 0.6055554562500001 0.437161590625
6 0.5209861515624999 0.34097190781250003 0.4664118859375 0.3451359625 0.46724509999999997 0.37386793906250004 0.5222359562500001 0.3701202984375 0.5202083421875 0.3670833328125 0.5209861515624999 0.34097190781250003
6 0.7005396984375001 0.3734515390625 0.710312509375 0.37385416562499996 0.718453371875 0.3692874828125 0.7155372015625 0.35971015781250004 0.7097048296875 0.3547132875 0.697623496875 0.35637890156249996 0.6951239171875 0.3659562421875 0.7005396984375001 0.3734515390625
2 0.7551139640625 0.652573821875 0.543738853125 0.6591356421875 0.44144698125000004 0.6633742515625001 0.450195521875 0.6766992328125 0.75678034375 0.67057715 0.7551139640625 0.652573821875
2 0.2576965140625 0.6013885734375 0.2531139796875 0.493441615625 0.20247330937500002 0.49389717656250004 0.20395546250000002 0.5367478015625 0.20955551875 0.583007978125 0.21247168749999998 0.6050774703124999 0.222285728125 0.623360159375 0.2339504703125 0.6475116796875 0.24644839531249998 0.6604202546875 0.2720451421875 0.6783648546875 0.3081048375 0.683696184375 0.365000009375 0.6858333328125 0.37559361875 0.6675970515625 0.32976789375000004 0.6688462656249999 0.3072716546875 0.6659314390625 0.2868583390625 0.6521900421875 0.26769489218750003 0.6284549359375 0.2576965140625 0.6013885734375
7 0.41933635625 0.4688149265625 0.251864175 0.472146184375 0.2522807984375 0.49255006406249996 0.419687509375 0.48687500000000006 0.41933635625 0.4688149265625
2 0.24439635312500002 0.353503221875 0.1906553015625 0.3543360515625 0.19815406875 0.472178828125 0.251500009375 0.47125000000000006 0.24439635312500002 0.353503221875