5 0.645024659375 0.33162887812499997 0.4579723765625 0.342357509375 0.245091046875 0.3461051984375 0.264254540625 0.673563140625 0.7558396187499999 0.6444147499999999 0.741675265625 0.394955165625 0.7262611703124999 0.3633083390625 0.6979325281250001 0.337491190625 0.645024659375 0.33162887812499997
0 0.632135259375 0.41343815624999997 0.6271987328125 0.3367603234375 0.557715859375 0.33907642031249996 0.5600638796874999 0.4167693984375 0.632135259375 0.41343815624999997
1 0.6271987328125 0.33537066718749997 0.635237878125 0.314562775 0.5473048671875 0.3233007671875 0.5563262015625 0.33907642031249996 0.6271987328125 0.33537066718749997
4 0.574831240625 0.6077775734374999 0.59941053125 0.6090267875 0.6106586515625 0.5907049515625 0.610242028125 0.56780264375 0.59107858125 0.5519792359375 0.58066364375 0.552812034375 0.581080203125 0.513253503125 0.6569009984374999 0.5111714765625 0.6489856078125 0.41165054687499997 0.5423366546875 0.41956225937499997 0.5407291578125 0.412083334375 0.4681822875 0.41623100625 0.46943209374999995 0.44662861875 0.4331881234375 0.45079267500000003 0.44027026874999997 0.6335947390625 0.574831240625 0.6219353703125 0.574831240625 0.6077775734374999
6 0.39236155625 0.39697844843749996 0.3911117515625 0.4340385359375 0.4519350109375 0.42862526718750005 0.4580997015625 0.3945297 0.39236155625 0.39697844843749996
6 0.39444454375000004 0.5628384093750001 0.434437896875 0.5586743546874999 0.42927082343749995 0.51625 0.3931947390625 0.522447065625 0.39444454375000004 0.5628384093750001
6 0.47901384843750006 0.6590280921875 0.5335881140625001 0.6548640375 0.5327549 0.6261320609375 0.47776404375 0.6298797015625001 0.4797916578125 0.6329166671875 0.47901384843750006 0.6590280921875
6 0.29946030156250003 0.6265484609375 0.289687490625 0.626145834375 0.281546628125 0.6307125171875 0.2844627984375 0.6402898421875001 0.29029517031249996 0.6452867125 0.302376503125 0.6436210984375 0.3048760828125 0.6340437578125 0.29946030156250003 0.6265484609375
2 0.24488603593749997 0.347426178125 0.456261146875 0.3408643578125 0.55855301875 0.33662574843750004 0.549804478125 0.3233007671875 0.24321965625000003 0.32942285 0.24488603593749997 0.347426178125
2 0.7423034859375 0.3986114265625 0.7468860203125 0.506558384375 0.797526690625 0.5061028234375 0.7960445375 0.4632521984375 0.79044448125 0.41699202187499995 0.7875283125 0.39492252968749997 0.7777142718750001 0.376639840625 0.7660495296875001 0.3524883203125 0.7535516046875 0.3395797453125 0.7279548578124999 0.32163514531250004 0.6918951625 0.316303815625 0.634999990625 0.31416666718749997 0.62440638125 0.3324029484375 0.6702321062500001 0.331153734375 0.6927283453124999 0.3340685609375 0.7131416609375 0.3478099578125 0.7323051078125 0.3715450640625 0.7423034859375 0.3986114265625
7 0.58066364375 0.5311850734375 0.7481358250000001 0.527853815625 0.7477192015624999 0.5074499359375 0.580312490625 0.5131249999999999 0.58066364375 0.5311850734375
2 0.755603646875 0.6464967781250001 0.8093446984374999 0.6456639484375 0.8018459312499999 0.527821171875 0.748499990625 0.5287499999999999 0.755603646875 0.6464967781250001