5 0.7568988828125 0.23644169062499998 0.5700609734375 0.2684918703125 0.1765585234375 0.764297796875 0.8227212359375 0.6646371765625 0.7568988828125 0.23644169062499998
3 0.785355640625 0.2328663421875 0.759999990625 0.2360416671875 0.8061504921875 0.5584464765625 0.829140984375 0.553255075 0.785355640625 0.2328663421875
0 0.8074353203125 0.5594915031250001 0.7162004296875 0.5649047734375 0.7278651734375 0.6340280921875 0.8161838296875 0.6227851546875 0.8074353203125 0.5594915031250001
1 0.8649257234375 0.5370055953125 0.8073958234375 0.5599999999999999 0.8157672703125 0.6223687390625 0.8765904656249999 0.6232015859375 0.8649257234375 0.5370055953125
2 0.854927409375 0.5411043796875 0.8078518796875 0.232482575 0.782022846875 0.2337317890625 0.8290983765625001 0.550681721875 0.8307647421875 0.550681721875 0.854927409375 0.5411043796875
2 0.85064821875 0.6622745078125 0.8684473109375 0.6593079921875 0.8686751390625 0.62614903125 0.8411796796875001 0.62489981875 0.85064821875 0.6622745078125
7 0.7332809203124999 0.5624063453125 0.7516112171875 0.561157115625 0.7499448203125 0.5349235671875 0.7470286515625 0.51701813125 0.7428626765625 0.504109571875 0.7374468953125 0.49286660312499997 0.7307813421875 0.48578771249999997 0.7220328015625 0.4841220921875 0.7137008515625001 0.48495489843749995 0.7057854921875 0.4874533484375 0.70661870625 0.5045259640624999 0.71911663125 0.5036931484375 0.7266153671875 0.5078572046875001 0.73161455625 0.5332579546875 0.7332809203124999 0.5624063453125
6 0.543729059375 0.55366181875 0.5674751359375 0.5498162546875001 0.566641921875 0.5264975484375001 0.5653921484375 0.5070243984375 0.5753904953125 0.5045259640624999 0.57039130625 0.452377390625 0.5187332109375 0.45612501562499996 0.5258153875 0.528163178125 0.5424792875 0.5273303796875 0.543729059375 0.55366181875
4 0.5733075078125001 0.5802791468749999 0.6028859234375 0.5806955453125 0.6153838484375 0.6593962078125 0.7282817640625 0.646071240625 0.708285071875 0.5477995140624999 0.7007863359375001 0.46993166718749996 0.6924543859375001 0.41538253437500006 0.564687490625 0.4329166671875 0.5762236781250001 0.505742540625 0.5653921484375 0.50657535625 0.5733075078125001 0.5802791468749999
6 0.43758295625 0.6125407890625 0.420085875 0.6133735875 0.42091905625 0.602963446875 0.3855208234375 0.6032291671875 0.385091678125 0.6229509281250001 0.4363331828125 0.623367328125 0.43758295625 0.6125407890625
3 0.8246912125 0.663757765625 0.8476817046875 0.6622745078125 0.8395237874999999 0.62296818125 0.8165332953125001 0.62296818125 0.8246912125 0.663757765625
6 0.731245984375 0.5621546203125 0.72827946875 0.514690378125 0.7186382953125 0.5050492046875 0.7052889765625 0.5050492046875 0.7131462984375 0.5650505703125 0.731245984375 0.5621546203125
6 0.41234560625 0.691939659375 0.3989962875 0.6630161359375 0.3834220828125 0.6214849234375001 0.3834220828125 0.588111628125 0.37823068125 0.55696321875 0.37081439375 0.5213650375000001 0.31370897656249996 0.594044659375 0.17650765156249998 0.7646192796875 0.4383026140625 0.7230880671875 0.422728409375 0.70973875 0.41234560625 0.691939659375