5 0.764297796875 0.8234414765625001 0.6646371765625 0.1772787640625 0.23644169062499998 0.2431011171875 0.2684918703125 0.4299390265625 0.764297796875 0.8234414765625001
3 0.5584464765625 0.19384950781250002 0.553255075 0.170859015625 0.2328663421875 0.21464435937499998 0.2360416671875 0.24000000937500002 0.5584464765625 0.19384950781250002
0 0.6340280921875 0.2721348265625 0.6227851546875 0.1838161703125 0.5594915031250001 0.1925646796875 0.5649047734375 0.28379957031249997 0.6340280921875 0.2721348265625
1 0.6223687390625 0.18423272968749999 0.6232015859375 0.12340953437499999 0.5370055953125 0.13507427656249998 0.5599999999999999 0.1926041765625 0.6223687390625 0.18423272968749999
2 0.2337317890625 0.21797715312500002 0.550681721875 0.17090162343749998 0.550681721875 0.16923525781249998 0.5411043796875 0.145072590625 0.232482575 0.1921481203125 0.2337317890625 0.21797715312500002
2 0.62614903125 0.1313248609375 0.62489981875 0.15882032031249999 0.6622745078125 0.14935178124999998 0.6593079921875 0.1315526890625 0.62614903125 0.1313248609375
7 0.5349235671875 0.2500551796875 0.51701813125 0.2529713484375 0.504109571875 0.2571373234375 0.49286660312499997 0.2625531046875 0.48578771249999997 0.2692186578125 0.4841220921875 0.2779671984375 0.48495489843749995 0.28629914843750004 0.4874533484375 0.29421450781249997 0.5045259640624999 0.29338129375 0.5036931484375 0.28088336875 0.5078572046875001 0.2733846328125 0.5332579546875 0.26838544375 0.5624063453125 0.26671907968749997 0.561157115625 0.2483887828125 0.5349235671875 0.2500551796875
6 0.5264975484375001 0.43335807812500005 0.5070243984375 0.4346078515625 0.5045259640624999 0.42460950468750003 0.452377390625 0.42960869375 0.45612501562499996 0.4812667890625 0.528163178125 0.47418461250000005 0.5273303796875 0.45752071250000004 0.55366181875 0.45627094062499995 0.5498162546875001 0.4325248640625 0.5264975484375001 0.43335807812500005
4 0.6593962078125 0.3846161515625 0.646071240625 0.2717182359375 0.5477995140624999 0.291714928125 0.46993166718749996 0.2992136640625 0.41538253437500006 0.30754561406250003 0.4329166671875 0.435312509375 0.505742540625 0.423776321875 0.50657535625 0.4346078515625 0.5802791468749999 0.4266924921875 0.5806955453125 0.3971140765625 0.6593962078125 0.3846161515625
6 0.602963446875 0.57908094375 0.6032291671875 0.6144791765625001 0.6229509281250001 0.614908321875 0.623367328125 0.5636668171875 0.6125407890625 0.56241704375 0.6133735875 0.579914125 0.602963446875 0.57908094375
3 0.62296818125 0.1604762125 0.62296818125 0.18346670468749998 0.663757765625 0.1753087875 0.6622745078125 0.15231829531250002 0.62296818125 0.1604762125
6 0.5050492046875 0.2813617046875 0.5050492046875 0.2947110234375 0.5650505703125 0.2868537015625 0.5621546203125 0.268754015625 0.514690378125 0.27172053125 0.5050492046875 0.2813617046875
6 0.6214849234375001 0.6165779171875 0.588111628125 0.6165779171875 0.55696321875 0.62176931875 0.5213650375000001 0.62918560625 0.594044659375 0.6862910234374999 0.7646192796875 0.8234923484375001 0.7230880671875 0.5616973859375001 0.70973875 0.577271590625 0.691939659375 0.5876543937500001 0.6630161359375 0.6010037125000001 0.6214849234375001 0.6165779171875