5 0.2672956578125 0.6932625109375 0.7812851515625 0.6138382296875 0.737753265625 0.308061234375 0.220874821875 0.388368025 0.2672956578125 0.6932625109375
0 0.37574600625 0.44278140156249995 0.23425163906250002 0.46501892656250005 0.2423936640625 0.53106248125 0.36503349375 0.5128267734375 0.361909025 0.5021192109375 0.3864585203125 0.4972115640625 0.37574600625 0.44278140156249995
1 0.208363084375 0.5435760828125 0.24228601562500002 0.532868503125 0.233370525 0.4660714296875 0.1945260859375 0.462377025 0.208363084375 0.5435760828125
2 0.2311271546875 0.7020288531250001 0.26862093593749997 0.694979890625 0.2428571328125 0.5324776796874999 0.20791671875 0.543646015625 0.2311271546875 0.7020288531250001
2 0.1942686359375 0.463041325 0.2322087640625 0.463933609375 0.21997766875 0.3857142859375 0.186234275 0.3925497953125 0.1942686359375 0.463041325
6 0.25234373906249996 0.5693080359375 0.26077545625 0.6290786296875 0.28130775468749997 0.6299709140624999 0.2969301609375 0.6121249609375 0.2830931796875 0.5666177921875 0.25234373906249996 0.5693080359375
7 0.378376296875 0.5706863609374999 0.3583960296875 0.5675644453124999 0.3496546640625 0.5151162453125 0.33109312343749997 0.517703359375 0.3377913796875 0.5638181453125 0.3396645296875 0.573808278125 0.34400542968750003 0.589879434375 0.3796250625 0.586920328125 0.378376296875 0.5706863609374999
4 0.57460041875 0.609351565625 0.56120981875 0.5272601906250001 0.5420165640625 0.5285986328125001 0.538892096875 0.5156603093750001 0.5076472843750001 0.519229496875 0.4991665421875 0.46881468281250005 0.49559569375 0.4496302859375 0.4795269390625 0.448737984375 0.472831621875 0.4103691875 0.4183763921875 0.40769230156249997 0.370089275 0.4270089296875 0.3875779265625 0.49781435625 0.360796659375 0.5009374015625 0.3737409453125 0.5647366828125 0.3898097 0.6401358421875 0.57460041875 0.609351565625
6 0.5045227828125001 0.6401358421875 0.5018446625 0.6191668781249999 0.43935503750000005 0.62630521875 0.44694304999999995 0.644151171875 0.5045227828125001 0.6401358421875
6 0.3496546640625 0.515740628125 0.3590204125 0.568188828125 0.37400561250000003 0.570061978125 0.363391096875 0.5113699453125 0.3496546640625 0.515740628125
6 0.365264246875 0.6156419609375 0.3758787625 0.63125154375 0.3846201296875 0.6356222265625 0.3808738296875 0.58816909375 0.3434108296875 0.58816909375 0.365264246875 0.6156419609375