5 0.3067374890625 0.2672956578125 0.3861617703125 0.7812851515625 0.691938765625 0.737753265625 0.611631975 0.220874821875 0.3067374890625 0.2672956578125
0 0.5572185984375 0.37574600625 0.5349810734375 0.23425163906250002 0.46893751874999995 0.2423936640625 0.4871732265625 0.36503349375 0.4978807890625 0.361909025 0.5027884359375 0.3864585203125 0.5572185984375 0.37574600625
1 0.45642391718750003 0.208363084375 0.467131496875 0.24228601562500002 0.5339285703125001 0.233370525 0.537622975 0.1945260859375 0.45642391718750003 0.208363084375
2 0.29797114687500004 0.2311271546875 0.305020109375 0.26862093593749997 0.4675223203125 0.2428571328125 0.456353984375 0.20791671875 0.29797114687500004 0.2311271546875
2 0.5369586749999999 0.1942686359375 0.536066390625 0.2322087640625 0.6142857140625 0.21997766875 0.6074502046875 0.186234275 0.5369586749999999 0.1942686359375
6 0.4306919640625 0.25234373906249996 0.3709213703125 0.26077545625 0.3700290859375 0.28130775468749997 0.3878750390625 0.2969301609375 0.43338220781250003 0.2830931796875 0.4306919640625 0.25234373906249996
7 0.42931363906250003 0.378376296875 0.4324355546875 0.3583960296875 0.4848837546875 0.3496546640625 0.482296640625 0.33109312343749997 0.4361818546875 0.3377913796875 0.426191721875 0.3396645296875 0.41012056562500004 0.34400542968750003 0.413079671875 0.3796250625 0.42931363906250003 0.378376296875
4 0.39064843437499996 0.57460041875 0.472739809375 0.56120981875 0.4714013671875 0.5420165640625 0.484339690625 0.538892096875 0.480770503125 0.5076472843750001 0.5311853171875 0.4991665421875 0.5503697140625 0.49559569375 0.551262015625 0.4795269390625 0.5896308125 0.472831621875 0.5923076984375 0.4183763921875 0.5729910703125001 0.370089275 0.5021856437500001 0.3875779265625 0.4990625984375 0.360796659375 0.43526331718750005 0.3737409453125 0.35986415781250003 0.3898097 0.39064843437499996 0.57460041875
6 0.35986415781250003 0.5045227828125001 0.38083312187499996 0.5018446625 0.37369478125 0.43935503750000005 0.35584882812499996 0.44694304999999995 0.35986415781250003 0.5045227828125001
6 0.484259371875 0.3496546640625 0.431811171875 0.3590204125 0.42993802187499996 0.37400561250000003 0.4886300546875 0.363391096875 0.484259371875 0.3496546640625
6 0.3843580390625 0.365264246875 0.36874845624999997 0.3758787625 0.3643777734375 0.3846201296875 0.41183090624999996 0.3808738296875 0.41183090624999996 0.3434108296875 0.3843580390625 0.365264246875