5 0.47098214218749995 0.9393005953125 0.656994046875 0.7451041671875 0.637648809375 0.05772321406249999 0.4613095234375 0.0830208328125 0.344494046875 0.10565476250000001 0.47098214218749995 0.9393005953125
3 0.63511029375 0.03676470625 0.46139705937500003 0.0592830875 0.4641544125 0.08042279375 0.635569853125 0.0579044125 0.63511029375 0.03676470625
2 0.63511029375 0.0376838234375 0.6337316171875 0.010569853125 0.4678308828125 0.034007353125 0.4623161765625 0.059742646875000006 0.63511029375 0.0376838234375
2 0.3372093015625 0.053779070312499996 0.34047965156250004 0.078125 0.40654481093749995 0.0683962265625 0.39462209375 0.0446947671875 0.3372093015625 0.053779070312499996
3 0.41067217031250003 0.0916863203125 0.40801886718749997 0.0689858484375 0.34080188749999996 0.078714621875 0.34522405625 0.10318396249999999 0.41067217031250003 0.0916863203125
1 0.41037735781249995 0.091391509375 0.46521226406249994 0.083726415625 0.46108490625 0.058372642187500004 0.4703889671875 0.033230221875 0.3947523578125 0.0442216984375 0.40713443437499997 0.065742925 0.41037735781249995 0.091391509375
0 0.491450471875 0.1736438671875 0.4908608484375 0.1674528296875 0.488207546875 0.14946933906249998 0.46521226406249994 0.0831367921875 0.41067217031250003 0.0919811328125 0.40978773593750006 0.11733490625000001 0.42482311250000004 0.1161556609375 0.4307193390625 0.1176297171875 0.43307782968749997 0.1214622640625 0.44044811250000004 0.1816037734375 0.491450471875 0.1736438671875
7 0.50766509375 0.20017688749999998 0.5250589625 0.199882075 0.5250589625 0.1936910375 0.52329009375 0.1824882078125 0.5221108484375 0.172464621875 0.5185731125 0.1621462265625 0.5129716984375 0.156839621875 0.503832546875 0.1521226421875 0.48911388437500003 0.1515338953125 0.49027122656250005 0.16715801875 0.4908608484375 0.16715801875 0.49646226406249994 0.1674528296875 0.5011792453125 0.1706957546875 0.50471698125 0.175707546875 0.5064858484375 0.182193396875 0.5082547171875 0.1916273578125 0.50766509375 0.20017688749999998
4 0.580483490625 0.21137971718749998 0.5330188671875 0.21609669843749998 0.53125 0.2034198109375 0.53596698125 0.203125 0.5347877359375001 0.1987028296875 0.49911556562500003 0.200766509375 0.494398584375 0.17393867968750001 0.49233490625 0.17393867968750001 0.4425117921875 0.178950471875 0.4425117921875 0.18543632031249999 0.3997641515625 0.1886792453125 0.40625 0.23573702812500003 0.40094339687499997 0.23691627343750002 0.418632075 0.3678125 0.5987028296875 0.34186910312499996 0.580483490625 0.21137971718749998
6 0.5283363484375 0.5464791640625 0.47434577187500004 0.53799493125 0.40955708125 0.5133135249999999 0.469718009375 0.937525190625 0.6586850234375 0.7454729999999999 0.652514671875 0.4894034125 0.623205503125 0.5002015281250001 0.5823269234375 0.5194838765625 0.5283363484375 0.5464791640625
6 0.42347686093750003 0.1194470671875 0.41016396562499996 0.1194470671875 0.41016396562499996 0.1264204890625 0.41903922812500005 0.1574839109375 0.41016396562499996 0.1619215421875 0.3943152796875 0.1682610171875 0.3898776484375 0.1771362796875 0.3854400171875 0.201860228125 0.37466291093750004 0.2303878609375 0.383538175 0.246236546875 0.40382449062500003 0.255111809375 0.39938685937499996 0.1923510171875 0.4412273875 0.1834757546875 0.43425396562499996 0.13719759375 0.43235212343749996 0.12134890937500001 0.42347686093750003 0.1194470671875
6 0.48557802343749995 0.42373786874999997 0.5145197593749999 0.4147337734375 0.5460340953125 0.392223534375 0.5640422859374999 0.378717390625 0.5595402390624999 0.3472030546875 0.42254935312499997 0.36971329375 0.42898085 0.3877214859375 0.446989040625 0.40122762968750003 0.463067784375 0.4218084203125 0.48557802343749995 0.42373786874999997