5 0.9169791671875 0.4613095234375 0.8943452375 0.344494046875 0.0606994046875 0.47098214218749995 0.2548958328125 0.656994046875 0.9422767859375 0.637648809375 0.9169791671875 0.4613095234375
3 0.91957720625 0.4641544125 0.9420955875000001 0.635569853125 0.96323529375 0.63511029375 0.9407169124999999 0.46139705937500003 0.91957720625 0.4641544125
2 0.965992646875 0.4678308828125 0.940257353125 0.4623161765625 0.9623161765624999 0.63511029375 0.989430146875 0.6337316171875 0.965992646875 0.4678308828125
2 0.9316037734375 0.40654481093749995 0.9553052328125 0.39462209375 0.9462209296875 0.3372093015625 0.921875 0.34047965156250004 0.9316037734375 0.40654481093749995
3 0.9212853781250001 0.34080188749999996 0.8968160375 0.34522405625 0.9083136796875 0.41067217031250003 0.9310141515625 0.40801886718749997 0.9212853781250001 0.34080188749999996
1 0.9557783015625001 0.3947523578125 0.934257075 0.40713443437499997 0.908608490625 0.41037735781249995 0.916273584375 0.46521226406249994 0.9416273578125001 0.46108490625 0.966769778125 0.4703889671875 0.9557783015625001 0.3947523578125
0 0.8785377359375 0.43307782968749997 0.8183962265625 0.44044811250000004 0.8263561328125 0.491450471875 0.8325471703125 0.4908608484375 0.8505306609375 0.488207546875 0.9168632078125001 0.46521226406249994 0.9080188671875 0.41067217031250003 0.88266509375 0.40978773593750006 0.8838443390625 0.42482311250000004 0.8823702828125001 0.4307193390625 0.8785377359375 0.43307782968749997
7 0.817806603125 0.5064858484375 0.8083726421874999 0.5082547171875 0.7998231125 0.50766509375 0.800117925 0.5250589625 0.8063089625 0.5250589625 0.8175117921874999 0.52329009375 0.8275353781250001 0.5221108484375 0.8378537734375 0.5185731125 0.8431603781250001 0.5129716984375 0.8478773578125001 0.503832546875 0.8484661046875001 0.48911388437500003 0.83284198125 0.49027122656250005 0.83284198125 0.4908608484375 0.8325471703125 0.49646226406249994 0.8293042453125 0.5011792453125 0.8242924531250001 0.50471698125 0.817806603125 0.5064858484375
4 0.6321875 0.418632075 0.658130896875 0.5987028296875 0.7886202828125 0.580483490625 0.7839033015625 0.5330188671875 0.7965801890625 0.53125 0.796875 0.53596698125 0.8012971703125 0.5347877359375001 0.799233490625 0.49911556562500003 0.8260613203125 0.494398584375 0.8260613203125 0.49233490625 0.8210495281249999 0.4425117921875 0.8145636796875 0.4425117921875 0.8113207546875 0.3997641515625 0.764262971875 0.40625 0.7630837265625 0.40094339687499997 0.6321875 0.418632075
6 0.499798471875 0.623205503125 0.48051612343750005 0.5823269234375 0.4535208359375 0.5283363484375 0.46200506875 0.47434577187500004 0.48668647500000006 0.40955708125 0.062474809374999996 0.469718009375 0.254527 0.6586850234375 0.5105965875 0.652514671875 0.499798471875 0.623205503125
6 0.8628024062499999 0.43425396562499996 0.8786510906249999 0.43235212343749996 0.8805529328125001 0.42347686093750003 0.8805529328125001 0.41016396562499996 0.8735795109375 0.41016396562499996 0.8425160890625 0.41903922812500005 0.8380784578125 0.41016396562499996 0.8317389828125 0.3943152796875 0.8228637203125 0.3898776484375 0.7981397718750001 0.3854400171875 0.7696121390624999 0.37466291093750004 0.753763453125 0.383538175 0.744888190625 0.40382449062500003 0.8076489828125 0.39938685937499996 0.8165242453125 0.4412273875 0.8628024062499999 0.43425396562499996
6 0.5987723703125 0.446989040625 0.5781915796875 0.463067784375 0.57626213125 0.48557802343749995 0.5852662265624999 0.5145197593749999 0.607776465625 0.5460340953125 0.621282609375 0.5640422859374999 0.6527969453125 0.5595402390624999 0.6302867062499999 0.42254935312499997 0.6122785140625 0.42898085 0.5987723703125 0.446989040625