5 0.8313802078125001 0.4876302078125 0.8379427078124999 0.4440104171875 0.84640625 0.36559895781249996 0.8457552078124999 0.29528645781249996 0.8425 0.244140625 0.156640625 0.26598958281249996 0.6784375 0.7578125 0.715546875 0.71875 0.7539583328125 0.6614583328125 0.7943229171875 0.5885416671875 0.8236197921875 0.517578125 0.8313802078125001 0.4876302078125
2 0.6832386359375 0.7649147734375 0.7123579546875 0.7347301140625 0.73828125 0.7024147734375 0.7610085234375 0.6644176140625 0.7830255687500001 0.6253551140625 0.8004261359375 0.5926846593749999 0.7919034093749999 0.5912642046875 0.7787642046875 0.6182528406250001 0.7613636359375 0.6495028406250001 0.7389914765625 0.6825284093749999 0.7141335234375 0.7173295453125 0.6775568187500001 0.7574573859375 0.6832386359375 0.7649147734375
3 0.6977982953125 0.7790696015624999 0.7354403406250001 0.73828125 0.7560369312499999 0.7088068187500001 0.7808948859375 0.6704545453125 0.8039772734374999 0.6303267046875 0.8203125 0.5969460234375 0.8011363640625 0.5933948859375 0.7879971593749999 0.6150568187500001 0.7599431812499999 0.6676136359375 0.7254971593749999 0.7190553984375 0.6839488640625 0.7652201703125 0.6977982953125 0.7790696015624999
2 0.7723721593749999 0.7311789765625 0.80859375 0.6747159093749999 0.83984375 0.6143465906250001 0.8203125 0.5965909093749999 0.7801846593749999 0.6722301140625 0.7432528406250001 0.7294673296874999 0.6981534093749999 0.7795383515625 0.7159090906250001 0.7976491484375 0.7723721593749999 0.7311789765625
3 0.8165760875 0.540081521875 0.8376358703125 0.549592390625 0.8559782609375001 0.48641304375 0.8668478265624999 0.4177989125 0.8722826093749999 0.34986412968749997 0.870244565625 0.2798913046875 0.8661684781250001 0.2418478265625 0.8430706515624999 0.2445652171875 0.8464673906250001 0.2826086953125 0.8471467390624999 0.334918478125 0.84375 0.39266304375 0.8376358703125 0.4470108703125 0.8308423906250001 0.4925271734375 0.8165760875 0.540081521875
2 0.859375 0.47078804375 0.8491847828125 0.5095108703125 0.8376358703125 0.549592390625 0.8634510875 0.5509510875 0.8756793484375001 0.5074728265624999 0.885869565625 0.46671195625 0.8919836953125 0.41847826093749996 0.8960597828125 0.36684782656250003 0.8980978265624999 0.32608695625 0.8940217390624999 0.2846467390625 0.8899456515624999 0.241168478125 0.8668478265624999 0.2425271734375 0.8688858703125 0.272418478125 0.8722826093749999 0.323369565625 0.8722826093749999 0.372282609375 0.8668478265624999 0.42051630468749995 0.859375 0.47078804375
1 0.793811275 0.5912990203125 0.8206521734375001 0.596467390625 0.8486519609375 0.62101715625 0.876225490625 0.5536151953124999 0.86488970625 0.551164215625 0.8373161765624999 0.549632353125 0.81453804375 0.538043478125 0.793811275 0.5912990203125
0 0.8140318625 0.5379901953124999 0.717524509375 0.49571078437500005 0.6920955875 0.5658700984375 0.792585784375 0.5903799015625 0.8140318625 0.5379901953124999
4 0.716796875 0.4940364578125 0.7213541671875 0.4901302078125 0.7513020828125 0.3924739578125 0.71875 0.3834635421875 0.7174479171875 0.3763020828125 0.6516927078125 0.34765625 0.587890625 0.3372395828125 0.5403645828125 0.4895833328125 0.548828125 0.5057552078125 0.59375 0.5174739578125 0.5885416671875 0.5402604171875 0.69140625 0.5708593750000001 0.716796875 0.4940364578125
6 0.4090329921875 0.3237754953125 0.3806138265625 0.29535632968750003 0.394823409375 0.2567874625 0.1603652921875 0.263892253125 0.3735090359375 0.472976115625 0.3806138265625 0.44861683125 0.4090329921875 0.398883290625 0.4262874859375 0.3521946609375 0.4090329921875 0.3237754953125
6 0.7223749640625 0.4877635484375 0.71738323125 0.4977470125 0.740202578125 0.504878059375 0.7501860421875 0.47778008437499997 0.7480467296875 0.4606655734375 0.7380632640625 0.45068210937500003 0.732358428125 0.4528214234375 0.7280797999999999 0.4677966203125 0.7223749640625 0.4877635484375
6 0.4706490375 0.39505995 0.4956077 0.410035146875 0.5055911640625 0.43285449375 0.5184270468750001 0.444977271875 0.538393975 0.4499690046875 0.5505167531249999 0.4528214234375 0.5761885203125 0.3701012890625 0.548377440625 0.347995046875 0.5234187796875001 0.3458557328125 0.50345185 0.3430033140625 0.4784931890625 0.3551260921875 0.4635179921875 0.3779454390625 0.4706490375 0.39505995
2 0.6754213421874999 0.758767 0.682346203125 0.7654445453125 0.7169705125 0.7318095015625 0.7421967953124999 0.6961959265625 0.7612401640625001 0.6642921 0.8018000687500001 0.5933122656250001 0.7931439921875 0.5908391015625 0.7800362187500001 0.6158180671875 0.748132390625 0.6712169609374999 0.7162285625 0.715239296875 0.6754213421874999 0.758767