5 0.5246704734375001 0.3101450953125 0.37886134843749997 0.34814208125 0.47363726406250006 0.686992134375 0.620963553125 0.648307290625 0.5246704734375001 0.3101450953125
3 0.43745597187499996 0.2926999859375 0.44191000156250004 0.31007070468750003 0.5194630046875 0.2892432078125 0.5154015015625 0.271320640625 0.43745597187499996 0.2926999859375
1 0.3835480390625 0.34601925 0.44369161406249996 0.33323166249999997 0.4345812484375 0.29032502031249996 0.4397887171875 0.276791846875 0.3637596421875 0.2996941609375 0.3736538796875 0.3095837625 0.3793820484375 0.32884254375 0.3835480390625 0.34601925
2 0.44187171249999996 0.312186296875 0.4423924515625 0.33144507968750003 0.5246704734375001 0.304337878125 0.5215460000000001 0.290284225 0.44187171249999996 0.312186296875
2 0.43874723906249996 0.276791846875 0.4377057609375 0.29084551875 0.5106102828125 0.2684637421875 0.5080065484375 0.2564920671875 0.43874723906249996 0.276791846875
2 0.356989996875 0.300735159375 0.362197465625 0.313747834375 0.372916678125 0.308463540625 0.362197465625 0.298132625 0.356989996875 0.300735159375
2 0.3871932515625 0.34810130625 0.3799028265625 0.3309245796875 0.36844641093749997 0.33352711562500004 0.37625761406249997 0.3517448390625 0.3871932515625 0.34810130625
6 0.4908219265625 0.5771651703125 0.49915386875 0.607354571875 0.5747395953125001 0.579296875 0.5658094828125 0.5553038734375 0.4908219265625 0.5771651703125
6 0.5845563625 0.54749626875 0.5767451593749999 0.5527013390625 0.5845052203125001 0.5805989578124999 0.5918468265625 0.5787266875 0.5845563625 0.54749626875
4 0.5757036421875 0.4933635359375 0.5564360234375 0.501171140625 0.555394546875 0.4985686046875 0.5298779421875001 0.3814545359375 0.3965667109375 0.41684900625 0.44648438749999997 0.5884114578124999 0.5054028140625 0.5657140125 0.5074858109375 0.575083134375 0.5652887046874999 0.5589474265625001 0.564767965625 0.5422912 0.585597840625 0.538127146875 0.5757036421875 0.4933635359375
0 0.43433815 0.403605340625 0.4830107234375 0.39130338125 0.47467878125 0.3720445796875 0.45489038437499996 0.376729190625 0.4439547078125 0.330404040625 0.3825065609375 0.34810130625 0.39870590781250004 0.41474041718750004 0.43433815 0.403605340625
7 0.373317934375 0.3096253015625 0.359510440625 0.31497013749999997 0.3657460828125 0.331895453125 0.3795535765625 0.32833222812499996 0.373317934375 0.3096253015625