5 0.5263627359374999 0.313007865625 0.379036446875 0.351692709375 0.4753295265625 0.6898549046875 0.6211386515624999 0.65185791875 0.5263627359374999 0.313007865625
3 0.4805369953125 0.7107567921875 0.48459849843749997 0.728679359375 0.562544028125 0.7073000140625 0.5580899984375 0.6899292953125 0.4805369953125 0.7107567921875
1 0.6263461203125 0.6904162375 0.6206179515625 0.67115745625 0.6164519609375 0.65398075 0.5563083859375 0.6667683375 0.5654187515625 0.7096749796874999 0.5602112828125 0.7232081531250001 0.6362403578125 0.7003058390625 0.6263461203125 0.6904162375
2 0.4753295265625 0.695662121875 0.478454 0.709715775 0.5581282875 0.687813703125 0.5576075484375 0.6685549203125001 0.4753295265625 0.695662121875
2 0.4893897171875 0.7315362578125 0.4919934515625 0.7435079328125 0.5612527609375 0.7232081531250001 0.5622942390625 0.7091544812499999 0.4893897171875 0.7315362578125
2 0.627083321875 0.691536459375 0.637802534375 0.701867375 0.643010003125 0.6992648406249999 0.637802534375 0.686252165625 0.627083321875 0.691536459375
2 0.6315535890625 0.666472884375 0.6237423859375 0.6482551609375 0.6128067484375 0.65189869375 0.6200971734375 0.6690754203125 0.6315535890625 0.666472884375
6 0.4252604046875 0.420703125 0.4341905171875 0.4446961265625 0.5091780734375 0.42283482968749997 0.50084613125 0.392645428125 0.4252604046875 0.420703125
6 0.4154947796875 0.4194010421875 0.4081531734375 0.4212733125 0.4154436375 0.45250373125000004 0.423254840625 0.4472986609375 0.4154947796875 0.4194010421875
4 0.43523203437499997 0.45770879999999997 0.41440215937499997 0.46187285312500004 0.42429635781249997 0.5066364640625001 0.4435639765625 0.498828859375 0.444605453125 0.5014313953125 0.47012205781249994 0.6185454640625 0.6034332890624999 0.58315099375 0.5535156125 0.4115885421875 0.49459718593749996 0.4342859875 0.49251418906250005 0.42491686562500003 0.4347112953125 0.4410525734375 0.43523203437499997 0.45770879999999997
0 0.6174934390625 0.65189869375 0.6012940921875 0.5852595828125 0.56566185 0.596394659375 0.5169892765624999 0.60869661875 0.52532121875 0.6279554203125 0.545109615625 0.623270809375 0.5560452921875 0.6695959593749999 0.6174934390625 0.65189869375
7 0.6342539171875 0.668104546875 0.6204464234375 0.6716677718749999 0.6266820656250001 0.6903746984375 0.640489559375 0.6850298625 0.6342539171875 0.668104546875