5 0.3149138375 0.1335127453125 0.22413946562499998 0.20123345 0.14520520312500002 0.2459422546875 0.082715553125 0.270166103125 0.3208339171875 0.8694418015625001 0.9187610156250001 0.8286778578125 0.3149138375 0.1335127453125
0 0.22348169062499998 0.1999184796875 0.29123356875 0.3084030921875 0.33859415625 0.279473878125 0.2622909953125 0.1736191796875 0.22348169062499998 0.1999184796875
1 0.1958881421875 0.179440790625 0.22413946562499998 0.2018909359375 0.264264371875 0.17164673749999998 0.2497931109375 0.138115153125 0.1958881421875 0.179440790625
2 0.19585466875 0.1788790484375 0.14915190625000002 0.2058358203125 0.0728487703125 0.24265484218750002 0.08534670625 0.27684393749999997 0.17020102343750002 0.231477646875 0.224797240625 0.20123345 0.19585466875 0.1788790484375
2 0.25242421249999997 0.1387726125 0.263606596875 0.1690168109375 0.3175449890625 0.131540303125 0.2932069453125 0.1039260390625 0.25242421249999997 0.1387726125
4 0.30110035156250003 0.5010969890625 0.303073728125 0.49780957656249997 0.3162294390625 0.5149041359375001 0.357669896875 0.4951796609375 0.374114534375 0.5273963140625 0.422132896875 0.4984670734375 0.4070038109375 0.472825246875 0.4668623328125 0.4392936484375 0.35898549687500003 0.2663757703125 0.29057579375000003 0.3104270765625 0.2833401625 0.2999073546875 0.2609754453125 0.3025373078125 0.2294017203125 0.3143719625 0.1879612625 0.3419862453125 0.2853134890625 0.5103018046875001 0.30110035156250003 0.5010969890625
6 0.3727989828125 0.5906692140625001 0.341883084375 0.5946140984375 0.295180271875 0.573574653125 0.2425574296875 0.550562778125 0.232690646875 0.550562778125 0.23536182656250001 0.5618421062500001 0.310967134375 0.6038188640625 0.3964792515625 0.6051338328125 0.4004259546875 0.5821219453124999 0.3727989828125 0.5906692140625001
6 0.180664696875 0.4049731125 0.1837096078125 0.41613778437500004 0.20096409999999998 0.43034736718750005 0.2121287734375 0.4587665328125 0.250697640625 0.4344072484375 0.2121287734375 0.3887335890625 0.20096409999999998 0.36234436406250004 0.1877694875 0.3735090359375 0.19791919062500002 0.3907635296875 0.1877694875 0.3978683203125 0.180664696875 0.4049731125
6 0.2089396484375 0.30235635156249996 0.1939644515625 0.313766025 0.1768499421875 0.3216101765625 0.1668664765625 0.331593640625 0.1490388625 0.33373295468749997 0.12693261875 0.3365853734375 0.12194088750000001 0.3487081515625 0.1262195140625 0.37651923125 0.1390553984375 0.4064696234375 0.14618644375 0.426436553125 0.169005790625 0.42857586718749996 0.1761368375 0.42215792499999993 0.18112856875 0.40219099687500004 0.198956184375 0.3893551140625 0.18683340625 0.37224060312499996 0.191112034375 0.369388184375 0.1839809875 0.3444295234375 0.2170050703125 0.32245978124999997 0.206800334375 0.312339815625 0.2210624265625 0.3037825609375 0.24388177500000002 0.2973646203125 0.2688404359375 0.277397690625 0.2567176578125 0.25457834375 0.228906578125 0.266701121875 0.22676726406249997 0.28167631875 0.2310458921875 0.298790828125 0.2089396484375 0.30235635156249996
7 0.2655799234375 0.304509725 0.286629090625 0.3025373078125 0.2682565640625 0.2838815796875 0.25110866249999997 0.29399001406249997 0.2117920671875 0.3116267109375 0.2170050703125 0.3194119578125 0.2655799234375 0.304509725
6 0.5678490578125001 0.512263065625 0.5144429078125 0.580928115625 0.445777859375 0.6147156781249999 0.343325246875 0.6419637140625001 0.289919096875 0.6354241859374999 0.244142396875 0.6125358359375 0.22452381250000003 0.6158056000000001 0.3237066609375 0.8708472109375001 0.9155339890624999 0.8326999624999999 0.5983668578125 0.4555871515625 0.5678490578125001 0.512263065625