5 0.2459422546875 0.854794796875 0.270166103125 0.917284446875 0.8694418015625001 0.6791660828125 0.8286778578125 0.081238984375 0.1335127453125 0.6850861625 0.20123345 0.775860534375 0.2459422546875 0.854794796875
0 0.279473878125 0.66140584375 0.1736191796875 0.7377090046875 0.1999184796875 0.776518309375 0.3084030921875 0.70876643125 0.279473878125 0.66140584375
1 0.17164673749999998 0.735735628125 0.138115153125 0.7502068890625 0.179440790625 0.8041118578124999 0.2018909359375 0.775860534375 0.17164673749999998 0.735735628125
2 0.24265484218750002 0.9271512296875001 0.27684393749999997 0.91465329375 0.231477646875 0.8297989765624999 0.20123345 0.775202759375 0.1788790484375 0.80414533125 0.2058358203125 0.85084809375 0.24265484218750002 0.9271512296875001
2 0.131540303125 0.6824550109375 0.1039260390625 0.7067930546875 0.1387726125 0.7475757875 0.1690168109375 0.736393403125 0.131540303125 0.6824550109375
4 0.5149041359375001 0.6837705609375 0.4951796609375 0.642330103125 0.5273963140625 0.6258854656249999 0.4984670734375 0.577867103125 0.472825246875 0.5929961890625 0.4392936484375 0.5331376671875 0.2663757703125 0.641014503125 0.3104270765625 0.70942420625 0.2999073546875 0.7166598375000001 0.3025373078125 0.7390245546875 0.3143719625 0.7705982796875 0.3419862453125 0.8120387375 0.5103018046875001 0.7146865109375 0.5010969890625 0.6988996484375 0.49780957656249997 0.696926271875 0.5149041359375001 0.6837705609375
6 0.573574653125 0.704819728125 0.550562778125 0.7574425703125 0.550562778125 0.767309353125 0.5618421062500001 0.7646381734375 0.6038188640625 0.689032865625 0.6051338328125 0.6035207484375 0.5821219453124999 0.5995740453125 0.5906692140625001 0.6272010171875 0.5946140984375 0.658116915625 0.573574653125 0.704819728125
6 0.43034736718750005 0.7990359 0.4587665328125 0.7878712265625001 0.4344072484375 0.749302359375 0.3887335890625 0.7878712265625001 0.36234436406250004 0.7990359 0.3735090359375 0.8122305125 0.3907635296875 0.802080809375 0.3978683203125 0.8122305125 0.4049731125 0.819335303125 0.41613778437500004 0.8162903921875 0.43034736718750005 0.7990359
6 0.3216101765625 0.8231500578125001 0.331593640625 0.8331335234375 0.33373295468749997 0.8509611375 0.3365853734375 0.8730673812499999 0.3487081515625 0.8780591125000001 0.37651923125 0.8737804859375 0.4064696234375 0.8609446015625 0.426436553125 0.8538135562500001 0.42857586718749996 0.8309942093749999 0.42215792499999993 0.8238631625 0.40219099687500004 0.8188714312500001 0.3893551140625 0.801043815625 0.37224060312499996 0.8131665937499999 0.369388184375 0.8088879656250001 0.3444295234375 0.8160190125 0.32245978124999997 0.7829949296875001 0.312339815625 0.793199665625 0.3037825609375 0.7789375734374999 0.2973646203125 0.756118225 0.277397690625 0.7311595640624999 0.25457834375 0.7432823421875 0.266701121875 0.7710934218750001 0.28167631875 0.7732327359375 0.298790828125 0.7689541078125 0.30235635156249996 0.7910603515625 0.313766025 0.8060355484375 0.3216101765625 0.8231500578125001
7 0.2838815796875 0.7317434359375 0.29399001406249997 0.7488913375 0.3116267109375 0.7882079328125 0.3194119578125 0.7829949296875001 0.304509725 0.7344200765625 0.3025373078125 0.713370909375 0.2838815796875 0.7317434359375
6 0.6147156781249999 0.5542221406250001 0.6419637140625001 0.656674753125 0.6354241859374999 0.7100809031249999 0.6125358359375 0.755857603125 0.6158056000000001 0.7754761875 0.8708472109375001 0.6762933390625 0.8326999624999999 0.0844660109375 0.4555871515625 0.4016331421875 0.512263065625 0.43215094218749994 0.580928115625 0.4855570921875 0.6147156781249999 0.5542221406250001