5 0.854794796875 0.7540577453124999 0.917284446875 0.729833896875 0.6791660828125 0.1305581984375 0.081238984375 0.1713221421875 0.6850861625 0.8664872546875 0.775860534375 0.7987665500000001 0.854794796875 0.7540577453124999
0 0.66140584375 0.720526121875 0.7377090046875 0.8263808203125 0.776518309375 0.8000815203125 0.70876643125 0.6915969078125 0.66140584375 0.720526121875
1 0.735735628125 0.8283532625 0.7502068890625 0.861884846875 0.8041118578124999 0.820559209375 0.775860534375 0.7981090640625 0.735735628125 0.8283532625
2 0.9271512296875001 0.7573451578125 0.91465329375 0.7231560625 0.8297989765624999 0.7685223531250001 0.775202759375 0.7987665500000001 0.80414533125 0.8211209515625001 0.85084809375 0.7941641796875001 0.9271512296875001 0.7573451578125
2 0.6824550109375 0.868459696875 0.7067930546875 0.8960739609375 0.7475757875 0.8612273874999999 0.736393403125 0.8309831890625 0.6824550109375 0.868459696875
4 0.6837705609375 0.48509586406249994 0.642330103125 0.5048203390625 0.6258854656249999 0.4726036859375 0.577867103125 0.5015329265624999 0.5929961890625 0.527174753125 0.5331376671875 0.5607063515624999 0.641014503125 0.7336242296875 0.70942420625 0.6895729234375 0.7166598375000001 0.7000926453125 0.7390245546875 0.6974626921875 0.7705982796875 0.6856280375 0.8120387375 0.6580137546875 0.7146865109375 0.4896981953125 0.6988996484375 0.4989030109375 0.696926271875 0.5021904234375001 0.6837705609375 0.48509586406249994
6 0.704819728125 0.426425346875 0.7574425703125 0.44943722187499996 0.767309353125 0.44943722187499996 0.7646381734375 0.43815789374999997 0.689032865625 0.3961811359375 0.6035207484375 0.3948661671875 0.5995740453125 0.4178780546875 0.6272010171875 0.4093307859375 0.658116915625 0.4053859015625 0.704819728125 0.426425346875
6 0.7990359 0.5696526328125 0.7878712265625001 0.5412334671875 0.749302359375 0.5655927515625 0.7878712265625001 0.6112664109375 0.7990359 0.6376556359375 0.8122305125 0.6264909640625 0.802080809375 0.6092364703125 0.8122305125 0.6021316796875 0.819335303125 0.5950268875 0.8162903921875 0.583862215625 0.7990359 0.5696526328125
6 0.8231500578125001 0.6783898234375 0.8331335234375 0.668406359375 0.8509611375 0.6662670453125 0.8730673812499999 0.6634146265624999 0.8780591125000001 0.6512918484375 0.8737804859375 0.62348076875 0.8609446015625 0.5935303765625 0.8538135562500001 0.5735634468749999 0.8309942093749999 0.5714241328125 0.8238631625 0.5778420750000001 0.8188714312500001 0.597809003125 0.801043815625 0.6106448859375 0.8131665937499999 0.6277593968749999 0.8088879656250001 0.630611815625 0.8160190125 0.6555704765625 0.7829949296875001 0.67754021875 0.793199665625 0.687660184375 0.7789375734374999 0.6962174390625 0.756118225 0.7026353796875 0.7311595640624999 0.722602309375 0.7432823421875 0.74542165625 0.7710934218750001 0.733298878125 0.7732327359375 0.71832368125 0.7689541078125 0.701209171875 0.7910603515625 0.6976436484375 0.8060355484375 0.686233975 0.8231500578125001 0.6783898234375
7 0.7317434359375 0.7161184203125 0.7488913375 0.7060099859375 0.7882079328125 0.6883732890625 0.7829949296875001 0.6805880421875 0.7344200765625 0.6954902749999999 0.713370909375 0.6974626921875 0.7317434359375 0.7161184203125
6 0.5542221406250001 0.385284321875 0.656674753125 0.35803628593750003 0.7100809031249999 0.3645758140625 0.755857603125 0.3874641640625 0.7754761875 0.3841944 0.6762933390625 0.1291527890625 0.0844660109375 0.1673000375 0.4016331421875 0.5444128484374999 0.43215094218749994 0.487736934375 0.4855570921875 0.419071884375 0.5542221406250001 0.385284321875