5 0.4942881078125 0.2919698578125 0.47436954531250003 0.28494300156249996 0.4517170453125 0.28533340625000003 0.366965503125 0.6700109000000001 0.555566415625 0.7142578125 0.6344992078125 0.3708266375 0.613408953125 0.3567729859375 0.561464471875 0.332179034375 0.523970703125 0.31070812187499997 0.4942881078125 0.2919698578125
0 0.5310007671875 0.416141365625 0.52829373125 0.43197401874999997 0.5897300890625 0.4429076078125 0.60916413125 0.35378180625 0.5478413234375 0.323896640625 0.5310007671875 0.416141365625
1 0.608789071875 0.355859375 0.6141900921875 0.3263172109375 0.62746914375 0.31421540000000003 0.557168315625 0.27556778125000003 0.5595116703125 0.29938096875000003 0.548575975 0.324755684375 0.608789071875 0.355859375
7 0.4700733890625 0.40827256875 0.4853052421875 0.4098340953125 0.4849146875 0.3985130625 0.48612131718749996 0.3924048390625 0.4970549046875 0.3918841921875 0.5137156125 0.3939667796875 0.5335002015625 0.3991732515625 0.533344121875 0.3883631828125 0.5028804484375 0.381726715625 0.48296188593749995 0.3797748140625 0.4728072984375 0.381336340625 0.4708544984375 0.393438121875 0.4700733890625 0.40827256875
6 0.498193709375 0.60908099375 0.441562515625 0.59541765625 0.43804743906250004 0.6207924 0.4642149875 0.6286000046875 0.493066415625 0.62783203125 0.498193709375 0.60908099375
6 0.5419364640625 0.6492901546875001 0.563378915625 0.65078125 0.574743521875 0.605177190625 0.557168315625 0.6008830140625 0.5532627140625 0.6207924 0.5462326187500001 0.6227443015625 0.5419364640625 0.6492901546875001
4 0.4177383234375 0.5914526906249999 0.553613290625 0.6205078125 0.5966148859375 0.44818314218750005 0.5153783609375 0.43178718437499997 0.505223803125 0.43139678124999997 0.5087388500000001 0.420466153125 0.46069994062499997 0.4075835921875 0.4177383234375 0.5914526906249999
2 0.6032543953125 0.3500753265625 0.636452009375 0.3676424375 0.6360614546875001 0.3559310296875 0.6079411359375 0.341486959375 0.6032543953125 0.3500753265625
2 0.637233146875 0.3188449078125 0.62864080625 0.3145507171875 0.6118467375 0.3274332765625 0.6243446500000001 0.329385178125 0.639550790625 0.33486328125 0.637233146875 0.3188449078125
2 0.45913769374999996 0.24115923593750002 0.4888202890625 0.25482254375 0.514597253125 0.2747319453125 0.558984384375 0.29775390625 0.557168315625 0.2805876484375 0.52436125625 0.2630205375 0.49897484687500004 0.2454534125 0.4712450828125 0.2317901046875 0.4665583421875 0.23022857812500003 0.45913769374999996 0.24115923593750002
2 0.4505453515625 0.28449145 0.481399640625 0.286833696875 0.5208462093749999 0.3063527078125 0.547753915625 0.32314453125 0.5524815765625 0.3145507171875 0.5071766046875 0.2903471546875 0.48179019375000004 0.27629345625 0.458356584375 0.2653627828125 0.45679433906250005 0.262239775 0.4505453515625 0.28449145
3 0.5580150421875001 0.295279540625 0.5310048515625 0.2820199921875 0.5015391874999999 0.2633584046875 0.4828776 0.2510810453125 0.4671625796875 0.2442057234375 0.4485009921875 0.23929477968750001 0.4430989546875 0.23585711874999998 0.44457223749999997 0.22357975937500002 0.42591064999999995 0.22505304218750002 0.401847025 0.2299639859375 0.3846587203125 0.2368393078125 0.4038114015625 0.266304971875 0.419035328125 0.25992074375 0.446536615625 0.257465271875 0.47060024062499994 0.2731802921875 0.5118521703125001 0.29380625781249997 0.551139721875 0.3109945609375 0.5580150421875001 0.295279540625
3 0.63904561875 0.3350581875 0.6356079578125 0.333093809375 0.613017615625 0.3267095828125 0.608106671875 0.342424603125 0.6356079578125 0.3537197734375 0.63904561875 0.3350581875
6 0.5298556718749999 0.4153133109375 0.5314176140625 0.40281778125 0.5116330234375 0.39344613281249996 0.49132778750000006 0.3903222515625 0.4824767875 0.397611309375 0.48612131718749996 0.41062748750000005 0.5298556718749999 0.4153133109375
6 0.46805958593749997 0.400929725 0.47400780156250005 0.38053584375 0.48845346718749993 0.3771368640625 0.48845346718749993 0.374587628125 0.4825052515625 0.35929221718750004 0.46211137031250005 0.35759272656249996 0.452764175 0.38138558906250003 0.434919528125 0.434919528125 0.426422078125 0.49100270312500005 0.41707488125000003 0.5300909765624999 0.4051784515625 0.5564330734375 0.39073278437500003 0.5802259359375 0.396681 0.6014695624999999 0.4204738625 0.627811659375 0.4502149390625 0.6329101296874999 0.44086774375 0.6210136984375 0.44086774375 0.5946716015625 0.4204738625 0.592122365625 0.45956213593750006 0.41622513593750005 0.46805958593749997 0.400929725