5 0.2919698578125 0.5057118921875 0.28494300156249996 0.5256304546874999 0.28533340625000003 0.5482829546875 0.6700109000000001 0.633034496875 0.7142578125 0.444433584375 0.3708266375 0.3655007921875 0.3567729859375 0.386591046875 0.332179034375 0.43853552812499996 0.31070812187499997 0.476029296875 0.2919698578125 0.5057118921875
0 0.416141365625 0.4689992328125 0.43197401874999997 0.47170626875000005 0.4429076078125 0.4102699109375 0.35378180625 0.39083586875 0.323896640625 0.4521586765625 0.416141365625 0.4689992328125
1 0.355859375 0.39121092812499997 0.3263172109375 0.3858099078125 0.31421540000000003 0.37253085625 0.27556778125000003 0.44283168437500003 0.29938096875000003 0.4404883296875 0.324755684375 0.451424025 0.355859375 0.39121092812499997
7 0.40827256875 0.5299266109375 0.4098340953125 0.5146947578125001 0.3985130625 0.5150853125 0.3924048390625 0.5138786828125 0.3918841921875 0.5029450953125 0.3939667796875 0.4862843875 0.3991732515625 0.4664997984375 0.3883631828125 0.466655878125 0.381726715625 0.49711955156250004 0.3797748140625 0.5170381140625 0.381336340625 0.5271927015625 0.393438121875 0.5291455015625 0.40827256875 0.5299266109375
6 0.60908099375 0.501806290625 0.59541765625 0.558437484375 0.6207924 0.5619525609375 0.6286000046875 0.5357850125 0.62783203125 0.506933584375 0.60908099375 0.501806290625
6 0.6492901546875001 0.4580635359375 0.65078125 0.436621084375 0.605177190625 0.425256478125 0.6008830140625 0.44283168437500003 0.6207924 0.44673728593749995 0.6227443015625 0.45376738124999993 0.6492901546875001 0.4580635359375
4 0.5914526906249999 0.5822616765624999 0.6205078125 0.446386709375 0.44818314218750005 0.4033851140625 0.43178718437499997 0.4846216390625 0.43139678124999997 0.494776196875 0.420466153125 0.49126115 0.4075835921875 0.539300059375 0.5914526906249999 0.5822616765624999
2 0.3500753265625 0.39674560468750003 0.3676424375 0.363547990625 0.3559310296875 0.36393854531250003 0.341486959375 0.3920588640625 0.3500753265625 0.39674560468750003
2 0.3188449078125 0.362766853125 0.3145507171875 0.37135919375 0.3274332765625 0.38815326250000004 0.329385178125 0.37565535 0.33486328125 0.36044920937499997 0.3188449078125 0.362766853125
2 0.24115923593750002 0.54086230625 0.25482254375 0.5111797109375 0.2747319453125 0.485402746875 0.29775390625 0.441015615625 0.2805876484375 0.44283168437500003 0.2630205375 0.47563874375 0.2454534125 0.501025153125 0.2317901046875 0.5287549171875 0.23022857812500003 0.5334416578125001 0.24115923593750002 0.54086230625
2 0.28449145 0.5494546484375 0.286833696875 0.5186003593749999 0.3063527078125 0.479153790625 0.32314453125 0.452246084375 0.3145507171875 0.4475184234375 0.2903471546875 0.49282339531249997 0.27629345625 0.51820980625 0.2653627828125 0.5416434156250001 0.262239775 0.5432056609375 0.28449145 0.5494546484375
3 0.295279540625 0.44198495781249997 0.2820199921875 0.4689951484375 0.2633584046875 0.4984608125 0.2510810453125 0.5171224 0.2442057234375 0.5328374203124999 0.23929477968750001 0.5514990078124999 0.23585711874999998 0.5569010453125001 0.22357975937500002 0.5554277625 0.22505304218750002 0.57408935 0.2299639859375 0.598152975 0.2368393078125 0.6153412796875 0.266304971875 0.5961885984374999 0.25992074375 0.580964671875 0.257465271875 0.553463384375 0.2731802921875 0.5293997593750001 0.29380625781249997 0.4881478296875 0.3109945609375 0.448860278125 0.295279540625 0.44198495781249997
3 0.3350581875 0.36095438125 0.333093809375 0.3643920421875 0.3267095828125 0.386982384375 0.342424603125 0.391893328125 0.3537197734375 0.3643920421875 0.3350581875 0.36095438125
6 0.4153133109375 0.47014432812500007 0.40281778125 0.46858238593749996 0.39344613281249996 0.4883669765625 0.3903222515625 0.5086722124999999 0.397611309375 0.5175232125 0.41062748750000005 0.5138786828125 0.4153133109375 0.47014432812500007
6 0.400929725 0.5319404140625 0.38053584375 0.5259921984375 0.3771368640625 0.5115465328125001 0.374587628125 0.5115465328125001 0.35929221718750004 0.5174947484375 0.35759272656249996 0.5378886296875 0.38138558906250003 0.547235825 0.434919528125 0.565080471875 0.49100270312500005 0.573577921875 0.5300909765624999 0.58292511875 0.5564330734375 0.5948215484375 0.5802259359375 0.609267215625 0.6014695624999999 0.603319 0.627811659375 0.5795261375 0.6329101296874999 0.5497850609375 0.6210136984375 0.5591322562500001 0.5946716015625 0.5591322562500001 0.592122365625 0.5795261375 0.41622513593750005 0.5404378640624999 0.400929725 0.5319404140625