5 0.43853552812499996 0.667820965625 0.476029296875 0.6892918781249999 0.5057118921875 0.7080301421875 0.5256304546874999 0.7150569984375 0.5482829546875 0.71466659375 0.633034496875 0.32998910000000004 0.444433584375 0.2857421875 0.3655007921875 0.6291733625 0.386591046875 0.6432270140624999 0.43853552812499996 0.667820965625
0 0.39083586875 0.64621819375 0.4521586765625 0.676103359375 0.4689992328125 0.5838586343750001 0.47170626875000005 0.56802598125 0.4102699109375 0.5570923921875 0.39083586875 0.64621819375
1 0.4404883296875 0.70061903125 0.451424025 0.675244315625 0.39121092812499997 0.644140625 0.3858099078125 0.6736827890625 0.37253085625 0.6857846000000001 0.44283168437500003 0.72443221875 0.4404883296875 0.70061903125
7 0.5271927015625 0.618663659375 0.5291455015625 0.6065618781250001 0.5299266109375 0.59172743125 0.5146947578125001 0.5901659046875001 0.5150853125 0.6014869375 0.5138786828125 0.6075951609375 0.5029450953125 0.6081158078125 0.4862843875 0.6060332203125001 0.4664997984375 0.6008267484375 0.466655878125 0.6116368171875 0.49711955156250004 0.6182732843750001 0.5170381140625 0.6202251859375 0.5271927015625 0.618663659375
6 0.5357850125 0.3713999953125 0.506933584375 0.37216796875 0.501806290625 0.39091900625 0.558437484375 0.40458234375 0.5619525609375 0.3792076 0.5357850125 0.3713999953125
6 0.44673728593749995 0.3792076 0.45376738124999993 0.3772556984375 0.4580635359375 0.3507098453125 0.436621084375 0.34921875 0.425256478125 0.39482280937500003 0.44283168437500003 0.3991169859375 0.44673728593749995 0.3792076
4 0.49126115 0.579533846875 0.539300059375 0.5924164078125 0.5822616765624999 0.408547309375 0.446386709375 0.3794921875 0.4033851140625 0.5518168578125 0.4846216390625 0.568212815625 0.494776196875 0.5686032187500001 0.49126115 0.579533846875
2 0.36393854531250003 0.6440689703125 0.3920588640625 0.658513040625 0.39674560468750003 0.6499246734375 0.363547990625 0.6323575625 0.36393854531250003 0.6440689703125
2 0.37565535 0.670614821875 0.36044920937499997 0.66513671875 0.362766853125 0.6811550921875 0.37135919375 0.6854492828125001 0.38815326250000004 0.6725667234375 0.37565535 0.670614821875
2 0.5287549171875 0.7682098953125001 0.5334416578125001 0.769771421875 0.54086230625 0.7588407640625 0.5111797109375 0.74517745625 0.485402746875 0.7252680546875 0.441015615625 0.70224609375 0.44283168437500003 0.7194123515624999 0.47563874375 0.7369794625 0.501025153125 0.7545465874999999 0.5287549171875 0.7682098953125001
2 0.5416434156250001 0.7346372171875 0.5432056609375 0.7377602249999999 0.5494546484375 0.71550855 0.5186003593749999 0.713166303125 0.479153790625 0.6936472921875 0.452246084375 0.67685546875 0.4475184234375 0.6854492828125001 0.49282339531249997 0.7096528453125 0.51820980625 0.72370654375 0.5416434156250001 0.7346372171875
3 0.4881478296875 0.7061937421875 0.448860278125 0.6890054390625 0.44198495781249997 0.704720459375 0.4689951484375 0.7179800078125 0.4984608125 0.7366415953125001 0.5171224 0.7489189546875 0.5328374203124999 0.7557942765625 0.5514990078124999 0.7607052203125 0.5569010453125001 0.76414288125 0.5554277625 0.776420240625 0.57408935 0.7749469578125 0.598152975 0.7700360140625 0.6153412796875 0.7631606921875 0.5961885984374999 0.733695028125 0.580964671875 0.74007925625 0.553463384375 0.742534728125 0.5293997593750001 0.7268197078124999 0.4881478296875 0.7061937421875
3 0.391893328125 0.657575396875 0.3643920421875 0.6462802265625001 0.36095438125 0.6649418125000001 0.3643920421875 0.666906190625 0.386982384375 0.6732904171875 0.391893328125 0.657575396875
6 0.5175232125 0.602388690625 0.5138786828125 0.5893725125 0.47014432812500007 0.5846866890625 0.46858238593749996 0.59718221875 0.4883669765625 0.6065538671875 0.5086722124999999 0.6096777484375 0.5175232125 0.602388690625
6 0.5795261375 0.407877634375 0.5404378640624999 0.5837748640625 0.5319404140625 0.599070275 0.5259921984375 0.6194641562500001 0.5115465328125001 0.6228631359375 0.5115465328125001 0.625412371875 0.5174947484375 0.6407077828125 0.5378886296875 0.6424072734374999 0.547235825 0.6186144109375 0.565080471875 0.565080471875 0.573577921875 0.508997296875 0.58292511875 0.4699090234375 0.5948215484375 0.4435669265625 0.609267215625 0.41977406406249995 0.603319 0.3985304375 0.5795261375 0.372188340625 0.5497850609375 0.3670898703125 0.5591322562500001 0.3789863015625 0.5591322562500001 0.40532839843749996 0.5795261375 0.407877634375