4 0.43852573437500003 0.5110867984375 0.43102699843750003 0.5304496484375 0.36791243906250004 0.5154590625 0.3554145140625 0.5416925953125 0.3379174484375 0.6172702218749999 0.5472576890624999 0.668488090625 0.579092159375 0.5619013374999999 0.6015883671875 0.47820380625 0.4439062359375 0.43531250000000005 0.429152290625 0.46673959062500003 0.42477803593749996 0.502342271875 0.43852573437500003 0.5110867984375
7 0.3431149 0.506606428125 0.3335011125 0.5229423468750001 0.3527286890625 0.52198144375 0.3661880078125 0.5142939265625001 0.385896265625 0.5186181265625 0.3979135015625 0.5210204671875001 0.4105286296875 0.525332559375 0.41501121875 0.5143800890625 0.389741796875 0.5094892468750001 0.358977665625 0.506606428125 0.3431149 0.506606428125
0 0.36282319687500003 0.5181376671875 0.349363878125 0.5253446859374999 0.331097665625 0.5239032859375 0.2546680765625 0.5022822265625 0.2296722046875 0.5825203828125 0.33830800625 0.6113484625 0.36282319687500003 0.5181376671875
1 0.2072732296875 0.538680290625 0.20171020468749998 0.5552028078125 0.1975776625 0.5761737015625 0.20083084062499998 0.574832921875 0.2094832453125 0.5714696046875 0.23015290624999998 0.5805985031249999 0.2543269125 0.503125 0.2359211640625 0.505165028125 0.2212602671875 0.4941966 0.2128362546875 0.5191392453125 0.2072732296875 0.538680290625
7 0.26152846093750004 0.460135284375 0.24903050312500002 0.5012859421875 0.26888018125 0.504960109375 0.293140825 0.43294644375 0.3335752890625 0.34844060468750004 0.3776856125 0.28010110625 0.35955880625000003 0.273161765625 0.3174015265625 0.3374181046875 0.2843187828125 0.405757603125 0.26152846093750004 0.460135284375
7 0.22484055 0.579363021875 0.21066174843750002 0.658272059375 0.23138641875000002 0.6622144921875 0.2453546421875 0.587261453125 0.22945936093750002 0.58370811875 0.22484055 0.579363021875
2 0.25040655312500004 0.4198548 0.23665880781249998 0.4598297921875 0.2185368546875 0.4960570265625 0.2454073640625 0.5054261515625 0.2872754421875 0.40423959062500003 0.319145140625 0.3380311125 0.359138509375 0.2705734125 0.3384374859375 0.26265625 0.309146809375 0.3011792203125 0.278526884375 0.3617662265625 0.25040655312500004 0.4198548
2 0.20419180781250001 0.5733885046875 0.194410828125 0.5782767421874999 0.1827279765625 0.6570317203125 0.2106657546875 0.658355978125 0.224568859375 0.5780051765625001 0.21451618906249997 0.5736600796875 0.20419180781250001 0.5733885046875
0 0.5568088765625 0.6414946515625 0.6070576703125 0.654535934375 0.6264823640625 0.5786154265625 0.58090905625 0.558950765625 0.5568088765625 0.6414946515625
6 0.437077928125 0.4431102421875 0.4435528390625 0.436638334375 0.437077928125 0.42792614531249995 0.41964551875 0.41722259062499994 0.4086880203125 0.41722259062499994 0.39997181406250004 0.4304153421875 0.39125560937500004 0.4520713484375 0.37606449531249997 0.4652641 0.37158190625 0.4782079171875 0.3650205328125 0.5082391125 0.3957382375 0.51081639375 0.41765327343749997 0.441118878125 0.437077928125 0.4431102421875
5 0.2453214421875 0.5063358499999999 0.22365543593749998 0.5830811421875 0.2126979171875 0.6373456828124999 0.2126979171875 0.6570103046875 0.718237815625 0.7291970171875 0.7247127250000001 0.72247619375 0.7877184046875 0.554953228125 0.5090489 0.37270498750000003 0.362529775 0.275353265625 0.32800088125000004 0.3256201609375 0.2976186515625 0.382124915625 0.26723645937499996 0.4475908046875 0.2453214421875 0.5063358499999999