4 0.5154590625 0.6320875609375001 0.5416925953125 0.6445854859375 0.6172702218749999 0.6620825515625001 0.668488090625 0.45274231093750006 0.5619013374999999 0.420907840625 0.47820380625 0.39841163281249997 0.43531250000000005 0.5560937640625 0.46673959062500003 0.570847709375 0.502342271875 0.5752219640625 0.5110867984375 0.561474265625 0.5304496484375 0.5689730015625 0.5154590625 0.6320875609375001
7 0.52198144375 0.6472713109375 0.5142939265625001 0.6338119921875001 0.5186181265625 0.614103734375 0.5210204671875001 0.6020864984375 0.525332559375 0.5894713703125001 0.5143800890625 0.58498878125 0.5094892468750001 0.610258203125 0.506606428125 0.641022334375 0.506606428125 0.6568851 0.5229423468750001 0.6664988875 0.52198144375 0.6472713109375
0 0.5239032859375 0.668902334375 0.5022822265625 0.7453319234375 0.5825203828125 0.7703277953125001 0.6113484625 0.66169199375 0.5181376671875 0.637176803125 0.5253446859374999 0.6506361218750001 0.5239032859375 0.668902334375
1 0.5761737015625 0.8024223375 0.574832921875 0.799169159375 0.5714696046875 0.7905167546875 0.5805985031249999 0.7698470937499999 0.503125 0.7456730874999999 0.505165028125 0.7640788359374999 0.4941966 0.7787397328125001 0.5191392453125 0.7871637453125 0.538680290625 0.7927267703124999 0.5552028078125 0.7982897953125 0.5761737015625 0.8024223375
7 0.504960109375 0.73111981875 0.43294644375 0.7068591750000001 0.34844060468750004 0.6664247109375 0.28010110625 0.6223143875 0.273161765625 0.64044119375 0.3374181046875 0.6825984734375 0.405757603125 0.7156812171875 0.460135284375 0.7384715390625 0.5012859421875 0.750969496875 0.504960109375 0.73111981875
7 0.6622144921875 0.76861358125 0.587261453125 0.7546453578125 0.58370811875 0.7705406390625 0.579363021875 0.7751594500000001 0.658272059375 0.7893382515625 0.6622144921875 0.76861358125
2 0.4960570265625 0.7814631453125 0.5054261515625 0.7545926359374999 0.40423959062500003 0.7127245578125 0.3380311125 0.680854859375 0.2705734125 0.6408614906250001 0.26265625 0.6615625140625 0.3011792203125 0.6908531906250001 0.3617662265625 0.721473115625 0.4198548 0.749593446875 0.4598297921875 0.7633411921875 0.4960570265625 0.7814631453125
2 0.6570317203125 0.8172720234374999 0.658355978125 0.7893342453125001 0.5780051765625001 0.7754311406250001 0.5736600796875 0.7854838109375 0.5733885046875 0.7958081921875 0.5782767421874999 0.8055891718750001 0.6570317203125 0.8172720234374999
0 0.5786154265625 0.3735176359375 0.558950765625 0.41909094375 0.6414946515625 0.4431911234375 0.654535934375 0.3929423296875 0.5786154265625 0.3735176359375
6 0.42792614531249995 0.562922071875 0.41722259062499994 0.58035448125 0.41722259062499994 0.5913119796874999 0.4304153421875 0.6000281859375 0.4520713484375 0.608744390625 0.4652641 0.6239355046874999 0.4782079171875 0.62841809375 0.5082391125 0.6349794671875 0.51081639375 0.6042617625 0.441118878125 0.5823467265625 0.4431102421875 0.562922071875 0.436638334375 0.5564471609375 0.42792614531249995 0.562922071875
5 0.6373456828124999 0.7873020828125 0.6570103046875 0.7873020828125 0.7291970171875 0.281762184375 0.72247619375 0.275287275 0.554953228125 0.2122815953125 0.37270498750000003 0.49095110000000003 0.275353265625 0.6374702250000001 0.3256201609375 0.67199911875 0.382124915625 0.7023813484375 0.4475908046875 0.7327635406249999 0.5063358499999999 0.7546785578125 0.5830811421875 0.7763445640625 0.6373456828124999 0.7873020828125