5 0.299445653125 0.2695694421875 0.3994959578125 0.77861950625 0.696425184375 0.7343960953125 0.5988901875 0.224384628125 0.299445653125 0.2695694421875
0 0.3593053421875 0.425793503125 0.3645905015625 0.444059678125 0.43798076874999997 0.42920672031249996 0.41311772343750003 0.2537066765625 0.35882488125 0.259955653125 0.36987560468749997 0.2787025484375 0.3679537625 0.308985959375 0.361227221875 0.36186179531249996 0.3593053421875 0.425793503125
1 0.414559159375 0.22150048125000002 0.34200850312500003 0.23111427031249998 0.353539740625 0.236882546875 0.3593053421875 0.26043633593750004 0.4107153828125 0.2537066765625 0.414559159375 0.22150048125000002
7 0.2992893109375 0.269088759375 0.300730746875 0.2767797828125 0.6026529171874999 0.2306335875 0.6002505765625 0.22150048125000002 0.2992893109375 0.269088759375
7 0.5305288453125 0.4051682578125 0.516692496875 0.362342478125 0.4282863984375 0.3758017953125 0.43453247968750003 0.39647145625 0.4974737765625 0.3820507734375 0.5013175171875 0.41041141875 0.5305288453125 0.4051682578125
6 0.6142274828125001 0.574807221875 0.5911650421875 0.578652753125 0.5801142734375 0.5800948359375 0.5522471343750001 0.582978928125 0.5450401140625 0.5849017296875 0.5387940343750001 0.533467940625 0.493779184375 0.5405788234375 0.48930581718750005 0.5392361984375 0.47704326874999997 0.5415865281250001 0.48065739843750005 0.5983609750000001 0.4974737765625 0.6199919984375 0.5272627953125 0.6238375281249999 0.5637783546875 0.6074941171875 0.6099032906249999 0.59451551875 0.6281610703125 0.5820175640625 0.630061834375 0.5544437390625 0.6208908796875 0.5512523578125 0.6142274828125001 0.574807221875
4 0.4484660390625 0.41377626718749994 0.457114478125 0.4301197140625 0.364864621875 0.446463125 0.381200540625 0.55461828125 0.5387940343750001 0.532987221875 0.546961975 0.583459646875 0.6164663453125 0.5698317203125 0.6180712421875 0.575287940625 0.61230563125 0.520008621875 0.6199931109375 0.4493472921875 0.59981344375 0.395029371875 0.4484660390625 0.41377626718749994
2 0.59853836875 0.211795303125 0.5954515953125 0.19780129062500001 0.414795625 0.224239209375 0.41239328437499995 0.2391405734375 0.59853836875 0.211795303125
2 0.29656281562500003 0.24490886875 0.2970433125 0.25692610312499997 0.3586538453125 0.2471153734375 0.35085573124999997 0.2357757625 0.29656281562500003 0.24490886875
6 0.3675954875 0.6128858546875 0.3988253390625 0.782698178125 0.5139854203125 0.7592757890625 0.466164709375 0.72121440625 0.421271796875 0.6431397750000001 0.3675954875 0.6128858546875
3 0.41436147187500005 0.2392560046875 0.4123287109375 0.2518591234375 0.5997493015625001 0.2213677046875 0.597716540625 0.21222027968749999 0.41436147187500005 0.2392560046875
3 0.29910390625 0.26893431875 0.3588670875 0.25978689374999997 0.35602122187499996 0.2484034296875 0.2964613171875 0.256941028125 0.29910390625 0.26893431875
6 0.595823078125 0.3926869421875 0.57013959375 0.369031103125 0.5417525859375 0.35956876718749997 0.5208002703125 0.35483759843749996 0.518096746875 0.35956876718749997 0.53161436875 0.404176921875 0.595823078125 0.3926869421875