5 0.7343960953125 0.303574815625 0.224384628125 0.4011098125 0.2695694421875 0.700554346875 0.77861950625 0.6005040421875 0.7343960953125 0.303574815625
0 0.308985959375 0.6320462375 0.36186179531249996 0.638772778125 0.425793503125 0.6406946578125 0.444059678125 0.6354094984375 0.42920672031249996 0.5620192312500001 0.2537066765625 0.5868822765624999 0.259955653125 0.64117511875 0.2787025484375 0.6301243953125 0.308985959375 0.6320462375
1 0.26043633593750004 0.6406946578125 0.2537066765625 0.5892846171875 0.22150048125000002 0.585440840625 0.23111427031249998 0.657991496875 0.236882546875 0.646460259375 0.26043633593750004 0.6406946578125
7 0.2306335875 0.3973470828125 0.22150048125000002 0.3997494234375 0.269088759375 0.7007106890625 0.2767797828125 0.699269253125 0.2306335875 0.3973470828125
7 0.3820507734375 0.5025262234375 0.41041141875 0.4986824828125 0.4051682578125 0.4694711546875 0.362342478125 0.483307503125 0.3758017953125 0.5717136015625 0.39647145625 0.5654675203124999 0.3820507734375 0.5025262234375
6 0.5544437390625 0.369938165625 0.5512523578125 0.3791091203125 0.574807221875 0.3857725171875 0.578652753125 0.4088349578125 0.5800948359375 0.41988572656249995 0.582978928125 0.44775286562499994 0.5849017296875 0.45495988593750003 0.533467940625 0.46120596562499994 0.5405788234375 0.506220815625 0.5392361984375 0.5106941828125 0.5415865281250001 0.5229567312500001 0.5983609750000001 0.5193426015625 0.6199919984375 0.5025262234375 0.6238375281249999 0.47273720468749997 0.6074941171875 0.43622164531249996 0.59451551875 0.39009670937499996 0.5820175640625 0.3718389296875 0.5544437390625 0.369938165625
4 0.4493472921875 0.3800068890625 0.395029371875 0.40018655625 0.41377626718749994 0.5515339609375001 0.4301197140625 0.5428855218749999 0.446463125 0.635135378125 0.55461828125 0.618799459375 0.532987221875 0.46120596562499994 0.583459646875 0.453038025 0.5698317203125 0.3835336546875 0.575287940625 0.3819287578125 0.520008621875 0.38769436874999996 0.4493472921875 0.3800068890625
2 0.224239209375 0.585204375 0.2391405734375 0.587606715625 0.211795303125 0.40146163125 0.19780129062500001 0.4045484046875 0.224239209375 0.585204375
2 0.2471153734375 0.6413461546875 0.2357757625 0.64914426875 0.24490886875 0.703437184375 0.25692610312499997 0.7029566875000001 0.2471153734375 0.6413461546875
6 0.72121440625 0.533835290625 0.6431397750000001 0.5787282031250001 0.6128858546875 0.6324045125 0.782698178125 0.6011746609374999 0.7592757890625 0.4860145796875 0.72121440625 0.533835290625
3 0.2213677046875 0.40025069843749994 0.21222027968749999 0.402283459375 0.2392560046875 0.585638528125 0.2518591234375 0.5876712890625 0.2213677046875 0.40025069843749994
3 0.2484034296875 0.6439787781249999 0.256941028125 0.7035386828125 0.26893431875 0.7008960937500001 0.25978689374999997 0.6411329125 0.2484034296875 0.6439787781249999
6 0.35956876718749997 0.48190325312500004 0.404176921875 0.46838563125 0.3926869421875 0.404176921875 0.369031103125 0.42986040625 0.35956876718749997 0.4582474140625 0.35483759843749996 0.4791997296875 0.35956876718749997 0.48190325312500004