4 0.47443009375 0.62624850625 0.49785290781249997 0.6160939187500001 0.5033182375 0.644214178125 0.5938864390624999 0.633278540625 0.5946672171875 0.623905121875 0.62043230625 0.6215617375 0.635266753125 0.607501546875 0.611894328125 0.386919953125 0.5439177875000001 0.38878786249999997 0.5509446140625001 0.409096978125 0.48379916562499997 0.409096978125 0.47599156093749995 0.29817791875 0.36902743125000004 0.3122381078125 0.3994771015625 0.5934413578125 0.443980453125 0.6004715125 0.47443009375 0.62624850625
0 0.48471405 0.40802388125 0.5487364140625 0.40724277343750004 0.5401480609375 0.3916203671875 0.5401480609375 0.384590271875 0.5858762625 0.3858409484375 0.57294000625 0.244769784375 0.5259376687499999 0.244212896875 0.52714435625 0.2725162578125 0.526094378125 0.304134915625 0.47712387500000003 0.331241121875 0.48471405 0.40802388125
5 0.515889828125 0.24404639687500002 0.4601674046875 0.2491335109375 0.4148809671875 0.253937990625 0.2946123609375 0.28351182812500003 0.4426036203125 0.7533220890625001 0.6327172 0.7584092453125 0.703461021875 0.2491335109375 0.6246472187500001 0.24432903125 0.5554379703125 0.24178545312500002 0.515889828125 0.24404639687500002
1 0.5248612515625 0.2437670609375 0.5734030328124999 0.2457210921875 0.57175855 0.22771987343750003 0.572980634375 0.2130481734375 0.576952390625 0.20510100000000003 0.5151467578125 0.20606434999999998 0.52514048125 0.21543779375 0.5248612515625 0.2437670609375
3 0.5127011421875001 0.23541575781250001 0.45072078437499996 0.24022265312500002 0.3695216890625 0.2541626171875 0.29120539375 0.27242882968750004 0.2930854625 0.2843012125 0.43105181562499995 0.250515375 0.5261615453124999 0.2413276453125 0.5250123531249999 0.2346848234375 0.5127011421875001 0.23541575781250001
2 0.526634721875 0.21330401562499998 0.5127011421875001 0.204170946875 0.2864007140625 0.24358746406249998 0.2889423078125 0.271754796875 0.37288493125 0.2527205703125 0.46033014375 0.24070333437500002 0.50933788125 0.2344543578125 0.5194277015625001 0.23829988750000003 0.526634721875 0.21330401562499998
3 0.7042067296875001 0.24591344999999998 0.6361618531250001 0.23806172343749998 0.574181440625 0.2313320640625 0.57487685 0.24049525625 0.7030241187499999 0.24948768437500002 0.7042067296875001 0.24591344999999998
2 0.622228275 0.237581040625 0.7036057687499999 0.24531248906249997 0.7091929625 0.2202762296875 0.6255915546875 0.2072975921875 0.5780252171875 0.2068169109375 0.5722595984375001 0.2130658875 0.5751424171874999 0.2303707 0.622228275 0.237581040625
7 0.703136384375 0.26377883125 0.7030241187499999 0.24948768437500002 0.6456275 0.244863 0.6333007109375 0.24255065625 0.5738496328125 0.2403667859375 0.5750052625000001 0.251543084375 0.703136384375 0.26377883125
7 0.2922268828125 0.2841727609375 0.2949465328125 0.293831509375 0.3608334484375 0.27709670937499997 0.4156115140625 0.2681544421875 0.4424259515625 0.262533578125 0.48728440624999997 0.25704048749999997 0.5271830421875 0.25256935468749997 0.5261615453124999 0.242349621875 0.4881235859375 0.24601916093749998 0.4496905328125 0.2493592125 0.423881296875 0.25385542656250004 0.3741486921875 0.264004015625 0.2922268828125 0.2841727609375
6 0.4456464234375 0.272822603125 0.42507957812499997 0.28402238125 0.40242998593749996 0.28402238125 0.36832551874999997 0.29105478749999997 0.356870525 0.3045987265625 0.3501017359375 0.31840306093750004 0.3589532921875 0.3660672046875 0.36337902031249997 0.42076375468749994 0.36572212187500003 0.468688334375 0.3680651828125 0.5007249328125 0.381602803125 0.5621934515625 0.4021696890625 0.6260060921874999 0.4362741953125 0.623922365625 0.452415253125 0.64866604375 0.459184103125 0.6898187328125001 0.48183365624999996 0.698934825 0.5138554562500001 0.6945069765625 0.5547287921875 0.6830467625 0.5982055359375 0.678618915625 0.6299669906250001 0.6627308546874999 0.6369961609375 0.612462153125 0.614346603125 0.6283502140625 0.584667865625 0.6374663046875 0.5323395750000001 0.6418940734375 0.49354894531250004 0.639810428125 0.47063903749999997 0.619234121875 0.4433033609375 0.5989182140625 0.40242998593749996 0.596313615625 0.3727512875 0.31840306093750004 0.47495619375000003 0.29970869375000003 0.475064825 0.3296028390625 0.495631671875 0.313975253125 0.5024005015624999 0.302515040625 0.49354894531250004 0.29105478749999997 0.4753251609375 0.27985504843750003 0.4456464234375 0.272822603125
2 0.4419996890625 0.7510611875000001 0.2965190015625 0.2861563015625 0.2939057015625 0.291285084375 0.40245154687499995 0.7411695953125 0.4419996890625 0.7510611875000001