4 0.52556990625 0.37375149375 0.5021470921875 0.38390608125000003 0.4966817625 0.35578582187499996 0.40611356093750006 0.366721459375 0.4053327828125 0.37609487812500003 0.37956769375 0.3784382625 0.36473324687500003 0.392498453125 0.388105671875 0.6130800468750001 0.4560822125 0.6112121375 0.4490553859375 0.590903021875 0.516200834375 0.590903021875 0.5240084390625 0.70182208125 0.6309725687500001 0.6877618921875001 0.6005228984375 0.40655864218750004 0.556019546875 0.3995284875 0.52556990625 0.37375149375
0 0.51528595 0.59197611875 0.4512635859375 0.5927572265625 0.45985193906250005 0.6083796328125 0.45985193906250005 0.615409728125 0.41412373750000003 0.6141590515625001 0.42705999375000003 0.7552302156249999 0.47406233125 0.7557871031250001 0.47285564375 0.7274837421875 0.473905621875 0.695865084375 0.522876125 0.668758878125 0.51528595 0.59197611875
5 0.484110171875 0.755953603125 0.5398325953125 0.7508664890625 0.5851190328125 0.746062009375 0.7053876390625 0.716488171875 0.5573963796875 0.2466779109375 0.3672828 0.24159075468750002 0.29653897812499996 0.7508664890625 0.37535278125 0.75567096875 0.4445620296875 0.758214546875 0.484110171875 0.755953603125
1 0.4751387484375 0.7562329390625 0.4265969671875 0.7542789078125 0.42824144999999997 0.7722801265625 0.427019365625 0.7869518265625 0.423047609375 0.794899 0.48485324218750003 0.79393565 0.47485951875000004 0.7845622062500001 0.4751387484375 0.7562329390625
3 0.4872988578125 0.7645842421875 0.549279215625 0.759777346875 0.6304783109375001 0.7458373828125 0.70879460625 0.7275711703125001 0.7069145375 0.7156987875 0.568948184375 0.749484625 0.4738384546875 0.7586723546874999 0.474987646875 0.7653151765625 0.4872988578125 0.7645842421875
2 0.473365278125 0.786695984375 0.4872988578125 0.7958290531250001 0.7135992859375 0.7564125359375 0.7110576921875 0.728245203125 0.62711506875 0.7472794296874999 0.53966985625 0.759296665625 0.49066211875 0.7655456421875 0.48057229843749993 0.7617001125 0.473365278125 0.786695984375
3 0.2957932703125 0.75408655 0.363838146875 0.7619382765625 0.425818559375 0.7686679359374999 0.42512315 0.75950474375 0.29697588124999996 0.750512315625 0.2957932703125 0.75408655
2 0.377771725 0.7624189593749999 0.29639423125 0.7546875109375 0.2908070375 0.7797237703125 0.3744084453125 0.7927024078125 0.42197478281249995 0.7931830890625 0.4277404015625 0.7869341125 0.4248575828125 0.7696293 0.377771725 0.7624189593749999
7 0.296863615625 0.73622116875 0.29697588124999996 0.750512315625 0.3543725 0.7551370000000001 0.3666992890625 0.7574493437500001 0.42615036718750005 0.7596332140625 0.42499473749999994 0.748456915625 0.296863615625 0.73622116875
7 0.7077731171874999 0.7158272390625 0.7050534671875 0.706168490625 0.6391665515625 0.7229032906249999 0.5843884859374999 0.7318455578124999 0.5575740484375 0.737466421875 0.5127155937500001 0.7429595124999999 0.4728169578125 0.7474306453125 0.4738384546875 0.7576503781249999 0.5118764140625001 0.7539808390625 0.5503094671875 0.7506407875 0.576118703125 0.7461445734375001 0.6258513078125 0.7359959843749999 0.7077731171874999 0.7158272390625
6 0.5543535765625001 0.7271773968749999 0.574920421875 0.71597761875 0.5975700140625 0.71597761875 0.6316744812499999 0.7089452125 0.6431294750000001 0.6954012734374999 0.6498982640625 0.6815969390625 0.6410467078125001 0.6339327953125 0.6366209796875 0.5792362453125001 0.634277878125 0.531311665625 0.6319348171875 0.49927506718750003 0.6183971968749999 0.4378065484375 0.5978303109375 0.37399390781249997 0.5637258046875 0.37607763437499997 0.5475847468749999 0.35133395625 0.540815896875 0.3101812671875 0.51816634375 0.301065175 0.48614454374999994 0.3054930234375 0.44527120781249996 0.31695323750000004 0.4017944640625 0.321381084375 0.370033009375 0.33726914531249996 0.3630038390625 0.38753784687500004 0.385653396875 0.3716497859375 0.415332134375 0.3625336953125 0.46766042499999994 0.3581059265625 0.5064510546875 0.360189571875 0.5293609625 0.38076587812499996 0.5566966390625 0.4010817859375 0.5975700140625 0.403686384375 0.6272487124999999 0.6815969390625 0.52504380625 0.70029130625 0.524935175 0.6703971609375 0.504368328125 0.686024746875 0.4975994984375 0.697484959375 0.5064510546875 0.7089452125 0.5246748390625 0.7201449515625 0.5543535765625001 0.7271773968749999
2 0.5580003109375 0.2489388125 0.7034809984375 0.7138436984375 0.7060942984375 0.708714915625 0.597548453125 0.25883040468749996 0.5580003109375 0.2489388125