4 0.5934413578125 0.6005228984375 0.6004715125 0.556019546875 0.62624850625 0.52556990625 0.6160939187500001 0.5021470921875 0.644214178125 0.4966817625 0.633278540625 0.40611356093750006 0.623905121875 0.4053327828125 0.6215617375 0.37956769375 0.607501546875 0.36473324687500003 0.386919953125 0.388105671875 0.38878786249999997 0.4560822125 0.409096978125 0.4490553859375 0.409096978125 0.516200834375 0.29817791875 0.5240084390625 0.3122381078125 0.6309725687500001 0.5934413578125 0.6005228984375
0 0.304134915625 0.473905621875 0.331241121875 0.522876125 0.40802388125 0.51528595 0.40724277343750004 0.4512635859375 0.3916203671875 0.45985193906250005 0.384590271875 0.45985193906250005 0.3858409484375 0.41412373750000003 0.244769784375 0.42705999375000003 0.244212896875 0.47406233125 0.2725162578125 0.47285564375 0.304134915625 0.473905621875
5 0.24432903125 0.37535278125 0.24178545312500002 0.4445620296875 0.24404639687500002 0.484110171875 0.2491335109375 0.5398325953125 0.253937990625 0.5851190328125 0.28351182812500003 0.7053876390625 0.7533220890625001 0.5573963796875 0.7584092453125 0.3672828 0.2491335109375 0.29653897812499996 0.24432903125 0.37535278125
1 0.20606434999999998 0.48485324218750003 0.21543779375 0.47485951875000004 0.2437670609375 0.4751387484375 0.2457210921875 0.4265969671875 0.22771987343750003 0.42824144999999997 0.2130481734375 0.427019365625 0.20510100000000003 0.423047609375 0.20606434999999998 0.48485324218750003
3 0.2413276453125 0.4738384546875 0.2346848234375 0.474987646875 0.23541575781250001 0.4872988578125 0.24022265312500002 0.549279215625 0.2541626171875 0.6304783109375001 0.27242882968750004 0.70879460625 0.2843012125 0.7069145375 0.250515375 0.568948184375 0.2413276453125 0.4738384546875
2 0.2344543578125 0.49066211875 0.23829988750000003 0.48057229843749993 0.21330401562499998 0.473365278125 0.204170946875 0.4872988578125 0.24358746406249998 0.7135992859375 0.271754796875 0.7110576921875 0.2527205703125 0.62711506875 0.24070333437500002 0.53966985625 0.2344543578125 0.49066211875
3 0.24049525625 0.42512315 0.24948768437500002 0.29697588124999996 0.24591344999999998 0.2957932703125 0.23806172343749998 0.363838146875 0.2313320640625 0.425818559375 0.24049525625 0.42512315
2 0.2130658875 0.4277404015625 0.2303707 0.4248575828125 0.237581040625 0.377771725 0.24531248906249997 0.29639423125 0.2202762296875 0.2908070375 0.2072975921875 0.3744084453125 0.2068169109375 0.42197478281249995 0.2130658875 0.4277404015625
7 0.2403667859375 0.42615036718750005 0.251543084375 0.42499473749999994 0.26377883125 0.296863615625 0.24948768437500002 0.29697588124999996 0.244863 0.3543725 0.24255065625 0.3666992890625 0.2403667859375 0.42615036718750005
7 0.25385542656250004 0.576118703125 0.264004015625 0.6258513078125 0.2841727609375 0.7077731171874999 0.293831509375 0.7050534671875 0.27709670937499997 0.6391665515625 0.2681544421875 0.5843884859374999 0.262533578125 0.5575740484375 0.25704048749999997 0.5127155937500001 0.25256935468749997 0.4728169578125 0.242349621875 0.4738384546875 0.24601916093749998 0.5118764140625001 0.2493592125 0.5503094671875 0.25385542656250004 0.576118703125
6 0.29105478749999997 0.5064510546875 0.27985504843750003 0.5246748390625 0.272822603125 0.5543535765625001 0.28402238125 0.574920421875 0.28402238125 0.5975700140625 0.29105478749999997 0.6316744812499999 0.3045987265625 0.6431294750000001 0.31840306093750004 0.6498982640625 0.3660672046875 0.6410467078125001 0.42076375468749994 0.6366209796875 0.468688334375 0.634277878125 0.5007249328125 0.6319348171875 0.5621934515625 0.6183971968749999 0.6260060921874999 0.5978303109375 0.623922365625 0.5637258046875 0.64866604375 0.5475847468749999 0.6898187328125001 0.540815896875 0.698934825 0.51816634375 0.6945069765625 0.48614454374999994 0.6830467625 0.44527120781249996 0.678618915625 0.4017944640625 0.6627308546874999 0.370033009375 0.612462153125 0.3630038390625 0.6283502140625 0.385653396875 0.6374663046875 0.415332134375 0.6418940734375 0.46766042499999994 0.639810428125 0.5064510546875 0.619234121875 0.5293609625 0.5989182140625 0.5566966390625 0.596313615625 0.5975700140625 0.31840306093750004 0.6272487124999999 0.29970869375000003 0.52504380625 0.3296028390625 0.524935175 0.313975253125 0.504368328125 0.302515040625 0.4975994984375 0.29105478749999997 0.5064510546875
2 0.291285084375 0.7060942984375 0.7411695953125 0.597548453125 0.7510611875000001 0.5580003109375 0.2861563015625 0.7034809984375 0.291285084375 0.7060942984375