5 0.342291703125 0.6991428625 0.771595403125 0.619768665625 0.724103346875 0.30683985625 0.2321874859375 0.399375 0.2685539734375 0.6379312953125 0.27730248281250003 0.6616663609375 0.3029232671875 0.6860260968749999 0.342291703125 0.6991428625
3 0.26292989843750003 0.6822784328125 0.273553115625 0.7122596296875 0.2810518984375 0.7122596296875 0.26292989843750003 0.7278748390625001 0.336042740625 0.7547330171875 0.335417853125 0.7353701671875 0.4138186609375 0.7203708171875001 0.41414921250000003 0.7192757015625 0.41414921250000003 0.7185900234375 0.4114065015625 0.7014480859375001 0.3304186640625 0.714758071875 0.3122967109375 0.7166319171875 0.294799596875 0.70351515 0.2848012671875 0.687899940625 0.2754278234375 0.6516726359375 0.23296873593749998 0.40171875 0.21856227499999997 0.40370310781249996 0.2410585296875 0.5323724234375 0.252306634375 0.61544535625 0.26292989843750003 0.6822784328125
0 0.402609234375 0.6642518390625 0.406656034375 0.687899940625 0.47344852499999995 0.6738632 0.46914565937499997 0.6522972359375 0.402609234375 0.6642518390625
1 0.47998087187499994 0.7071754375 0.471232315625 0.673446575 0.40818073125 0.6877255484375 0.41624147499999997 0.7221660484375 0.40686803125 0.73840585625 0.49560327812500005 0.72403984375 0.47998087187499994 0.7071754375
7 0.24043364375 0.3974570234375 0.233559746875 0.39683243749999997 0.2754278234375 0.6579187203125 0.282301671875 0.6585433187499999 0.2664597515625 0.5483099218749999 0.387909146875 0.5261263390625001 0.391658515625 0.5354954656250001 0.4147796578125 0.5304986031250001 0.39859373593749997 0.45015625000000004 0.379160590625 0.4549209875 0.3866593265625 0.5073880875000001 0.2716784546875 0.5323724234375 0.261680078125 0.5342462671875 0.24043364375 0.3974570234375
2 0.269803746875 0.724751796875 0.27667759687500004 0.714758071875 0.2648045578125 0.6928967796875 0.261055190625 0.67290930625 0.2166875671875 0.40682615 0.2073141234375 0.408075371875 0.251681746875 0.687899940625 0.25793070937499996 0.7060135453124999 0.269803746875 0.724751796875
2 0.33609373593749997 0.7353125 0.3379174484375 0.7534838203125 0.40978051562499995 0.7372439640625 0.4172792515625 0.722878 0.33609373593749997 0.7353125
2 0.48374998593749996 0.7134375000000001 0.496641103125 0.7216287546875 0.780968846875 0.6685370671875 0.779094234375 0.6560449 0.48374998593749996 0.7134375000000001
2 0.31729585312499997 0.7166319171875 0.351040259375 0.7091365875 0.400407071875 0.6997674625 0.41290499687500004 0.6997674625 0.407280921875 0.683527653125 0.360413703125 0.6928967796875 0.3404170421875 0.696019821875 0.3154211921875 0.6910229828125 0.2960493703125 0.6804046125000001 0.2868749859375 0.665 0.2810518984375 0.6672878453125 0.2848012671875 0.6897737375 0.2960493703125 0.705388946875 0.31729585312499997 0.7166319171875
2 0.47281248593749997 0.6743750000000001 0.4760195078125 0.69227218125 0.772845271875 0.6329343859375001 0.7709705640625 0.616694553125 0.47281248593749997 0.6743750000000001
4 0.4116551765625 0.516708284375 0.43102699843750003 0.5273266078125001 0.43602613906250004 0.5498125234375 0.36853737343750004 0.5654277328124999 0.3904087421875 0.6647404484375 0.4641464703125 0.6503744859375 0.546632803125 0.639131515625 0.5510070578125 0.6216424625 0.5578809062500001 0.6072764984375 0.5753780203125001 0.5979073484375 0.552881765625 0.5004684515625 0.599124096875 0.49921923125 0.5816269828125 0.416146321875 0.51476305625 0.42614004687499996 0.5078892078125 0.3880389453125 0.48851743281250004 0.39303580781249997 0.45789750781249994 0.39053740000000003 0.43602613906250004 0.4030295671875 0.3735937359375 0.41500000000000004 0.379160590625 0.4554966453125 0.4016568453125 0.44675214218750003 0.4116551765625 0.516708284375
6 0.5810020484375 0.6360084734375 0.6234950125000001 0.6260147484374999 0.5978743234375 0.49547159062499996 0.5540624859375 0.5009375 0.5778775671874999 0.5904120671875 0.57037883125 0.598531971875 0.5810020484375 0.6360084734375
3 0.7732552125 0.6349073984375 0.4758935203125 0.691165015625 0.479911921875 0.7083867359375 0.7772736140625 0.65614751875 0.7732552125 0.6349073984375