5 0.30683985625 0.275896653125 0.399375 0.7678125140625001 0.6379312953125 0.7314460265625 0.6616663609375 0.7226975171875 0.6860260968749999 0.6970767328125 0.6991428625 0.657708296875 0.619768665625 0.228404596875 0.30683985625 0.275896653125
3 0.7122596296875 0.7189481015625 0.7278748390625001 0.7370701015625001 0.7547330171875 0.6639572593749999 0.7353701671875 0.6645821468750001 0.7203708171875001 0.5861813390624999 0.7192757015625 0.5858507875 0.7185900234375 0.5858507875 0.7014480859375001 0.5885934984375 0.714758071875 0.6695813359375 0.7166319171875 0.6877032890625 0.70351515 0.705200403125 0.687899940625 0.7151987328125 0.6516726359375 0.7245721765625001 0.40171875 0.7670312640625 0.40370310781249996 0.781437725 0.5323724234375 0.7589414703124999 0.61544535625 0.747693365625 0.6822784328125 0.7370701015625001 0.7122596296875 0.7264468843749999 0.7122596296875 0.7189481015625
0 0.6738632 0.526551475 0.6522972359375 0.530854340625 0.6642518390625 0.5973907656249999 0.687899940625 0.593343965625 0.6738632 0.526551475
1 0.6877255484375 0.59181926875 0.7221660484375 0.583758525 0.73840585625 0.5931319687500001 0.72403984375 0.504396721875 0.7071754375 0.5200191281250001 0.673446575 0.528767684375 0.6877255484375 0.59181926875
7 0.6579187203125 0.7245721765625001 0.6585433187499999 0.717698328125 0.5483099218749999 0.7335402484375 0.5261263390625001 0.612090853125 0.5354954656250001 0.608341484375 0.5304986031250001 0.5852203421875 0.45015625000000004 0.6014062640625 0.4549209875 0.620839409375 0.5073880875000001 0.6133406734375 0.5323724234375 0.7283215453125 0.5342462671875 0.738319921875 0.3974570234375 0.75956635625 0.39683243749999997 0.7664402531250001 0.6579187203125 0.7245721765625001
2 0.6928967796875 0.7351954421875 0.67290930625 0.738944809375 0.40682615 0.7833124328125 0.408075371875 0.7926858765625 0.687899940625 0.748318253125 0.7060135453124999 0.742069290625 0.724751796875 0.730196253125 0.714758071875 0.723322403125 0.6928967796875 0.7351954421875
2 0.7372439640625 0.590219484375 0.722878 0.5827207484375 0.7353125 0.6639062640625 0.7534838203125 0.6620825515625001 0.7372439640625 0.590219484375
2 0.6685370671875 0.219031153125 0.6560449 0.22090576562500003 0.7134375000000001 0.5162500140625 0.7216287546875 0.503358896875 0.6685370671875 0.219031153125
2 0.6997674625 0.599592928125 0.6997674625 0.587095003125 0.683527653125 0.592719078125 0.6928967796875 0.639586296875 0.696019821875 0.6595829578125 0.6910229828125 0.6845788078124999 0.6804046125000001 0.7039506296875 0.665 0.7131250140625001 0.6672878453125 0.7189481015625 0.6897737375 0.7151987328125 0.705388946875 0.7039506296875 0.7166319171875 0.682704146875 0.7091365875 0.648959740625 0.6997674625 0.599592928125
2 0.6329343859375001 0.227154728125 0.616694553125 0.22902943593749997 0.6743750000000001 0.5271875140625 0.69227218125 0.5239804921875 0.6329343859375001 0.227154728125
4 0.5498125234375 0.5639738609375 0.5654277328124999 0.6314626265625 0.6647404484375 0.6095912578125 0.6503744859375 0.5358535296875 0.639131515625 0.45336719687500004 0.6216424625 0.44899294218749997 0.6072764984375 0.44211909374999997 0.5979073484375 0.4246219796875 0.5004684515625 0.447118234375 0.49921923125 0.40087590312500004 0.416146321875 0.41837301718750003 0.42614004687499996 0.48523694375000004 0.3880389453125 0.4921107921875 0.39303580781249997 0.5114825671875 0.39053740000000003 0.5421024921875001 0.4030295671875 0.5639738609375 0.41500000000000004 0.6264062640625 0.4554966453125 0.620839409375 0.44675214218750003 0.5983431546875 0.516708284375 0.5883448234374999 0.5273266078125001 0.5689730015625 0.5498125234375 0.5639738609375
6 0.49547159062499996 0.4021256765625 0.5009375 0.44593751406250004 0.5904120671875 0.42212243281250006 0.598531971875 0.42962116874999995 0.6360084734375 0.41899795156249997 0.6260147484374999 0.3765049875 0.49547159062499996 0.4021256765625
3 0.7083867359375 0.520088078125 0.65614751875 0.2227263859375 0.6349073984375 0.2267447875 0.691165015625 0.5241064796875 0.7083867359375 0.520088078125