5 0.275896653125 0.69316014375 0.7678125140625001 0.600625 0.7314460265625 0.3620687046875 0.7226975171875 0.33833363906249997 0.6970767328125 0.313973903125 0.657708296875 0.3008571375 0.228404596875 0.380231334375 0.275896653125 0.69316014375
3 0.7189481015625 0.2877403703125 0.7370701015625001 0.2721251609375 0.6639572593749999 0.24526698281249998 0.6645821468750001 0.26462983281249997 0.5861813390624999 0.27962918281250004 0.5858507875 0.2807242984375 0.5858507875 0.2814099765625 0.5885934984375 0.29855191406250003 0.6695813359375 0.285241928125 0.6877032890625 0.2833680828125 0.705200403125 0.29648485 0.7151987328125 0.31210005937499996 0.7245721765625001 0.3483273640625 0.7670312640625 0.59828125 0.781437725 0.5962968921875 0.7589414703124999 0.46762757656250004 0.747693365625 0.38455464375 0.7370701015625001 0.3177215671875 0.7264468843749999 0.2877403703125 0.7189481015625 0.2877403703125
0 0.526551475 0.3261368 0.530854340625 0.3477027640625 0.5973907656249999 0.33574816093750004 0.593343965625 0.31210005937499996 0.526551475 0.3261368
1 0.59181926875 0.3122744515625 0.583758525 0.2778339515625 0.5931319687500001 0.26159414375 0.504396721875 0.27596015625 0.5200191281250001 0.2928245625 0.528767684375 0.326553425 0.59181926875 0.3122744515625
7 0.7245721765625001 0.3420812796875 0.717698328125 0.34145668125 0.7335402484375 0.45169007812500006 0.612090853125 0.47387366093749994 0.608341484375 0.46450453437499994 0.5852203421875 0.469501396875 0.6014062640625 0.54984375 0.620839409375 0.5450790125 0.6133406734375 0.49261191249999997 0.7283215453125 0.46762757656250004 0.738319921875 0.4657537328125 0.75956635625 0.6025429765625 0.7664402531250001 0.6031675625 0.7245721765625001 0.3420812796875
2 0.7351954421875 0.30710322031250004 0.738944809375 0.32709069375 0.7833124328125 0.59317385 0.7926858765625 0.591924628125 0.748318253125 0.31210005937499996 0.742069290625 0.2939864546875 0.730196253125 0.275248203125 0.723322403125 0.285241928125 0.7351954421875 0.30710322031250004
2 0.590219484375 0.26275603593749997 0.5827207484375 0.277122 0.6639062640625 0.2646875 0.6620825515625001 0.2465161796875 0.590219484375 0.26275603593749997
2 0.219031153125 0.3314629328125 0.22090576562500003 0.34395509999999996 0.5162500140625 0.2865625 0.503358896875 0.2783712453125 0.219031153125 0.3314629328125
2 0.599592928125 0.3002325375 0.587095003125 0.3002325375 0.592719078125 0.31647234687500003 0.639586296875 0.30710322031250004 0.6595829578125 0.303980178125 0.6845788078124999 0.30897701718750004 0.7039506296875 0.3195953875 0.7131250140625001 0.335 0.7189481015625 0.3327121546875 0.7151987328125 0.31022626249999996 0.7039506296875 0.294611053125 0.682704146875 0.2833680828125 0.648959740625 0.2908634125 0.599592928125 0.3002325375
2 0.227154728125 0.3670656140625 0.22902943593749997 0.383305446875 0.5271875140625 0.325625 0.5239804921875 0.30772781875 0.227154728125 0.3670656140625
4 0.5639738609375 0.45018747656249997 0.6314626265625 0.4345722671875 0.6095912578125 0.3352595515625 0.5358535296875 0.34962551406250003 0.45336719687500004 0.36086848437499996 0.44899294218749997 0.3783575375 0.44211909374999997 0.3927235015625 0.4246219796875 0.40209265156249996 0.447118234375 0.49953154843750003 0.40087590312500004 0.50078076875 0.41837301718750003 0.583853678125 0.48523694375000004 0.573859953125 0.4921107921875 0.6119610546875001 0.5114825671875 0.6069641921875 0.5421024921875001 0.6094626 0.5639738609375 0.5969704328125001 0.6264062640625 0.585 0.620839409375 0.5445033546875 0.5983431546875 0.5532478578125 0.5883448234374999 0.48329171562499995 0.5689730015625 0.4726733921875 0.5639738609375 0.45018747656249997
6 0.4021256765625 0.504528409375 0.44593751406250004 0.49906249999999996 0.42212243281250006 0.4095879328125 0.42962116874999995 0.40146802812500004 0.41899795156249997 0.3639915265625 0.3765049875 0.3739852515625 0.4021256765625 0.504528409375
3 0.520088078125 0.2916132640625 0.2227263859375 0.34385248125 0.2267447875 0.3650926015625 0.5241064796875 0.308834984375 0.520088078125 0.2916132640625