4 0.6616173875 0.5475180046875 0.5595980484374999 0.4037918359375 0.51483445625 0.3558831390625 0.4960962125 0.348592715625 0.4752759328125 0.3767130140625 0.4752759328125 0.390252465625 0.45029158281250004 0.4100407828125 0.4232252359375 0.3819204828125 0.39511777187499997 0.4079578265625 0.34827214375 0.4339951703125 0.466947790625 0.610007628125 0.479439965625 0.632920459375 0.510670384375 0.6558332890624999 0.5580023656249999 0.620859240625 0.571049225 0.627712990625 0.6085257109375 0.606883115625 0.6314280265625001 0.5829288078125 0.6241409203125 0.574596825 0.6616173875 0.5475180046875
0 0.3597233609375 0.317347903125 0.3045496296875 0.3579660953125 0.35782172968750003 0.4292813875 0.39407685312499996 0.40899930468749995 0.4121146453125 0.3927489984375 0.3597233609375 0.317347903125
5 0.4987697875 0.2410762046875 0.46329590156249995 0.2568998765625 0.4237549484375 0.27860088906249997 0.3763058125 0.3043708890625 0.3247895578125 0.3418956078125 0.256050940625 0.3912486890625 0.5724872765625 0.7998093453124999 0.7424003984375 0.67158276875 0.59803193125 0.2033254546875 0.53883345625 0.2232180421875 0.4987697875 0.2410762046875
1 0.26936540937500003 0.3232859765625 0.3046373484375 0.357839040625 0.36022407031250003 0.3172807375 0.3465229140625 0.2732942546875 0.26936540937500003 0.3232859765625
7 0.43068768124999995 0.37015657343749997 0.41531270156250005 0.37015657343749997 0.4035839890625 0.3797561859375 0.4120345703125 0.39115134687499997 0.4263634609375 0.386980703125 0.4508673296875 0.410053809375 0.4630884078125 0.402209221875 0.4499064 0.38457725625 0.43068768124999995 0.37015657343749997
3 0.3048286109375 0.3577141203125 0.2870596640625 0.3409010375 0.2443233015625 0.3757636390625 0.2565015234375 0.393829090625 0.3048286109375 0.3577141203125
3 0.540190425 0.21065948437499998 0.47181224843749997 0.2323664265625 0.41658372187500003 0.259335621875 0.354122859375 0.29946052968750003 0.360697709375 0.313931840625 0.476535396875 0.2518750375 0.480533259375 0.25081629843750003 0.54559415625 0.21999503593749997 0.5959201796875 0.2035256671875 0.5939212484375 0.191173640625 0.5684621671875 0.19947715 0.574298003125 0.1667616796875 0.521027715625 0.1874686109375 0.5461360078124999 0.2083452296875 0.540190425 0.21065948437499998
2 0.2880592703125 0.3428612578125 0.2698683671875 0.3254874421875 0.227572515625 0.35381435625 0.24381234062499998 0.3754774125 0.2880592703125 0.3428612578125
2 0.5209948703125 0.18924762343749998 0.4647801171875 0.20966090781250002 0.4193919015625 0.23174055624999998 0.3802497859375 0.2521538390625 0.3452717109375 0.27423351875 0.3561458328125 0.2980208234375 0.414811415625 0.2604857890625 0.45645200468749997 0.2396559140625 0.5010074046875 0.2221588328125 0.547644825 0.20674470625 0.5209948703125 0.18924762343749998
2 0.5749817375 0.169546196875 0.569278796875 0.19861746875 0.5942631281249999 0.191010028125 0.5862092390625 0.1658287984375 0.5749817375 0.169546196875
6 0.4779479203125 0.3652887703125 0.498309559375 0.351577496875 0.5292435515625 0.3754743125 0.5359002921875 0.3617630390625 0.532376184375 0.3378662234375 0.5151470890625001 0.32415495 0.47755635625000004 0.32415495 0.4466223046875 0.3378662234375 0.42626063593749997 0.3684227875 0.45053800624999996 0.3825258359375 0.45719468750000003 0.4064225921875 0.4705080203125 0.3993711265625 0.4642429640625 0.3719485796875 0.4779479203125 0.3652887703125
7 0.5960377625 0.2035256671875 0.553825046875 0.21799518906249998 0.47974703593749995 0.2518750375 0.5981394984375 0.20948985625 0.5960377625 0.2035256671875