4 0.3383826125 0.4524819953125 0.44040195156250006 0.5962081640625 0.48516554375 0.6441168609375 0.5039037875 0.6514072843750001 0.5247240671875 0.6232869859375 0.5247240671875 0.6097475343750001 0.5497084171875 0.5899592171875 0.5767747640625001 0.6180795171875 0.6048822281249999 0.5920421734375 0.65172785625 0.5660048296875 0.533052209375 0.389992371875 0.520560034375 0.367079540625 0.489329615625 0.3441667109375 0.441997634375 0.37914075937499997 0.428950775 0.37228700937500003 0.3914742890625 0.39311688437500003 0.36857197343750003 0.4170711921875 0.3758590796875 0.425403175 0.3383826125 0.4524819953125
0 0.6402766390625 0.682652096875 0.6954503703125 0.6420339046875 0.6421782703125001 0.5707186125 0.605923146875 0.5910006953125 0.5878853546875 0.6072510015625 0.6402766390625 0.682652096875
5 0.5012302125 0.7589237953125 0.5367040984375 0.7431001234375 0.5762450515624999 0.7213991109375 0.6236941875 0.6956291109375 0.6752104421875 0.6581043921874999 0.743949059375 0.6087513109375 0.42751272343749996 0.2001906546875 0.2575996015625 0.32841723125 0.40196806875 0.7966745453125 0.46116654375 0.7767819578124999 0.5012302125 0.7589237953125
1 0.730634590625 0.6767140234375 0.6953626515625 0.6421609593750001 0.6397759296875 0.6827192625 0.6534770859375 0.7267057453125 0.730634590625 0.6767140234375
7 0.56931231875 0.6298434265624999 0.5846872984375 0.6298434265624999 0.5964160109375001 0.6202438140625001 0.5879654296875 0.608848653125 0.5736365390625 0.613019296875 0.5491326703125 0.589946190625 0.5369115921875001 0.597790778125 0.5500936000000001 0.6154227437500001 0.56931231875 0.6298434265624999
3 0.6951713890625 0.6422858796875001 0.7129403359375 0.6590989625 0.7556766984375 0.6242363609375 0.7434984765625 0.6061709093750001 0.6951713890625 0.6422858796875001
3 0.45980957499999997 0.789340515625 0.5281877515625 0.7676335734374999 0.583416278125 0.740664378125 0.645877140625 0.7005394703125 0.639302290625 0.686068159375 0.523464603125 0.7481249625 0.519466740625 0.7491837015625 0.45440584375000004 0.7800049640625 0.4040798203125 0.7964743328125 0.4060787515625 0.808826359375 0.4315378328125 0.8005228499999999 0.425701996875 0.8332383203125 0.478972284375 0.8125313890625 0.4538639921875 0.7916547703125 0.45980957499999997 0.789340515625
2 0.7119407296875 0.6571387421875 0.7301316328125 0.6745125578125 0.772427484375 0.64618564375 0.756187659375 0.6245225875 0.7119407296875 0.6571387421875
2 0.47900512968750003 0.8107523765625 0.5352198828125 0.7903390921875 0.5806080984374999 0.76825944375 0.6197502140625 0.7478461609375 0.6547282890624999 0.72576648125 0.6438541671875 0.7019791765625001 0.585188584375 0.7395142109374999 0.5435479953125 0.7603440859374999 0.49899259531249995 0.7778411671875001 0.452355175 0.7932552937499999 0.47900512968750003 0.8107523765625
2 0.42501826249999997 0.8304538031250001 0.43072120312499995 0.80138253125 0.405736871875 0.8089899718750001 0.41379076093749995 0.8341712015624999 0.42501826249999997 0.8304538031250001
6 0.5220520796875 0.6347112296875 0.501690440625 0.648422503125 0.47075644843750003 0.6245256875 0.46409970781250004 0.6382369609375 0.467623815625 0.6621337765625 0.4848529109375 0.6758450500000001 0.52244364375 0.6758450500000001 0.5533776953125 0.6621337765625 0.5737393640625 0.6315772125 0.54946199375 0.6174741640625 0.5428053125 0.5935774078125 0.5294919796875 0.6006288734375 0.5357570359375 0.6280514203124999 0.5220520796875 0.6347112296875
7 0.40396223750000004 0.7964743328125 0.446174953125 0.7820048109375 0.5202529640625 0.7481249625 0.40186050156249997 0.79051014375 0.40396223750000004 0.7964743328125