4 0.5829288078125 0.36857197343750003 0.574596825 0.3758590796875 0.5475180046875 0.3383826125 0.4037918359375 0.44040195156250006 0.3558831390625 0.48516554375 0.348592715625 0.5039037875 0.3767130140625 0.5247240671875 0.390252465625 0.5247240671875 0.4100407828125 0.5497084171875 0.3819204828125 0.5767747640625001 0.4079578265625 0.6048822281249999 0.4339951703125 0.65172785625 0.610007628125 0.533052209375 0.632920459375 0.520560034375 0.6558332890624999 0.489329615625 0.620859240625 0.441997634375 0.627712990625 0.428950775 0.606883115625 0.3914742890625 0.5829288078125 0.36857197343750003
0 0.40899930468749995 0.605923146875 0.3927489984375 0.5878853546875 0.317347903125 0.6402766390625 0.3579660953125 0.6954503703125 0.4292813875 0.6421782703125001 0.40899930468749995 0.605923146875
5 0.2033254546875 0.40196806875 0.2232180421875 0.46116654375 0.2410762046875 0.5012302125 0.2568998765625 0.5367040984375 0.27860088906249997 0.5762450515624999 0.3043708890625 0.6236941875 0.3418956078125 0.6752104421875 0.3912486890625 0.743949059375 0.7998093453124999 0.42751272343749996 0.67158276875 0.2575996015625 0.2033254546875 0.40196806875
1 0.3172807375 0.6397759296875 0.2732942546875 0.6534770859375 0.3232859765625 0.730634590625 0.357839040625 0.6953626515625 0.3172807375 0.6397759296875
7 0.402209221875 0.5369115921875001 0.38457725625 0.5500936000000001 0.37015657343749997 0.56931231875 0.37015657343749997 0.5846872984375 0.3797561859375 0.5964160109375001 0.39115134687499997 0.5879654296875 0.386980703125 0.5736365390625 0.410053809375 0.5491326703125 0.402209221875 0.5369115921875001
3 0.3757636390625 0.7556766984375 0.393829090625 0.7434984765625 0.3577141203125 0.6951713890625 0.3409010375 0.7129403359375 0.3757636390625 0.7556766984375
3 0.1874686109375 0.478972284375 0.2083452296875 0.4538639921875 0.21065948437499998 0.45980957499999997 0.2323664265625 0.5281877515625 0.259335621875 0.583416278125 0.29946052968750003 0.645877140625 0.313931840625 0.639302290625 0.2518750375 0.523464603125 0.25081629843750003 0.519466740625 0.21999503593749997 0.45440584375000004 0.2035256671875 0.4040798203125 0.191173640625 0.4060787515625 0.19947715 0.4315378328125 0.1667616796875 0.425701996875 0.1874686109375 0.478972284375
2 0.35381435625 0.772427484375 0.3754774125 0.756187659375 0.3428612578125 0.7119407296875 0.3254874421875 0.7301316328125 0.35381435625 0.772427484375
2 0.2221588328125 0.49899259531249995 0.20674470625 0.452355175 0.18924762343749998 0.47900512968750003 0.20966090781250002 0.5352198828125 0.23174055624999998 0.5806080984374999 0.2521538390625 0.6197502140625 0.27423351875 0.6547282890624999 0.2980208234375 0.6438541671875 0.2604857890625 0.585188584375 0.2396559140625 0.5435479953125 0.2221588328125 0.49899259531249995
2 0.191010028125 0.405736871875 0.1658287984375 0.41379076093749995 0.169546196875 0.42501826249999997 0.19861746875 0.43072120312499995 0.191010028125 0.405736871875
6 0.3993711265625 0.5294919796875 0.3719485796875 0.5357570359375 0.3652887703125 0.5220520796875 0.351577496875 0.501690440625 0.3754743125 0.47075644843750003 0.3617630390625 0.46409970781250004 0.3378662234375 0.467623815625 0.32415495 0.4848529109375 0.32415495 0.52244364375 0.3378662234375 0.5533776953125 0.3684227875 0.5737393640625 0.3825258359375 0.54946199375 0.4064225921875 0.5428053125 0.3993711265625 0.5294919796875
7 0.2518750375 0.5202529640625 0.20948985625 0.40186050156249997 0.2035256671875 0.40396223750000004 0.21799518906249998 0.446174953125 0.2518750375 0.5202529640625