5 0.15655595312499998 0.5084119281249999 0.699999984375 0.7583881578125 0.844599596875 0.4708012859375 0.8459151484375 0.46619892968750004 0.27890405 0.24213150468750003 0.15655595312499998 0.5084119281249999
7 0.3122652609375 0.49030316406249996 0.3234475953125 0.494905546875 0.333972153125 0.47189365937499994 0.318843115625 0.46794874999999997 0.31489636249999997 0.458744009375 0.3208164421875 0.448224275 0.3241053703125 0.4377045640625 0.3287098984375 0.4284998 0.30608551093749997 0.41875 0.2958206234375 0.44164945 0.28990054375 0.46466133750000005 0.2925316953125 0.4804409265625 0.3122652609375 0.49030316406249996
7 0.2372777015625 0.378531128125 0.2246710375 0.366118421875 0.1590012140625 0.5106851125 0.1734724765625 0.5185749562499999 0.2372777015625 0.378531128125
7 0.2530645640625 0.2982152109375 0.2678554703125 0.3058349765625 0.2946410171875 0.24866582343750002 0.279375984375 0.24430164062499998 0.2530645640625 0.2982152109375
2 0.23661992656250003 0.2949277984375 0.246486709375 0.307419975 0.2800337609375 0.2423291984375 0.26227352187499997 0.237726815625 0.23661992656250003 0.2949277984375
2 0.2222039328125 0.3677631578125 0.2057039765625 0.3652784296875 0.1418988015625 0.5040072265625 0.1590012140625 0.5132119921875 0.2222039328125 0.3677631578125
1 0.24385555625 0.3139948 0.23207235312500002 0.2912828953125 0.2017572734375 0.3633059875 0.22214861406250003 0.3665934 0.24385555625 0.3139948
4 0.3872527703125 0.585586596875 0.41816872031249996 0.6039961265625 0.44908461875 0.6013661859375 0.499734084375 0.49419651875000004 0.5155209968750001 0.5053737765624999 0.5490679984375 0.4159561171875 0.47934279375 0.3745347 0.3768091953125 0.33898026406250004 0.333972153125 0.4258183546875 0.3510745671875 0.43239317968749996 0.303056253125 0.5395628218749999 0.3872527703125 0.585586596875
6 0.5135476203125 0.5053737765624999 0.49841853281250004 0.49879895156250004 0.451644721875 0.601315790625 0.4892095765625 0.6230630781250001 0.5661704624999999 0.454090096875 0.5359122875 0.440282975 0.5135476203125 0.5053737765624999
6 0.27449922187500003 0.5686508140625001 0.3252150140625 0.592740815625 0.3474031734375 0.5692847609375 0.303660803125 0.5426589703125 0.308098434375 0.52490844375 0.2770350125 0.533149759375 0.26118632656249996 0.543926865625 0.250409221875 0.5528021296875 0.27449922187500003 0.5686508140625001
0 0.23814297343750002 0.3273292375 0.22061865468750003 0.3664460203125 0.3323361859375 0.42903287343749996 0.3651942828125 0.3579967953125 0.249095671875 0.3085531828125 0.23814297343750002 0.3273292375
6 0.28527632812500003 0.41840528125 0.29668738125 0.41143185937500004 0.23899816875000002 0.37402896406249997 0.1724336921875 0.517301075 0.21934579843750002 0.5420250234374999 0.2370963265625 0.48940738906250003 0.23012290468750002 0.45834396718750003 0.25231106406250003 0.43171817656249994 0.28527632812500003 0.41840528125