5 0.5291987140625001 0.844599596875 0.5338010703125 0.8459151484375 0.7578684953125 0.27890405 0.49158807187500003 0.15655595312499998 0.24161184218749998 0.699999984375 0.5291987140625001 0.844599596875
7 0.5281063406250001 0.333972153125 0.5320512500000001 0.318843115625 0.5412559906250001 0.31489636249999997 0.5517757249999999 0.3208164421875 0.5622954359375 0.3241053703125 0.5715002 0.3287098984375 0.58125 0.30608551093749997 0.55835055 0.2958206234375 0.5353386625 0.28990054375 0.5195590734375 0.2925316953125 0.5096968359375 0.3122652609375 0.505094453125 0.3234475953125 0.5281063406250001 0.333972153125
7 0.48931488749999996 0.1590012140625 0.48142504375 0.1734724765625 0.621468871875 0.2372777015625 0.633881578125 0.2246710375 0.48931488749999996 0.1590012140625
7 0.7513341765625 0.2946410171875 0.755698359375 0.279375984375 0.7017847890625 0.2530645640625 0.6941650234375001 0.2678554703125 0.7513341765625 0.2946410171875
2 0.7576708015625 0.2800337609375 0.7622731843749999 0.26227352187499997 0.7050722015625001 0.23661992656250003 0.692580025 0.246486709375 0.7576708015625 0.2800337609375
2 0.49599277343750003 0.1418988015625 0.48678800781250003 0.1590012140625 0.6322368421875 0.2222039328125 0.6347215703125 0.2057039765625 0.49599277343750003 0.1418988015625
1 0.6366940125 0.2017572734375 0.6334066 0.22214861406250003 0.6860052 0.24385555625 0.7087171046875 0.23207235312500002 0.6366940125 0.2017572734375
4 0.3986338140625 0.44908461875 0.50580348125 0.499734084375 0.4946262234375 0.5155209968750001 0.5840438828125001 0.5490679984375 0.6254653 0.47934279375 0.6610197359375001 0.3768091953125 0.5741816453124999 0.333972153125 0.5676068203125 0.3510745671875 0.460437178125 0.303056253125 0.414413403125 0.3872527703125 0.3960038734375 0.41816872031249996 0.3986338140625 0.44908461875
6 0.398684209375 0.451644721875 0.376936921875 0.4892095765625 0.545909903125 0.5661704624999999 0.559717025 0.5359122875 0.4946262234375 0.5135476203125 0.5012010484375 0.49841853281250004 0.398684209375 0.451644721875
6 0.43071523906250003 0.3474031734375 0.4573410296875 0.303660803125 0.47509155625000005 0.308098434375 0.466850240625 0.2770350125 0.45607313437499997 0.26118632656249996 0.4471978703125 0.250409221875 0.43134918593749993 0.27449922187500003 0.40725918437499997 0.3252150140625 0.43071523906250003 0.3474031734375
0 0.5709671265625 0.3323361859375 0.6420032046874999 0.3651942828125 0.6914468171875 0.249095671875 0.6726707625 0.23814297343750002 0.6335539796874999 0.22061865468750003 0.5709671265625 0.3323361859375
6 0.6259710359375 0.23899816875000002 0.48269892499999995 0.1724336921875 0.4579749765625 0.21934579843750002 0.5105926109375 0.2370963265625 0.5416560328125 0.23012290468750002 0.5682818234375 0.25231106406250003 0.58159471875 0.28527632812500003 0.588568140625 0.29668738125 0.6259710359375 0.23899816875000002