5 0.155400403125 0.5291987140625001 0.1540848515625 0.5338010703125 0.72109595 0.7578684953125 0.843444046875 0.49158807187500003 0.300000015625 0.24161184218749998 0.155400403125 0.5291987140625001
7 0.6660278468749999 0.5281063406250001 0.681156884375 0.5320512500000001 0.6851036374999999 0.5412559906250001 0.6791835578125001 0.5517757249999999 0.6758946296875 0.5622954359375 0.6712901015625 0.5715002 0.6939144890625 0.58125 0.7041793765625 0.55835055 0.71009945625 0.5353386625 0.7074683046875 0.5195590734375 0.6877347390625 0.5096968359375 0.6765524046875 0.505094453125 0.6660278468749999 0.5281063406250001
7 0.8409987859375001 0.48931488749999996 0.8265275234375 0.48142504375 0.7627222984375 0.621468871875 0.7753289624999999 0.633881578125 0.8409987859375001 0.48931488749999996
7 0.7053589828125 0.7513341765625 0.720624015625 0.755698359375 0.7469354359375 0.7017847890625 0.7321445296875 0.6941650234375001 0.7053589828125 0.7513341765625
2 0.7199662390625 0.7576708015625 0.737726478125 0.7622731843749999 0.7633800734375 0.7050722015625001 0.753513290625 0.692580025 0.7199662390625 0.7576708015625
2 0.8581011984375 0.49599277343750003 0.8409987859375001 0.48678800781250003 0.7777960671875 0.6322368421875 0.7942960234374999 0.6347215703125 0.8581011984375 0.49599277343750003
1 0.7982427265625 0.6366940125 0.7778513859375 0.6334066 0.75614444375 0.6860052 0.767927646875 0.7087171046875 0.7982427265625 0.6366940125
4 0.5509153812500001 0.3986338140625 0.500265915625 0.50580348125 0.484479003125 0.4946262234375 0.45093200156249996 0.5840438828125001 0.52065720625 0.6254653 0.6231908046875 0.6610197359375001 0.6660278468749999 0.5741816453124999 0.6489254328125 0.5676068203125 0.6969437468749999 0.460437178125 0.6127472296875001 0.414413403125 0.5818312796875 0.3960038734375 0.5509153812500001 0.3986338140625
6 0.5483552781250001 0.398684209375 0.5107904234375 0.376936921875 0.43382953750000003 0.545909903125 0.4640877125 0.559717025 0.4864523796875 0.4946262234375 0.5015814671875 0.5012010484375 0.5483552781250001 0.398684209375
6 0.6525968265625 0.43071523906250003 0.696339196875 0.4573410296875 0.691901565625 0.47509155625000005 0.7229649874999999 0.466850240625 0.7388136734375 0.45607313437499997 0.749590778125 0.4471978703125 0.725500778125 0.43134918593749993 0.6747849859375 0.40725918437499997 0.6525968265625 0.43071523906250003
0 0.6676638140625 0.5709671265625 0.6348057171875 0.6420032046874999 0.7509043281250001 0.6914468171875 0.7618570265625 0.6726707625 0.7793813453125 0.6335539796874999 0.6676638140625 0.5709671265625
6 0.76100183125 0.6259710359375 0.8275663078125 0.48269892499999995 0.7806542015625 0.4579749765625 0.7629036734375 0.5105926109375 0.7698770953125 0.5416560328125 0.7476889359375 0.5682818234375 0.7147236718750001 0.58159471875 0.70331261875 0.588568140625 0.76100183125 0.6259710359375