5 0.71251873125 0.24072054375000002 0.280204134375 0.244127490625 0.2552083203125 0.7585525421875 0.7448863765625 0.7328125 0.71251873125 0.24072054375000002
0 0.434723959375 0.369458353125 0.509090921875 0.3642045453125 0.4916969640625 0.2445901578125 0.434723959375 0.2445367 0.42904308437500005 0.35299141875 0.4341558375 0.3546948484375 0.434723959375 0.369458353125
1 0.4899147859375 0.2448863625 0.485851834375 0.209331475 0.4955093046875 0.19513583125 0.4330196796875 0.19513583125 0.4409729140625 0.2070601640625 0.43642819531250004 0.24567233437499997 0.4899147859375 0.2448863625
2 0.48698799218750005 0.231476690625 0.4909645875 0.2451045171875 0.7164953484375001 0.241697571875 0.7164953484375001 0.22636624843750003 0.48698799218750005 0.231476690625
2 0.28247645 0.2240415125 0.27963601250000003 0.2434010234375 0.4352272859375 0.2448863625 0.43870055468749997 0.22971977031250002 0.28247645 0.2240415125
2 0.500054021875 0.1962715078125 0.48698799218750005 0.209331475 0.7171875125 0.2029829546875 0.717631528125 0.19286451875 0.500054021875 0.1962715078125
2 0.2870211671875 0.1934323796875 0.28077225625 0.205871125 0.4409729140625 0.2115493828125 0.4313154 0.19570364843750002 0.2870211671875 0.1934323796875
4 0.32053838125 0.362121125 0.30519995 0.46432976875 0.3239468546875 0.5018062828125001 0.38302796250000004 0.5108914875 0.423362209375 0.5125949609375 0.423362209375 0.5483679703125001 0.4750581625 0.5523427765625 0.5183238765625 0.5438920453125 0.5153923671875 0.36496025468750004 0.4330196796875 0.368367221875 0.436996275 0.35701070625 0.3705300546875 0.3609854703125 0.3762109296875 0.3587141796875 0.32053838125 0.362121125
6 0.3614406640625 0.508620175 0.3648491796875 0.5426897125 0.42386365000000004 0.5431818171875 0.42165792968750004 0.5063488859375 0.3614406640625 0.508620175
3 0.7186079671875001 0.225 0.71819960625 0.204221034375 0.48812415 0.2116027875 0.4877197890625 0.21213017656250002 0.4916756203125 0.22993141874999998 0.49233492500000003 0.23190933593750002 0.7186079671875001 0.225
6 0.5540223328125 0.42685327500000003 0.516528525 0.42685327500000003 0.5218750125 0.4835227265625 0.5557265703125001 0.4813645421875 0.5540223328125 0.42685327500000003
3 0.280038621875 0.2233383671875 0.4409091125 0.23059072500000002 0.43893119687500004 0.21213017656250002 0.280038621875 0.2055371234375 0.280038621875 0.2233383671875
6 0.676297425 0.4631490078125 0.661262059375 0.512677271875 0.6214625625 0.5683965671875 0.59669843125 0.5630899671875 0.5657432671875 0.529481503125 0.537441403125 0.5259437703125001 0.5224060374999999 0.54717016875 0.5029485046875 0.6303068953125 0.49145087343749994 0.6895639234375001 0.45076694218749996 0.69840825625 0.422465078125 0.6223469953125 0.4012386796875 0.5913918312499999 0.3366750515625 0.59935173125 0.3021821546875 0.6214625625 0.268573690625 0.6126182296875 0.256191625 0.7647407515625 0.7417454875 0.7302478546875 0.7196346546875 0.3313684515625 0.7169813546875 0.2844934890625 0.6895639234375001 0.250885025 0.6674530921875 0.24027182656249998 0.5586678015625 0.2473472921875 0.5586678015625 0.3021821546875 0.5869696656250001 0.33932835156249996 0.6241158625 0.35524815 0.6329601953124999 0.38001228125000003 0.663915359375 0.4233495109375 0.676297425 0.4631490078125