5 0.7447916796875 0.24144745781250002 0.2551136234375 0.2671875 0.28748126875 0.75927945625 0.719795865625 0.755872509375 0.7447916796875 0.24144745781250002
0 0.570956915625 0.6470085812499999 0.5658441625 0.6453051515625 0.5652760406249999 0.630541646875 0.49090907812499995 0.6357954546875 0.5083030359375 0.7554098421875 0.5652760406249999 0.7554633 0.570956915625 0.6470085812499999
1 0.5590270859375 0.7929398359375 0.5635718046875 0.754327665625 0.5100852140625001 0.7551136374999999 0.514148165625 0.790668525 0.5044906953125 0.80486416875 0.5669803203125 0.80486416875 0.5590270859375 0.7929398359375
2 0.28350465156250004 0.758302428125 0.28350465156250004 0.7736337515625 0.5130120078125 0.768523309375 0.5090354125000001 0.7548954828125 0.28350465156250004 0.758302428125
2 0.5647727140625001 0.7551136374999999 0.5612994453125 0.7702802296875 0.71752355 0.7759584875 0.7203639875000001 0.7565989765625 0.5647727140625001 0.7551136374999999
2 0.2828124875 0.7970170453125001 0.282368471875 0.8071354812499999 0.49994597812499997 0.8037284921875001 0.5130120078125 0.790668525 0.2828124875 0.7970170453125001
2 0.5590270859375 0.7884506171875 0.5686846 0.8042963515625001 0.7129788328125 0.8065676203125 0.71922774375 0.794128875 0.5590270859375 0.7884506171875
4 0.6294699453125 0.6390145296874999 0.6237890703125 0.6412858203125 0.67946161875 0.637878875 0.69480005 0.53567023125 0.6760531453125 0.4981937171875 0.6169720375 0.4891085125 0.576637790625 0.48740503906250005 0.576637790625 0.45163202968749994 0.5249418375 0.44765722343750003 0.4816761234375 0.4561079546875 0.4846076328125 0.6350397453125 0.5669803203125 0.631632778125 0.563003725 0.64298929375 0.6294699453125 0.6390145296874999
6 0.57613635 0.4568181828125 0.5783420703125 0.4936511140625 0.6385593359375 0.491379825 0.6351508203125 0.4573102875 0.57613635 0.4568181828125
3 0.5083243796875 0.77006858125 0.507665075 0.7680906640625 0.2813920328125 0.775 0.28180039375 0.7957789656250001 0.51187585 0.7883972124999999 0.5122802109375 0.7878698234375 0.5083243796875 0.77006858125
6 0.47812498750000004 0.5164772734375 0.4442734296875 0.5186354578125 0.4459776671875 0.573146725 0.483471475 0.573146725 0.47812498750000004 0.5164772734375
3 0.561068803125 0.7878698234375 0.719961378125 0.7944628765624999 0.719961378125 0.7766616328125 0.5590908875 0.769409275 0.561068803125 0.7878698234375
6 0.36703980468749997 0.61998771875 0.336084640625 0.5766504890624999 0.323702575 0.5368509921875 0.338737940625 0.487322728125 0.3785374375 0.4316034328125 0.40330156875 0.43691003281249996 0.4342567328125 0.470518496875 0.462558596875 0.4740562296875 0.4775939625 0.45282983125 0.4970514953125 0.3696931046875 0.5085491265625001 0.3104360765625 0.5492330578125 0.30159174375000003 0.577534921875 0.3776530046875 0.5987613203125 0.40860816875 0.6633249484375 0.40064826875000004 0.6978178453125 0.3785374375 0.731426309375 0.3873817703125 0.743808375 0.2352592484375 0.25825451250000003 0.26975214531249997 0.2803653453125 0.6686315484375001 0.2830186453125 0.7155065109375001 0.3104360765625 0.749114975 0.33254690781249996 0.7597281734375 0.4413321984375 0.7526527078125 0.4413321984375 0.6978178453125 0.413030334375 0.6606716484375 0.3758841375 0.64475185 0.36703980468749997 0.61998771875