5 0.1428125 0.48765623593749996 0.1974207921875 0.7819085828125 0.3504498671875 0.8556463593749999 0.8577028500000001 0.3719766078125 0.7752545750000001 0.277617284375 0.68156331875 0.1457641625 0.1428125 0.48765623593749996
0 0.76980684375 0.26949361562499996 0.681737071875 0.330733465625 0.727333478125 0.3975973453125 0.8122802203124999 0.321984909375 0.76980684375 0.26949361562499996
1 0.8122802203124999 0.32011024843749997 0.8316430703125001 0.315111059375 0.77796875 0.25328123593749996 0.7686500046875 0.27199256250000003 0.8122802203124999 0.32011024843749997
2 0.7754283281250001 0.2769923984375 0.7754283281250001 0.2519965484375 0.691779703125 0.135140946875 0.6780383609375 0.1445143890625 0.7754283281250001 0.2769923984375
2 0.8310674125 0.315735946875 0.8148276046875 0.31823554062500004 0.8592187499999999 0.3735937359375 0.8672946937500001 0.3607285046875 0.8310674125 0.315735946875
7 0.6091845796875 0.3207351359375 0.6185537046875 0.330733465625 0.6404149984374999 0.31823554062500004 0.657904015625 0.3238596171875 0.6678977765624999 0.3357326546875 0.6735192249999999 0.337607315625 0.6865625 0.32359373593749996 0.674143859375 0.3107368046875 0.655405609375 0.299488653125 0.63229509375 0.299488653125 0.61792910625 0.299488653125 0.5998154546875 0.3076123234375 0.6091845796875 0.3207351359375
4 0.4998781140625 0.4013467609375 0.48363830625000004 0.41009527031250004 0.5204901859375 0.4538380078125 0.5367300187499999 0.4482139796875 0.6010646765625001 0.5269508968750001 0.6653993453125 0.475709375 0.7403523375 0.41134509062499997 0.6766422671875 0.33010857968749996 0.6441626625 0.359478684375 0.6004400765625 0.305737615625 0.5817018265625 0.31823554062500004 0.5854494671875 0.337607315625 0.5485975625 0.371351721875 0.4998781140625 0.4013467609375
7 0.7642343125 0.2619948796875 0.67796875 0.1470312359375 0.6624231515625 0.1563874046875 0.7514126937500001 0.2815282515625 0.7686500046875 0.26626091875 0.7642343125 0.2619948796875
6 0.5923201484375 0.517577453125 0.5373546171875 0.4450894984375 0.5198655390625 0.4532131203125 0.48421875 0.4079687359375 0.429921996875 0.44758904531250004 0.4698968703125 0.49758074375000005 0.5048749765625 0.4782089703125 0.5411022578125 0.526326009375 0.5573420890625 0.5406985953125 0.5923201484375 0.517577453125
7 0.8593141921875 0.37047262812500004 0.8124189218750001 0.319408890625 0.7999135171875 0.33243535468749996 0.8468087859375 0.38506226718750003 0.8593141921875 0.37047262812500004
6 0.6206693765625 0.3339985296875 0.6446380703125 0.361093575 0.6680857046875001 0.3376459390625 0.6623540609375 0.32618265156250004 0.65870665 0.32253524218749996 0.649327596875 0.320972065625 0.6368221921874999 0.320972065625 0.6206693765625 0.3339985296875
6 0.1390625 0.4875 0.2 0.78125 0.3515625 0.8578125 0.5609375 0.65625 0.4796875 0.5859375 0.39765625 0.54765625 0.359375 0.4546875 0.353125 0.3890625 0.3625 0.35 0.1390625 0.4875