5 0.8571875 0.5123437640625 0.8025792078125 0.2180914171875 0.6495501328125 0.144353640625 0.14229715 0.6280233921875 0.224745425 0.722382715625 0.31843668125 0.8542358374999999 0.8571875 0.5123437640625
0 0.23019315625 0.730506384375 0.318262928125 0.6692665343749999 0.272666521875 0.6024026546875 0.1877197796875 0.678015090625 0.23019315625 0.730506384375
1 0.1877197796875 0.6798897515625 0.1683569296875 0.6848889406249999 0.22203124999999999 0.7467187640625 0.2313499953125 0.7280074375 0.1877197796875 0.6798897515625
2 0.224571671875 0.7230076015625 0.224571671875 0.7480034515625 0.30822029687499997 0.8648590531250001 0.3219616390625 0.8554856109375001 0.224571671875 0.7230076015625
2 0.1689325875 0.6842640531249999 0.18517239531250002 0.681764459375 0.14078125 0.6264062640625 0.13270530625000002 0.6392714953125 0.1689325875 0.6842640531249999
7 0.3908154203125 0.6792648640625 0.3814462953125 0.6692665343749999 0.3595850015625 0.681764459375 0.342095984375 0.6761403828125 0.3321022234375 0.6642673453125 0.326480775 0.662392684375 0.3134375 0.6764062640625 0.325856140625 0.6892631953125 0.344594390625 0.700511346875 0.36770490625 0.700511346875 0.38207089375000003 0.700511346875 0.40018454531250003 0.6923876765625 0.3908154203125 0.6792648640625
4 0.5001218859375001 0.5986532390625 0.51636169375 0.5899047296875 0.4795098140625 0.5461619921875001 0.46326998125 0.5517860203125 0.3989353234375 0.473049103125 0.3346006546875 0.524290625 0.25964766250000004 0.588654909375 0.3233577328125 0.6698914203124999 0.3558373375 0.640521315625 0.3995599234375 0.694262384375 0.4182981734375 0.681764459375 0.4145505328125 0.662392684375 0.4514024375 0.628648278125 0.5001218859375001 0.5986532390625
7 0.2357656875 0.7380051203125 0.32203125 0.8529687640624999 0.3375768484375 0.8436125953125 0.24858730625 0.7184717484375 0.2313499953125 0.73373908125 0.2357656875 0.7380051203125
6 0.4076798515625 0.48242254687499997 0.4626453828125 0.5549105015625 0.48013446093749995 0.5467868796875 0.5157812500000001 0.5920312640625001 0.570078003125 0.5524109546875 0.5301031296875001 0.50241925625 0.49512502343750003 0.5217910296875 0.45889774218749996 0.47367399062500004 0.4426579109375 0.4593014046875 0.4076798515625 0.48242254687499997
7 0.1406858078125 0.629527371875 0.187581078125 0.680591109375 0.20008648281250002 0.6675646453125 0.1531912140625 0.6149377328125001 0.1406858078125 0.629527371875
6 0.3793306234375 0.6660014703125 0.3553619296875 0.638906425 0.3319142953125 0.6623540609375 0.3376459390625 0.6738173484375001 0.34129335 0.6774647578125 0.35067240312500003 0.679027934375 0.3631778078125 0.679027934375 0.3793306234375 0.6660014703125
6 0.8609375 0.5125 0.8 0.21875 0.6484375 0.1421875 0.4390625 0.34375 0.5203125 0.4140625 0.60234375 0.45234375 0.640625 0.5453125 0.646875 0.6109375 0.6375 0.65 0.8609375 0.5125