5 0.277617284375 0.224745425 0.1457641625 0.31843668125 0.48765623593749996 0.8571875 0.7819085828125 0.8025792078125 0.8556463593749999 0.6495501328125 0.3719766078125 0.14229715 0.277617284375 0.224745425
0 0.3975973453125 0.272666521875 0.321984909375 0.1877197796875 0.26949361562499996 0.23019315625 0.330733465625 0.318262928125 0.3975973453125 0.272666521875
1 0.25328123593749996 0.22203124999999999 0.27199256250000003 0.2313499953125 0.32011024843749997 0.1877197796875 0.315111059375 0.1683569296875 0.25328123593749996 0.22203124999999999
2 0.135140946875 0.30822029687499997 0.1445143890625 0.3219616390625 0.2769923984375 0.224571671875 0.2519965484375 0.224571671875 0.135140946875 0.30822029687499997
2 0.3735937359375 0.14078125 0.3607285046875 0.13270530625000002 0.315735946875 0.1689325875 0.31823554062500004 0.18517239531250002 0.3735937359375 0.14078125
7 0.299488653125 0.38207089375000003 0.3076123234375 0.40018454531250003 0.3207351359375 0.3908154203125 0.330733465625 0.3814462953125 0.31823554062500004 0.3595850015625 0.3238596171875 0.342095984375 0.3357326546875 0.3321022234375 0.337607315625 0.326480775 0.32359373593749996 0.3134375 0.3107368046875 0.325856140625 0.299488653125 0.344594390625 0.299488653125 0.36770490625 0.299488653125 0.38207089375000003
4 0.337607315625 0.4145505328125 0.371351721875 0.4514024375 0.4013467609375 0.5001218859375001 0.41009527031250004 0.51636169375 0.4538380078125 0.4795098140625 0.4482139796875 0.46326998125 0.5269508968750001 0.3989353234375 0.475709375 0.3346006546875 0.41134509062499997 0.25964766250000004 0.33010857968749996 0.3233577328125 0.359478684375 0.3558373375 0.305737615625 0.3995599234375 0.31823554062500004 0.4182981734375 0.337607315625 0.4145505328125
7 0.2815282515625 0.24858730625 0.26626091875 0.2313499953125 0.2619948796875 0.2357656875 0.1470312359375 0.32203125 0.1563874046875 0.3375768484375 0.2815282515625 0.24858730625
6 0.526326009375 0.45889774218749996 0.5406985953125 0.4426579109375 0.517577453125 0.4076798515625 0.4450894984375 0.4626453828125 0.4532131203125 0.48013446093749995 0.4079687359375 0.5157812500000001 0.44758904531250004 0.570078003125 0.49758074375000005 0.5301031296875001 0.4782089703125 0.49512502343750003 0.526326009375 0.45889774218749996
7 0.33243535468749996 0.20008648281250002 0.38506226718750003 0.1531912140625 0.37047262812500004 0.1406858078125 0.319408890625 0.187581078125 0.33243535468749996 0.20008648281250002
6 0.320972065625 0.35067240312500003 0.320972065625 0.3631778078125 0.3339985296875 0.3793306234375 0.361093575 0.3553619296875 0.3376459390625 0.3319142953125 0.32618265156250004 0.3376459390625 0.32253524218749996 0.34129335 0.320972065625 0.35067240312500003
6 0.3890625 0.646875 0.35 0.6375 0.4875 0.8609375 0.78125 0.8 0.8578125 0.6484375 0.65625 0.4390625 0.5859375 0.5203125 0.54765625 0.60234375 0.4546875 0.640625 0.3890625 0.646875