5 0.6445071890625 0.24511889843749998 0.33064902812499997 0.2609375 0.35753558281250003 0.7557871515625 0.6719064703125001 0.7396710546875 0.6445071890625 0.24511889843749998
0 0.6262409765625 0.741668246875 0.6228761640625 0.7186057875 0.6031678687500001 0.65470353125 0.601725859375 0.6316410718750001 0.6204727171875 0.62635593125 0.6175885515624999 0.607137203125 0.536778834375 0.6173076921875 0.538755515625 0.6652738296875 0.556541009375 0.71572296875 0.574326503125 0.7440705859375 0.6262409765625 0.741668246875
1 0.6286444234374999 0.7767424234375 0.627683059375 0.741668246875 0.5746647890625 0.7436838453125 0.5844210109375 0.778664265625 0.574807221875 0.7959611421874999 0.645468553125 0.7930783046875 0.6286444234374999 0.7767424234375
7 0.538274834375 0.6619105515625 0.4971153734375 0.6677884625 0.4969355140625 0.6763245906249999 0.5079913859375 0.6868948890625 0.543081728125 0.683531609375 0.538274834375 0.6619105515625
6 0.49230768124999996 0.658173078125 0.4969355140625 0.67103945 0.5363520687500001 0.667195709375 0.5353906687500001 0.6518207312500001 0.49230768124999996 0.658173078125
2 0.35561285468750004 0.7551213828125001 0.35657421875 0.7714572468750001 0.582978928125 0.7599260625 0.57288449375 0.7440705859375 0.35561285468750004 0.7551213828125001
2 0.6257211421875 0.7423076921875 0.627683059375 0.756562746875 0.6738292718750001 0.756562746875 0.6738292718750001 0.738785428125 0.6257211421875 0.7423076921875
3 0.5796141171875 0.7589650859375 0.35561285468750004 0.772898665625 0.3570549015625 0.7916369234375 0.582978928125 0.7820275640625 0.5820175640625 0.77482054375 0.5796141171875 0.7589650859375
3 0.6287508875000001 0.7572053703125 0.63008650625 0.7757814656249999 0.6771940828125 0.77482054375 0.675752 0.757043225 0.6287508875000001 0.7572053703125
2 0.35753558281250003 0.7925978453125 0.3594583484375 0.8050900046875 0.5757685875 0.795000184375 0.583459646875 0.7796252234375001 0.35753558281250003 0.7925978453125
2 0.631129796875 0.7771634625 0.639219575 0.790675965625 0.6776747296875001 0.7868322437499999 0.6781554484375001 0.7762619265625 0.631129796875 0.7771634625
6 0.41778845000000003 0.5067307703124999 0.48684104375 0.500322728125 0.484437596875 0.478221171875 0.43348452656249997 0.48350634843750007 0.41778845000000003 0.5067307703124999
4 0.6166271875 0.606397675 0.6089362 0.4978119140625 0.5257768796875 0.507421278125 0.5257768796875 0.49973379375000004 0.416586528125 0.504927884375 0.425793503125 0.6616514921875 0.5401975625000001 0.6520421328125 0.5373134328125 0.6116828328125 0.6166271875 0.606397675