5 0.2442128484375 0.35753558281250003 0.2603289453125 0.6719064703125001 0.7548811015625 0.6445071890625 0.7390625 0.33064902812499997 0.2442128484375 0.35753558281250003
0 0.34529646875000003 0.6031678687500001 0.36835892812500004 0.601725859375 0.37364406875 0.6204727171875 0.392862796875 0.6175885515624999 0.3826923078125 0.536778834375 0.3347261703125 0.538755515625 0.28427703125 0.556541009375 0.2559294140625 0.574326503125 0.258331753125 0.6262409765625 0.2813942125 0.6228761640625 0.34529646875000003 0.6031678687500001
1 0.2563161546875 0.5746647890625 0.22133573437499998 0.5844210109375 0.2040388578125 0.574807221875 0.20692169531250001 0.645468553125 0.2232575765625 0.6286444234374999 0.258331753125 0.627683059375 0.2563161546875 0.5746647890625
7 0.323675409375 0.4969355140625 0.3131051109375 0.5079913859375 0.316468390625 0.543081728125 0.3380894484375 0.538274834375 0.3322115375 0.4971153734375 0.323675409375 0.4969355140625
6 0.332804290625 0.5363520687500001 0.34817926875 0.5353906687500001 0.34182692187499997 0.49230768124999996 0.32896055 0.4969355140625 0.332804290625 0.5363520687500001
2 0.2400739375 0.582978928125 0.2559294140625 0.57288449375 0.2448786171875 0.35561285468750004 0.228542753125 0.35657421875 0.2400739375 0.582978928125
2 0.24343725312500003 0.6738292718750001 0.26121457187499997 0.6738292718750001 0.2576923078125 0.6257211421875 0.24343725312500003 0.627683059375 0.24343725312500003 0.6738292718750001
3 0.20836307656250003 0.3570549015625 0.21797243593750001 0.582978928125 0.22517945625000002 0.5820175640625 0.24103491406250002 0.5796141171875 0.227101334375 0.35561285468750004 0.20836307656250003 0.3570549015625
3 0.22517945625000002 0.6771940828125 0.24295677499999999 0.675752 0.2427946296875 0.6287508875000001 0.224218534375 0.63008650625 0.22517945625000002 0.6771940828125
2 0.204999815625 0.5757685875 0.2203747765625 0.583459646875 0.2074021546875 0.35753558281250003 0.1949099953125 0.3594583484375 0.204999815625 0.5757685875
2 0.21316775625 0.6776747296875001 0.2237380734375 0.6781554484375001 0.22283653750000001 0.631129796875 0.20932403437499997 0.639219575 0.21316775625 0.6776747296875001
6 0.521778828125 0.484437596875 0.5164936515624999 0.43348452656249997 0.49326922968750003 0.41778845000000003 0.499677271875 0.48684104375 0.521778828125 0.484437596875
4 0.492578721875 0.5257768796875 0.50026620625 0.5257768796875 0.49507211562500003 0.416586528125 0.33834850781250003 0.425793503125 0.3479578671875 0.5401975625000001 0.3883171671875 0.5373134328125 0.393602325 0.6166271875 0.5021880859375 0.6089362 0.492578721875 0.5257768796875