5 0.783665953125 0.5557906796875 0.730366034375 0.2613952609375 0.2138809921875 0.39220688125000003 0.247964646875 0.4508081234375 0.288833996875 0.5105205765624999 0.37246990625 0.6149475437499999 0.4814806921875 0.7174139203125 0.5066659796875 0.741176565625 0.783665953125 0.5557906796875
0 0.40406250000000005 0.4355208234375 0.2906690640625 0.5116313515625001 0.32981117968749996 0.5641226296874999 0.43099774062499996 0.5053823890625 0.42433525781250003 0.49413427031249996 0.43307976875 0.48913508125 0.40406250000000005 0.4355208234375
1 0.2440316203125 0.5362106109375 0.28692140781250003 0.58995169375 0.295665934375 0.5787035421875 0.3260635390625 0.562456234375 0.289836234375 0.5107981703125 0.2440316203125 0.5362106109375
7 0.4992882578125 0.5216296984375 0.480550003125 0.5282952515625 0.4643101875 0.5320446359375001 0.4468211578125 0.5257956734375 0.4290625 0.5063541578125 0.4135087109375 0.5149641453125 0.43266336875 0.5445425609375001 0.45181801874999994 0.558290259375 0.47763515312499993 0.55870688125 0.5092819937499999 0.53912678125 0.4992882578125 0.5216296984375
6 0.3614906484375 0.426228865625 0.3752319984375 0.4503915328125 0.3923699390625 0.442892765625 0.40153085 0.430394840625 0.40153085 0.4295616578125 0.48689399375000003 0.3854023140625 0.47392015625 0.365822228125 0.4572639328125 0.372071190625 0.42644991250000003 0.34790853906249997 0.34816563437500003 0.36832180625 0.37606484375 0.417480325 0.3614906484375 0.426228865625
2 0.1935457640625 0.3980458171875 0.2548255390625 0.49413427031249996 0.2752293875 0.5195467109374999 0.29022001406250003 0.5112147609375 0.2148805328125 0.39316929843750004 0.1935457640625 0.3980458171875
2 0.44119654218750004 0.6836860984375 0.38123414843750003 0.621613096875 0.3280208328125 0.5626041578125001 0.31228952187500003 0.56912181875 0.34934960937500004 0.6157807265625 0.4213877640625 0.6870188921875 0.49657849687500005 0.7520081265624999 0.506155821875 0.7395102015624999 0.44119654218750004 0.6836860984375
2 0.172291665625 0.403749990625 0.157526275 0.4066487953125 0.24288945156250002 0.53704379375 0.25538161875 0.529128434375 0.24663710781249998 0.51621391875 0.222069171875 0.4816363453125 0.172291665625 0.403749990625
2 0.48122482343749995 0.7670055984374999 0.3999396296875 0.6932678546875 0.3424756625 0.6353607953125 0.2945890046875 0.5799533484375 0.28375 0.5907291578125 0.3408961078125 0.65452430625 0.382536665625 0.6957674640625 0.42709209687499994 0.7399267609375 0.471647490625 0.7774205359375 0.48122482343749995 0.7670055984374999
4 0.4879447984375 0.4878853078125 0.5025189937500001 0.5149641453125 0.51584394375 0.5387101890625 0.510014290625 0.5424595734375 0.5464019859375 0.6136977390625 0.7094921515625 0.4924678734375 0.678347009375 0.4314321671875 0.63223975625 0.45777917031250004 0.5762523749999999 0.3392176578125 0.5196242671875 0.369571596875 0.405625 0.42874999062499997 0.40168356875000005 0.43164464531249996 0.4233366625 0.47247118125 0.434996015625 0.491634659375 0.4467206390625 0.5099649562499999 0.4879447984375 0.4878853078125
6 0.44895341718750004 0.5364170265625 0.45931601874999994 0.5364170265625 0.473945575 0.5364170265625 0.4952803421875 0.5254448609375 0.50381425 0.515082259375 0.4885751296875 0.48765184218749996 0.44590559374999994 0.5108153062499999 0.43554299218750003 0.48765184218749996 0.425180390625 0.49618575 0.4379812515625 0.521787471875 0.44895341718750004 0.5364170265625
6 0.46602123124999995 0.5857917765625 0.46602123124999995 0.6113934984375 0.484917740625 0.6217561 0.5044238140624999 0.6278517484374999 0.5190533703125 0.6217561 0.5397785734375 0.6046882859375 0.5099098984375 0.543122240625 0.5056429437500001 0.5364170265625 0.480041221875 0.5534848421875 0.471507315625 0.5601900546875 0.46602123124999995 0.5705526562500001 0.46602123124999995 0.5857917765625
3 0.276446578125 0.5193492125 0.2593787640625 0.5022813984375001 0.24231094843749998 0.4766796765625 0.1935457640625 0.3956075578125 0.174039690625 0.40231277031249996 0.1935457640625 0.440715353125 0.218537921875 0.4766796765625 0.255721375 0.5297118140625 0.276446578125 0.5193492125
3 0.48552730625 0.7668325234375 0.5001568609375 0.7540316625 0.42761865 0.6924656171875 0.38312041875 0.6491865156250001 0.3422795765625 0.6046882859375 0.3124109015625 0.5705526562500001 0.2959526515625 0.5790865640625 0.311191771875 0.5985926375 0.3581282625 0.6516247749999999 0.408722140625 0.70282821875 0.48552730625 0.7668325234375