5 0.7174139203125 0.5185193078125 0.741176565625 0.49333402031249995 0.5557906796875 0.216334046875 0.2613952609375 0.269633965625 0.39220688125000003 0.7861190078125 0.4508081234375 0.7520353531249999 0.5105205765624999 0.711166003125 0.6149475437499999 0.62753009375 0.7174139203125 0.5185193078125
0 0.49413427031249996 0.5756647421875 0.48913508125 0.56692023125 0.4355208234375 0.5959375 0.5116313515625001 0.7093309359375 0.5641226296874999 0.6701888203124999 0.5053823890625 0.569002259375 0.49413427031249996 0.5756647421875
1 0.562456234375 0.6739364609375 0.5107981703125 0.710163765625 0.5362106109375 0.7559683796875001 0.58995169375 0.7130785921875 0.5787035421875 0.704334065625 0.562456234375 0.6739364609375
7 0.55870688125 0.5223648468750001 0.53912678125 0.49071800625 0.5216296984375 0.5007117421875 0.5282952515625 0.5194499968749999 0.5320446359375001 0.5356898125 0.5257956734375 0.5531788421875 0.5063541578125 0.5709375 0.5149641453125 0.5864912890625 0.5445425609375001 0.56733663125 0.558290259375 0.5481819812500001 0.55870688125 0.5223648468750001
6 0.36832180625 0.651834365625 0.417480325 0.62393515625 0.426228865625 0.6385093515625 0.4503915328125 0.6247680015625 0.442892765625 0.6076300609375 0.430394840625 0.59846915 0.4295616578125 0.59846915 0.3854023140625 0.5131060062499999 0.365822228125 0.52607984375 0.372071190625 0.5427360671875 0.34790853906249997 0.5735500874999999 0.36832180625 0.651834365625
2 0.5112147609375 0.7097799859375 0.39316929843750004 0.7851194671874999 0.3980458171875 0.8064542359375 0.49413427031249996 0.7451744609375 0.5195467109374999 0.7247706125 0.5112147609375 0.7097799859375
2 0.7520081265624999 0.503421503125 0.7395102015624999 0.493844178125 0.6836860984375 0.5588034578125 0.621613096875 0.6187658515625001 0.5626041578125001 0.6719791671875 0.56912181875 0.687710478125 0.6157807265625 0.650650390625 0.6870188921875 0.5786122359375 0.7520081265624999 0.503421503125
2 0.51621391875 0.7533628921875 0.4816363453125 0.7779308281249999 0.403749990625 0.827708334375 0.4066487953125 0.842473725 0.53704379375 0.7571105484375 0.529128434375 0.74461838125 0.51621391875 0.7533628921875
2 0.7399267609375 0.5729079031250001 0.7774205359375 0.528352509375 0.7670055984374999 0.5187751765625 0.6932678546875 0.6000603703125 0.6353607953125 0.6575243375000001 0.5799533484375 0.7054109953125 0.5907291578125 0.7162499999999999 0.65452430625 0.6591038921875 0.6957674640625 0.617463334375 0.7399267609375 0.5729079031250001
4 0.491634659375 0.565003984375 0.5099649562499999 0.5532793609375 0.4878853078125 0.5120552015625 0.5149641453125 0.49748100624999997 0.5387101890625 0.48415605624999997 0.5424595734375 0.48998570937499997 0.6136977390625 0.4535980140625 0.4924678734375 0.2905078484375 0.4314321671875 0.32165299062499997 0.45777917031250004 0.36776024375 0.3392176578125 0.423747625 0.369571596875 0.4803757328125 0.42874999062499997 0.594375 0.43164464531249996 0.59831643125 0.47247118125 0.5766633375 0.491634659375 0.565003984375
6 0.49618575 0.574819609375 0.521787471875 0.5620187484375 0.5364170265625 0.5510465828125 0.5364170265625 0.5406839812500001 0.5364170265625 0.526054425 0.5254448609375 0.5047196578124999 0.515082259375 0.49618575 0.48765184218749996 0.5114248703125 0.5108153062499999 0.5540944062500001 0.48765184218749996 0.5644570078125 0.49618575 0.574819609375
6 0.5601900546875 0.528492684375 0.5705526562500001 0.53397876875 0.5857917765625 0.53397876875 0.6113934984375 0.53397876875 0.6217561 0.515082259375 0.6278517484374999 0.4955761859375 0.6217561 0.48094662968749996 0.6046882859375 0.46022142656250004 0.543122240625 0.4900901015625 0.5364170265625 0.49435705625 0.5534848421875 0.519958778125 0.5601900546875 0.528492684375
3 0.4766796765625 0.781462078125 0.5297118140625 0.744278625 0.5193492125 0.7235534218749999 0.5022813984375001 0.7406212359375 0.4766796765625 0.7576890515625 0.3956075578125 0.8064542359375 0.40231277031249996 0.825960309375 0.440715353125 0.8064542359375 0.4766796765625 0.781462078125
3 0.6516247749999999 0.6418717375 0.70282821875 0.591277859375 0.7668325234375 0.5144726937499999 0.7540316625 0.4998431390625 0.6924656171875 0.57238135 0.6491865156250001 0.61687958125 0.6046882859375 0.6577204234375 0.5705526562500001 0.6875890984375 0.5790865640625 0.7040473484375 0.5985926375 0.688808228125 0.6516247749999999 0.6418717375