5 0.44420932031250004 0.783665953125 0.7386047390625 0.730366034375 0.60779311875 0.2138809921875 0.5491918765625 0.247964646875 0.48947942343750006 0.288833996875 0.38505245625 0.37246990625 0.2825860796875 0.4814806921875 0.258823434375 0.5066659796875 0.44420932031250004 0.783665953125
0 0.5644791765625 0.40406250000000005 0.48836864843749994 0.2906690640625 0.4358773703125 0.32981117968749996 0.4946176109375 0.43099774062499996 0.5058657296875 0.42433525781250003 0.5108649187500001 0.43307976875 0.5644791765625 0.40406250000000005
1 0.46378938906249995 0.2440316203125 0.41004830625000005 0.28692140781250003 0.42129645781249997 0.295665934375 0.43754376562499997 0.3260635390625 0.48920182968750003 0.289836234375 0.46378938906249995 0.2440316203125
7 0.4783703015625 0.4992882578125 0.4717047484375 0.480550003125 0.46795536406249993 0.4643101875 0.4742043265625 0.4468211578125 0.49364584218749996 0.4290625 0.48503585468750005 0.4135087109375 0.45545743906249997 0.43266336875 0.441709740625 0.45181801874999994 0.44129311875 0.47763515312499993 0.46087321875000004 0.5092819937499999 0.4783703015625 0.4992882578125
6 0.573771134375 0.3614906484375 0.5496084671875 0.3752319984375 0.557107234375 0.3923699390625 0.569605159375 0.40153085 0.5704383421875 0.40153085 0.6145976859375 0.48689399375000003 0.634177771875 0.47392015625 0.627928809375 0.4572639328125 0.6520914609374999 0.42644991250000003 0.63167819375 0.34816563437500003 0.582519675 0.37606484375 0.573771134375 0.3614906484375
2 0.6019541828125 0.1935457640625 0.5058657296875 0.2548255390625 0.48045328906250007 0.2752293875 0.48878523906250004 0.29022001406250003 0.6068307015625 0.2148805328125 0.6019541828125 0.1935457640625
2 0.3163139015625 0.44119654218750004 0.378386903125 0.38123414843750003 0.4373958421875 0.3280208328125 0.43087818125000005 0.31228952187500003 0.3842192734375 0.34934960937500004 0.3129811078125 0.4213877640625 0.2479918734375 0.49657849687500005 0.2604897984375 0.506155821875 0.3163139015625 0.44119654218750004
2 0.5962500093750001 0.172291665625 0.5933512046875 0.157526275 0.46295620625 0.24288945156250002 0.470871565625 0.25538161875 0.48378608125 0.24663710781249998 0.5183636546875 0.222069171875 0.5962500093750001 0.172291665625
2 0.2329944015625 0.48122482343749995 0.3067321453125 0.3999396296875 0.3646392046875 0.3424756625 0.4200466515625 0.2945890046875 0.4092708421875 0.28375 0.34547569375 0.3408961078125 0.3042325359375 0.382536665625 0.2600732390625 0.42709209687499994 0.2225794640625 0.471647490625 0.2329944015625 0.48122482343749995
4 0.5121146921874999 0.4879447984375 0.48503585468750005 0.5025189937500001 0.4612898109375 0.51584394375 0.4575404265625 0.510014290625 0.38630226093750003 0.5464019859375 0.5075321265625 0.7094921515625 0.5685678328125 0.678347009375 0.5422208296875 0.63223975625 0.6607823421875 0.5762523749999999 0.630428403125 0.5196242671875 0.571250009375 0.405625 0.5683553546875 0.40168356875000005 0.52752881875 0.4233366625 0.5083653406249999 0.434996015625 0.49003504375 0.4467206390625 0.5121146921874999 0.4879447984375
6 0.4635829734375 0.44895341718750004 0.4635829734375 0.45931601874999994 0.4635829734375 0.473945575 0.47455513906249996 0.4952803421875 0.484917740625 0.50381425 0.5123481578125 0.4885751296875 0.48918469375000007 0.44590559374999994 0.5123481578125 0.43554299218750003 0.50381425 0.425180390625 0.478212528125 0.4379812515625 0.4635829734375 0.44895341718750004
6 0.41420822343749997 0.46602123124999995 0.3886065015625 0.46602123124999995 0.3782439 0.484917740625 0.3721482515625 0.5044238140624999 0.3782439 0.5190533703125 0.3953117140625 0.5397785734375 0.456877759375 0.5099098984375 0.4635829734375 0.5056429437500001 0.4465151578125 0.480041221875 0.4398099453125 0.471507315625 0.42944734375 0.46602123124999995 0.41420822343749997 0.46602123124999995
3 0.4806507875 0.276446578125 0.4977186015625 0.2593787640625 0.5233203234375 0.24231094843749998 0.6043924421875 0.1935457640625 0.5976872296875 0.174039690625 0.559284646875 0.1935457640625 0.5233203234375 0.218537921875 0.4702881859375 0.255721375 0.4806507875 0.276446578125
3 0.23316747656249998 0.48552730625 0.2459683375 0.5001568609375 0.3075343828125 0.42761865 0.35081348437500004 0.38312041875 0.3953117140625 0.3422795765625 0.42944734375 0.3124109015625 0.42091343593749997 0.2959526515625 0.4014073625 0.311191771875 0.348375225 0.3581282625 0.29717178125 0.408722140625 0.23316747656249998 0.48552730625