5 0.7557871515625 0.6424644171875 0.7396710546875 0.3280935296875 0.24511889843749998 0.3554928109375 0.2609375 0.6693509718749999 0.7557871515625 0.6424644171875
0 0.65470353125 0.39683213125 0.6316410718750001 0.398274140625 0.62635593125 0.3795272828125 0.607137203125 0.38241144843749997 0.6173076921875 0.463221165625 0.6652738296875 0.461244484375 0.71572296875 0.44345899062500005 0.7440705859375 0.425673496875 0.741668246875 0.3737590234375 0.7186057875 0.3771238359375 0.65470353125 0.39683213125
1 0.7436838453125 0.42533521093750004 0.778664265625 0.4155789890625 0.7959611421874999 0.425192778125 0.7930783046875 0.354531446875 0.7767424234375 0.37135557656249996 0.741668246875 0.372316940625 0.7436838453125 0.42533521093750004
7 0.6763245906249999 0.5030644859375 0.6868948890625 0.4920086140625 0.683531609375 0.45691827187499995 0.6619105515625 0.461725165625 0.6677884625 0.5028846265625 0.6763245906249999 0.5030644859375
6 0.667195709375 0.46364793125 0.6518207312500001 0.46460933125 0.658173078125 0.50769231875 0.67103945 0.5030644859375 0.667195709375 0.46364793125
2 0.7599260625 0.417021071875 0.7440705859375 0.42711550625 0.7551213828125001 0.6443871453125001 0.7714572468750001 0.64342578125 0.7599260625 0.417021071875
2 0.756562746875 0.32617072812500003 0.738785428125 0.32617072812500003 0.7423076921875 0.3742788578125 0.756562746875 0.372316940625 0.756562746875 0.32617072812500003
3 0.7916369234375 0.6429450984375 0.7820275640625 0.417021071875 0.77482054375 0.4179824359375 0.7589650859375 0.4203858828125 0.772898665625 0.6443871453125001 0.7916369234375 0.6429450984375
3 0.77482054375 0.3228059171875 0.757043225 0.324248 0.7572053703125 0.37124911250000003 0.7757814656249999 0.36991349375000004 0.77482054375 0.3228059171875
2 0.795000184375 0.4242314125 0.7796252234375001 0.416540353125 0.7925978453125 0.6424644171875 0.8050900046875 0.6405416515625 0.795000184375 0.4242314125
2 0.7868322437499999 0.3223252703125 0.7762619265625 0.3218445515625 0.7771634625 0.368870203125 0.790675965625 0.360780425 0.7868322437499999 0.3223252703125
6 0.478221171875 0.515562403125 0.48350634843750007 0.5665154734375 0.5067307703124999 0.58221155 0.500322728125 0.5131589562500001 0.478221171875 0.515562403125
4 0.507421278125 0.47422312031249997 0.49973379375000004 0.47422312031249997 0.504927884375 0.5834134718749999 0.6616514921875 0.574206496875 0.6520421328125 0.45980243749999994 0.6116828328125 0.46268656718749995 0.606397675 0.3833728125 0.4978119140625 0.3910638 0.507421278125 0.47422312031249997