5 0.673163115625 0.7393483890625 0.64544928125 0.2464026234375 0.3252558578125 0.2642274171875 0.3544543375 0.7546974859375 0.673163115625 0.7393483890625
0 0.556030409375 0.6725518546875 0.5610833328125 0.691762271875 0.5769575046875 0.7449118578125 0.6287919390625001 0.743326975 0.6298025578125 0.6573857546874999 0.6313966375 0.6214491609375 0.6328679578124999 0.6019198484375 0.5520083546875 0.6041319421875 0.556030409375 0.6725518546875
1 0.5710368109374999 0.8015196234375 0.6125334578125 0.8023104125 0.6175582625 0.782507596875 0.6287882296875 0.7587401734375 0.6283563125 0.7423190515625 0.576093671875 0.7436154484374999 0.5825725125 0.7673828609375 0.5825725125 0.78380400625 0.5817073953125 0.791634609375 0.5710368109374999 0.8015196234375
2 0.5341971671875 0.7673828609375 0.5812767640625001 0.7647900671875 0.576093671875 0.7436154484374999 0.3575101609375 0.7535139515625 0.35754078125 0.774729190625 0.4473806921875 0.77170421875 0.5341971671875 0.7673828609375
3 0.5030987359375 0.7889896203125 0.5441313859375 0.7842361359375001 0.5817086812500001 0.7812112124999999 0.583004428125 0.7704078578125 0.57954905 0.7634936828125001 0.43139959843750003 0.7730006281249999 0.3584046140625 0.77516129375 0.3562450078125 0.7950395140625 0.45040415468750006 0.7924466953125 0.5030987359375 0.7889896203125
2 0.46206608749999994 0.7924466953125 0.41628228749999996 0.7933109765624999 0.357108840625 0.7911502859375 0.3553811515625 0.8049786375 0.41844191718749996 0.8075714078124999 0.47415991249999995 0.8054107406250001 0.5739340421875 0.79892871875 0.583004428125 0.7920145921875 0.5825725125 0.782507596875 0.5579528984375 0.783371878125 0.5138968125 0.7881253390625 0.46206608749999994 0.7924466953125
2 0.6732762812499999 0.7392941046875 0.629610921875 0.7421764203125 0.62749248125 0.7600365828125 0.6741401125 0.7552830968750001 0.6732762812499999 0.7392941046875
2 0.676731659375 0.771272090625 0.6391544140625001 0.7725685234374999 0.621917596875 0.7769988390625 0.6153986312499999 0.78553256875 0.6149667156249999 0.796768053125 0.677163575 0.7937431046875 0.676731659375 0.771272090625
3 0.652832071875 0.7712468593749999 0.67967688125 0.7692033296874999 0.6790933406249999 0.7548985 0.6443701140625 0.7578178453125 0.629196953125 0.7584017234375 0.6192760265625 0.7776694109375 0.638826059375 0.7715387890625001 0.652832071875 0.7712468593749999
7 0.479045184375 0.6694244984375 0.4850465 0.673848684375 0.5554827734375001 0.6716365921875 0.553400984375 0.653780671875 0.506840684375 0.6564679828125 0.5058931078125 0.6419313718749999 0.47715006562499995 0.642879396875 0.479045184375 0.6694244984375
4 0.49010022031249995 0.4821568421875 0.489468496875 0.48563298593750004 0.4869416359375 0.49226925781249997 0.4206114875 0.49226925781249997 0.4259810625 0.618042440625 0.47399148125 0.618042440625 0.47525489375 0.6433234734375 0.5125261296875 0.6414273875000001 0.510630975 0.6050007015625 0.6331838109375 0.6024726 0.6280195109375 0.48559288437500003 0.5409533171875001 0.4868970375 0.538742346875 0.48278886875 0.49010022031249995 0.4821568421875
6 0.489468496875 0.48377385000000006 0.5185274265625 0.4825098 0.5169481265625 0.47176535937499997 0.49167950468750005 0.47239737656249997 0.49167950468750005 0.4607049109375 0.4222263546875 0.4636810953125 0.421559065625 0.49799443437499996 0.4872574890625 0.496730384375 0.489468496875 0.48377385000000006