5 0.6747441421875 0.7357725828125 0.6455456625 0.24530251406249998 0.32683688437499997 0.2606516109375 0.35455071875 0.7535973765625 0.6747441421875 0.7357725828125
0 0.42304249531250004 0.25508814218750003 0.37120806093750003 0.256673025 0.3701974421875 0.3426142453125 0.3686033625 0.3785508390625 0.3671320421875 0.3980801515625 0.4479916453125 0.3958680578125 0.44396959062499997 0.3274481453125 0.43891666718750005 0.308237728125 0.42304249531250004 0.25508814218750003
1 0.3824417375 0.21749240312499998 0.3712117703125 0.24125982656249997 0.3716436875 0.2576809484375 0.423906328125 0.2563845515625 0.4174274875 0.23261713906249998 0.4174274875 0.21619599374999998 0.4182926046875 0.20836539062499998 0.4289631890625 0.1984803765625 0.3874665421875 0.1976895875 0.3824417375 0.21749240312499998
2 0.423906328125 0.2563845515625 0.6424898390625 0.2464860484375 0.64245921875 0.225270809375 0.5526193078125 0.22829578125 0.4658028328125 0.23261713906249998 0.4187232359375 0.2352099328125 0.423906328125 0.2563845515625
3 0.41829131875 0.2187887875 0.41699557187499997 0.22959214218750001 0.42045095000000005 0.2365063171875 0.5686004015624999 0.226999371875 0.6415953859375 0.22483870625 0.6437549921875 0.2049604859375 0.5495958453124999 0.2075533046875 0.4969012640625 0.21101037968749997 0.4558686140625 0.2157638640625 0.41829131875 0.2187887875
2 0.642891159375 0.2088497140625 0.6446188484375 0.1950213625 0.5815580828125 0.1924285921875 0.5258400875 0.194589259375 0.4260659578125 0.20107128125 0.41699557187499997 0.2079854078125 0.4174274875 0.21749240312499998 0.4420471015625 0.216628121875 0.48610318750000003 0.21187466093750001 0.5379339125 0.2075533046875 0.5837177125 0.2066890234375 0.642891159375 0.2088497140625
2 0.37250751875 0.23996341718749997 0.3258598875 0.244716903125 0.32672371875 0.2607058953125 0.370389078125 0.2578235796875 0.37250751875 0.23996341718749997
2 0.37808240312499997 0.2230011609375 0.38460136875 0.21446743124999998 0.385033284375 0.20323194687499999 0.322836425 0.2062568953125 0.323268340625 0.228727909375 0.3608455859375 0.22743147656249998 0.37808240312499997 0.2230011609375
3 0.32090665937499996 0.2451015 0.3556298859375 0.24218215468749998 0.370803046875 0.2415982765625 0.3807239734375 0.22233058906249997 0.36117394062499997 0.2284612109375 0.347167928125 0.228753140625 0.32032311875 0.2307966703125 0.32090665937499996 0.2451015
7 0.4445172265625 0.3283634078125 0.44659901562500004 0.346219328125 0.493159315625 0.3435320171875 0.4941068921875 0.358068628125 0.522849934375 0.357120603125 0.520954815625 0.3305755015625 0.5149535000000001 0.326151315625 0.4445172265625 0.3283634078125
4 0.5130583640624999 0.5077307421875 0.5793885125 0.5077307421875 0.5740189375 0.38195755937500003 0.52600851875 0.38195755937500003 0.5247451062499999 0.3566765265625 0.4874738703125 0.3585726125 0.48936902499999996 0.39499929843750003 0.3668161890625 0.39752740000000003 0.3719804890625 0.514407115625 0.4590466828125 0.5131029625 0.461257653125 0.5172111312500001 0.5098997796875 0.5178431578125 0.510531503125 0.5143670140625 0.5130583640624999 0.5077307421875
6 0.48305187343749995 0.528234640625 0.5083204953125 0.5276026234375 0.5083204953125 0.5392950890625 0.5777736453125 0.5363189046875 0.578440934375 0.502005565625 0.5127425109375 0.503269615625 0.510531503125 0.5162261499999999 0.4814725734375 0.5174902 0.48305187343749995 0.528234640625