5 0.660194665625 0.2523043484375 0.3159809921875 0.2720836296875 0.33941460156250003 0.7385802671875 0.6867527890625 0.7469083703125 0.660194665625 0.2523043484375
4 0.5350124421875 0.6387573828125 0.571035884375 0.62773488125 0.6305848093749999 0.64537089375 0.6254386265625 0.4859120453125 0.5578027640625 0.48885138906250003 0.5607434640625 0.47709403906250003 0.5364828203124999 0.47929854687500006 0.5078110984374999 0.46680640156250003 0.4828152375 0.4726850359375 0.4806096984375 0.4815030703125 0.4101102765625 0.4753676484375 0.41223873125 0.5976067234375 0.4401752359375 0.6034853859375 0.4364993765625 0.629204609375 0.5350124421875 0.6387573828125
0 0.5292000890625 0.6437376078125 0.548850309375 0.7460247609375 0.6091344515625 0.7467595828125 0.6216323546875 0.642413265625 0.5292000890625 0.6437376078125
1 0.6026482484375 0.782049890625 0.6041186828125 0.7423688765625001 0.5488970421875 0.7428308828125 0.5409865578125 0.777444259375 0.5298662609375 0.7938072140625 0.61588136875 0.7952769140625 0.6026482484375 0.782049890625
6 0.41444421406250004 0.4462310453125 0.41517943125 0.473419871875 0.48428555937500006 0.476359203125 0.4857559375 0.4440265359375 0.41444421406250004 0.4462310453125
2 0.33889386250000003 0.735579596875 0.3378523453125 0.7501537875000001 0.5453048625 0.7622094125000001 0.5482455609375 0.745308221875 0.33889386250000003 0.735579596875
2 0.6031249828125 0.7428308828125 0.6019131437499999 0.7592700671875 0.6893985734375 0.7607397125 0.687193034375 0.7445733999999999 0.6031249828125 0.7428308828125
3 0.3384191015625 0.7501838249999999 0.3365159875 0.7754363796875 0.53721798125 0.7805802468749999 0.5460400234375 0.7578004234375 0.3384191015625 0.7501838249999999
3 0.6028839734375 0.760102928125 0.6019131437499999 0.7827847125 0.6916041125 0.7849892359374999 0.692339328125 0.7622094125000001 0.6028839734375 0.760102928125
2 0.334724225 0.7734158234375 0.33733160624999997 0.7861095515625001 0.5300079484375 0.7923556390625001 0.5388552859375 0.7816571390625 0.334724225 0.7734158234375
2 0.603645821875 0.781380209375 0.6159311828125 0.7933966578125 0.6924809562500001 0.794958175 0.6924809562500001 0.7850685546875 0.603645821875 0.781380209375
6 0.6615885296874999 0.39596354218749996 0.653424940625 0.3980870875 0.654987196875 0.43660461093749997 0.6627984 0.432440559375 0.6615885296874999 0.39596354218749996