5 0.26141973281249997 0.33941460156250003 0.2530916296875 0.6867527890625 0.7476956515625 0.660194665625 0.7279163703125 0.3159809921875 0.26141973281249997 0.33941460156250003
4 0.35462910625 0.6305848093749999 0.5140879546875 0.6254386265625 0.5111486109375 0.5578027640625 0.5229059609375 0.5607434640625 0.5207014531249999 0.5364828203124999 0.5331935984375 0.5078110984374999 0.5273149640625 0.4828152375 0.5184969296874999 0.4806096984375 0.5246323515625 0.4101102765625 0.4023932765625 0.41223873125 0.3965146140625 0.4401752359375 0.370795390625 0.4364993765625 0.3612426171875 0.5350124421875 0.37226511875 0.571035884375 0.35462910625 0.6305848093749999
0 0.2532404171875 0.6091344515625 0.357586734375 0.6216323546875 0.3562623921875 0.5292000890625 0.25397523906249997 0.548850309375 0.2532404171875 0.6091344515625
1 0.2571691171875 0.5488970421875 0.222555740625 0.5409865578125 0.20619278593749998 0.5298662609375 0.2047230859375 0.61588136875 0.21795010937499998 0.6026482484375 0.2576311234375 0.6041186828125 0.2571691171875 0.5488970421875
6 0.523640796875 0.48428555937500006 0.5559734640625 0.4857559375 0.5537689546875 0.41444421406250004 0.526580128125 0.41517943125 0.523640796875 0.48428555937500006
2 0.2377905875 0.5453048625 0.254691778125 0.5482455609375 0.26442040312500004 0.33889386250000003 0.2498462125 0.3378523453125 0.2377905875 0.5453048625
2 0.2392602875 0.6893985734375 0.2554266 0.687193034375 0.2571691171875 0.6031249828125 0.24072993281250002 0.6019131437499999 0.2392602875 0.6893985734375
3 0.219419753125 0.53721798125 0.24219957656250002 0.5460400234375 0.249816175 0.3384191015625 0.22456362031250002 0.3365159875 0.219419753125 0.53721798125
3 0.2150107640625 0.6916041125 0.2377905875 0.692339328125 0.23989707187499998 0.6028839734375 0.21721528750000002 0.6019131437499999 0.2150107640625 0.6916041125
2 0.2076443609375 0.5300079484375 0.2183428609375 0.5388552859375 0.2265841765625 0.334724225 0.2138904484375 0.33733160624999997 0.2076443609375 0.5300079484375
2 0.20504182499999998 0.6924809562500001 0.21493144531250002 0.6924809562500001 0.21861979062499998 0.603645821875 0.20660334218749998 0.6159311828125 0.20504182499999998 0.6924809562500001
6 0.5633953890625001 0.654987196875 0.567559440625 0.6627984 0.6040364578124999 0.6615885296874999 0.6019129125 0.653424940625 0.5633953890625001 0.654987196875