5 0.2929606828125 0.6857227124999999 0.7493498203125 0.662932446875 0.732352940625 0.3632352765625 0.5964468921875 0.3144608265625 0.5097365578125 0.320342225 0.5097365578125 0.3357808265625 0.420821703125 0.3387215265625 0.24960550312500002 0.376215290625 0.2929606828125 0.6857227124999999
4 0.41053405156249995 0.543834540625 0.6067345421875 0.5313365812499999 0.5908088234375 0.357720571875 0.494305040625 0.3629821703125 0.49283536874999995 0.3806263109375 0.423026196875 0.38430217187500004 0.392897984375 0.38430217187500004 0.39216321718749997 0.5261904000000001 0.41053405156249995 0.543834540625
0 0.28414270468749997 0.5997076046875 0.5082668859374999 0.6195572281249999 0.49705882343749996 0.5378676296875 0.276794371875 0.5423641625 0.28414270468749997 0.5997076046875
7 0.3766741078125 0.5394234640625 0.36791372187500004 0.48428555937500006 0.40024631718750003 0.48355039843750003 0.3977941171875 0.46158086562499995 0.36791372187500004 0.468111796875 0.34586872031250004 0.47693383906250003 0.3495428875 0.540893840625 0.362712290625 0.5401586796875 0.3766741078125 0.5394234640625
1 0.22019208437499999 0.5358246921875 0.2295760546875 0.5977588953125 0.2671839234375 0.5916206671875 0.2848199359375 0.5967669625 0.27647058750000003 0.5415441015625 0.22019208437499999 0.5358246921875
3 0.237055765625 0.53721798125 0.256161421875 0.5416290015625 0.2341164203125 0.3769504515625 0.21280624218750002 0.38430217187500004 0.237055765625 0.53721798125
3 0.256161421875 0.6960151890625 0.27894124531250003 0.6945447546875 0.263602940625 0.5930146890625 0.24513892187500003 0.5989723890625 0.256161421875 0.6960151890625
2 0.2583659453125 0.5423641625 0.273797434375 0.540893840625 0.2495479109375 0.3725394296875 0.2326467765625 0.3769504515625 0.2583659453125 0.5423641625
2 0.2782064234375 0.6908688953125 0.29804693125 0.690133790625 0.283823528125 0.5976102765625 0.2671839234375 0.5923558843750001 0.2782064234375 0.6908688953125
2 0.2216242765625 0.535747603125 0.2377905875 0.5423641625 0.2102941171875 0.38621321875 0.199579275 0.38797803124999997 0.2216242765625 0.535747603125
2 0.24587374374999998 0.69380965 0.25910076718749997 0.69380965 0.2415441171875 0.59393380625 0.23044225468750001 0.6041186828125 0.24587374374999998 0.69380965