5 0.3387215265625 0.579178296875 0.376215290625 0.750394496875 0.6857227124999999 0.7070393171875 0.662932446875 0.2506501796875 0.3632352765625 0.267647059375 0.3144608265625 0.4035531078125 0.320342225 0.49026344218749995 0.3357808265625 0.49026344218749995 0.3387215265625 0.579178296875
4 0.38430217187500004 0.607102015625 0.5261904000000001 0.6078367828125 0.543834540625 0.5894659484375 0.5313365812499999 0.3932654578125 0.357720571875 0.40919117656250004 0.3629821703125 0.505694959375 0.3806263109375 0.50716463125 0.38430217187500004 0.576973803125 0.38430217187500004 0.607102015625
0 0.5378676296875 0.5029411765625 0.5423641625 0.723205628125 0.5997076046875 0.7158572953125 0.6195572281249999 0.49173311406250003 0.5378676296875 0.5029411765625
7 0.540893840625 0.6504571125 0.5401586796875 0.637287709375 0.5394234640625 0.6233258921875 0.48428555937500006 0.632086278125 0.48355039843750003 0.5997536828125 0.46158086562499995 0.6022058828125 0.468111796875 0.632086278125 0.47693383906250003 0.6541312796875001 0.540893840625 0.6504571125
1 0.5967669625 0.7151800640625 0.5415441015625 0.7235294125 0.5358246921875 0.779807915625 0.5977588953125 0.7704239453125 0.5916206671875 0.7328160765625 0.5967669625 0.7151800640625
3 0.3769504515625 0.7658835796875 0.38430217187500004 0.7871937578125 0.53721798125 0.762944234375 0.5416290015625 0.743838578125 0.3769504515625 0.7658835796875
3 0.5930146890625 0.736397059375 0.5989723890625 0.754861078125 0.6960151890625 0.743838578125 0.6945447546875 0.7210587546875 0.5930146890625 0.736397059375
2 0.3725394296875 0.7504520890624999 0.3769504515625 0.7673532234375 0.5423641625 0.7416340546875 0.540893840625 0.726202565625 0.3725394296875 0.7504520890624999
2 0.5976102765625 0.716176471875 0.5923558843750001 0.7328160765625 0.6908688953125 0.7217935765625 0.690133790625 0.70195306875 0.5976102765625 0.716176471875
2 0.38621321875 0.7897058828125 0.38797803124999997 0.800420725 0.535747603125 0.7783757234375 0.5423641625 0.7622094125000001 0.38621321875 0.7897058828125
2 0.59393380625 0.7584558828125 0.6041186828125 0.7695577453125 0.69380965 0.75412625625 0.69380965 0.7408992328124999 0.59393380625 0.7584558828125