5 0.3142772875 0.2929606828125 0.337067553125 0.7493498203125 0.6367647234375 0.732352940625 0.6855391734375 0.5964468921875 0.679657775 0.5097365578125 0.6642191734375 0.5097365578125 0.6612784734375 0.420821703125 0.623784709375 0.24960550312500002 0.3142772875 0.2929606828125
4 0.456165459375 0.41053405156249995 0.46866341875 0.6067345421875 0.6422794281249999 0.5908088234375 0.6370178296875 0.494305040625 0.6193736890625 0.49283536874999995 0.615697828125 0.423026196875 0.615697828125 0.392897984375 0.47380959999999994 0.39216321718749997 0.456165459375 0.41053405156249995
0 0.40029239531250005 0.28414270468749997 0.380442771875 0.5082668859374999 0.46213237031250004 0.49705882343749996 0.4576358375 0.276794371875 0.40029239531250005 0.28414270468749997
7 0.4605765359375 0.3766741078125 0.5157144406249999 0.36791372187500004 0.5164496015625 0.40024631718750003 0.538419134375 0.3977941171875 0.5318882031250001 0.36791372187500004 0.5230661609375 0.34586872031250004 0.459106159375 0.3495428875 0.4598413203125 0.362712290625 0.4605765359375 0.3766741078125
1 0.46417530781250005 0.22019208437499999 0.40224110468749996 0.2295760546875 0.4083793328125 0.2671839234375 0.4032330375 0.2848199359375 0.45845589843749995 0.27647058750000003 0.46417530781250005 0.22019208437499999
3 0.46278201875 0.237055765625 0.4583709984375 0.256161421875 0.6230495484375 0.2341164203125 0.615697828125 0.21280624218750002 0.46278201875 0.237055765625
3 0.30398481093749996 0.256161421875 0.3054552453125 0.27894124531250003 0.4069853109375 0.263602940625 0.4010276109375 0.24513892187500003 0.30398481093749996 0.256161421875
2 0.4576358375 0.2583659453125 0.459106159375 0.273797434375 0.6274605703125 0.2495479109375 0.6230495484375 0.2326467765625 0.4576358375 0.2583659453125
2 0.3091311046875 0.2782064234375 0.309866209375 0.29804693125 0.4023897234375 0.283823528125 0.40764411562499997 0.2671839234375 0.3091311046875 0.2782064234375
2 0.464252396875 0.2216242765625 0.4576358375 0.2377905875 0.61378678125 0.2102941171875 0.6120219687499999 0.199579275 0.464252396875 0.2216242765625
2 0.30619035 0.24587374374999998 0.30619035 0.25910076718749997 0.40606619374999997 0.2415441171875 0.3958813171875 0.23044225468750001 0.30619035 0.24587374374999998