5 0.3917708234375 0.774583334375 0.7052262703125 0.7128227453125 0.61399144375 0.22539976093749997 0.29571095000000003 0.2899426296875 0.3917708234375 0.774583334375
0 0.587329165625 0.4081887671875 0.5506686375000001 0.23996090625000002 0.4731814765625 0.2566171296875 0.499010509375 0.3911161296875 0.5148412265625 0.3865356734375 0.519840384375 0.419431721875 0.587329165625 0.4081887671875
1 0.471931671875 0.23871169218750002 0.483854284375 0.25360638281250003 0.5535848062500001 0.23954451406250002 0.56399974375 0.2191406265625 0.471931671875 0.23871169218750002
7 0.29541665781250004 0.291770834375 0.299876925 0.30741861406250004 0.4898453765625 0.2707749328125 0.48692917500000005 0.25453510156250003 0.29541665781250004 0.291770834375
7 0.5511458234375 0.2376354171875 0.552751625 0.2545467703125 0.6169076140625 0.2449694375 0.6135748203125 0.22706401562499998 0.5511458234375 0.2376354171875
7 0.6114918328125001 0.4969941140625 0.622739953125 0.494079271875 0.60357650625 0.3983059875 0.5860416578125001 0.40062499999999995 0.5869126062500001 0.4112145625 0.5952445562500001 0.40746691406249996 0.60982546875 0.48241991874999995 0.6114918328125001 0.4969941140625
7 0.455029675 0.42125471093750005 0.45770776093750004 0.4016241890625 0.48151342656249996 0.391610878125 0.49906249062499997 0.3896875 0.4956777484375 0.37828588750000003 0.3873623984375 0.4061850734375 0.3987889859375 0.43553149375 0.455029675 0.42125471093750005
6 0.6407291578125001 0.5725 0.6464860609375 0.6099052921875 0.68689600625 0.6040756234375 0.6777308734374999 0.5645170921875 0.6407291578125001 0.5725
4 0.6027433234374999 0.442028575 0.5960777390625001 0.4053848859375 0.5206735984375 0.418293453125 0.5190072015625 0.40746691406249996 0.511925025 0.3924763109375 0.4856794015625 0.39081068750000003 0.45276819375 0.40829973593749996 0.45276819375 0.41496221093749996 0.390695159375 0.4291526359375 0.419023803125 0.5507757046874999 0.43964001406250003 0.5480901109375 0.5364108703125 0.53057125 0.5389135640625 0.5656089734374999 0.5814968265625 0.55862216875 0.6206569656250001 0.5519596546875001 0.6027433234374999 0.442028575
2 0.292812490625 0.27458333437500004 0.29654413281249997 0.2915756234375 0.48651258437499995 0.25368270625 0.4723482625 0.2416069609375 0.292812490625 0.27458333437500004
2 0.5636458234374999 0.2209375 0.552751625 0.23952493281249998 0.6156578078125 0.2257835359375 0.6127416390625 0.210792934375 0.5636458234374999 0.2209375
6 0.5272343234375 0.53057125 0.43713731874999995 0.5472558796875 0.4721750421875 0.599812465625 0.5681116687500001 0.588133225 0.5681116687500001 0.5631062796874999 0.541416259375 0.5681116687500001 0.5272343234375 0.53057125