5 0.38600855625 0.7746002390625 0.7042890500000001 0.7100573703124999 0.6082291765625001 0.22541666562499998 0.29477372968750004 0.2871772546875 0.38600855625 0.7746002390625
0 0.5268185234375 0.7433828703125 0.500989490625 0.6088838703125 0.4851587734375 0.6134643265624999 0.480159615625 0.580568278125 0.41267083437499996 0.5918112328125 0.4493313625 0.76003909375 0.5268185234375 0.7433828703125
1 0.44641519374999994 0.7604554859375 0.43600025625 0.7808593734375 0.528068328125 0.7612883078125 0.516145715625 0.7463936171875 0.44641519374999994 0.7604554859375
7 0.5101546234375001 0.7292250671875 0.513070825 0.7454648984375 0.7045833421875 0.7082291656249999 0.700123075 0.6925813859375001 0.5101546234375001 0.7292250671875
7 0.3830923859375 0.7550305625 0.3864251796875 0.772935984375 0.44885417656250004 0.7623645828125001 0.44724837500000003 0.7454532296874999 0.3830923859375 0.7550305625
7 0.39642349375 0.6016940125 0.4139583421875 0.599375 0.41308739375 0.5887854375 0.40475544374999994 0.5925330859375 0.39017453125 0.51758008125 0.38850816718750003 0.5030058859375 0.377260046875 0.505920728125 0.39642349375 0.6016940125
7 0.5184865734375 0.6083891218749999 0.500937509375 0.6103125 0.5043222515625 0.6217141125000001 0.6126376015624999 0.5938149265625 0.6012110140625 0.56446850625 0.544970325 0.5787452890625 0.5422922390625 0.5983758109374999 0.5184865734375 0.6083891218749999
6 0.31310399375000003 0.3959243765625 0.3222691265625 0.43548290781250004 0.3592708421875 0.42750000000000005 0.3535139390625 0.3900947078125 0.31310399375000003 0.3959243765625
4 0.47932640156249995 0.581706546875 0.48099279843750004 0.5925330859375 0.48807497499999997 0.6075236890625 0.5143205984375 0.6091893125000001 0.54723180625 0.5917002640625 0.54723180625 0.5850377890625 0.609304840625 0.5708473640625 0.580976196875 0.4492242953125 0.5603599859374999 0.4519098890625 0.4635891296875 0.46942874999999995 0.46108643593750004 0.43439102656250006 0.41850317343750004 0.44137783124999996 0.379343034375 0.4480403453125 0.39725667656249997 0.5579714250000001 0.4039222609375 0.5946151140625 0.47932640156249995 0.581706546875
2 0.513487415625 0.74631729375 0.5276517375 0.7583930390625 0.707187509375 0.725416665625 0.7034558671875 0.7084243765625 0.513487415625 0.74631729375
2 0.3843421921875 0.7742164640625 0.3872583609375 0.789207065625 0.43635417656250003 0.7790625 0.44724837500000003 0.7604750671875 0.3843421921875 0.7742164640625
6 0.5278249578125 0.400187534375 0.43188833125 0.411866775 0.43188833125 0.4368937203125 0.45858374062499996 0.43188833125 0.4727656765625 0.46942874999999995 0.56286268125 0.4527441203125 0.5278249578125 0.400187534375