5 0.22539976093749997 0.38600855625 0.2899426296875 0.7042890500000001 0.774583334375 0.6082291765625001 0.7128227453125 0.29477372968750004 0.22539976093749997 0.38600855625
0 0.2566171296875 0.5268185234375 0.3911161296875 0.500989490625 0.3865356734375 0.4851587734375 0.419431721875 0.480159615625 0.4081887671875 0.41267083437499996 0.23996090625000002 0.4493313625 0.2566171296875 0.5268185234375
1 0.23954451406250002 0.44641519374999994 0.2191406265625 0.43600025625 0.23871169218750002 0.528068328125 0.25360638281250003 0.516145715625 0.23954451406250002 0.44641519374999994
7 0.2707749328125 0.5101546234375001 0.25453510156250003 0.513070825 0.291770834375 0.7045833421875 0.30741861406250004 0.700123075 0.2707749328125 0.5101546234375001
7 0.2449694375 0.3830923859375 0.22706401562499998 0.3864251796875 0.2376354171875 0.44885417656250004 0.2545467703125 0.44724837500000003 0.2449694375 0.3830923859375
7 0.3983059875 0.39642349375 0.40062499999999995 0.4139583421875 0.4112145625 0.41308739375 0.40746691406249996 0.40475544374999994 0.48241991874999995 0.39017453125 0.4969941140625 0.38850816718750003 0.494079271875 0.377260046875 0.3983059875 0.39642349375
7 0.391610878125 0.5184865734375 0.3896875 0.500937509375 0.37828588750000003 0.5043222515625 0.4061850734375 0.6126376015624999 0.43553149375 0.6012110140625 0.42125471093750005 0.544970325 0.4016241890625 0.5422922390625 0.391610878125 0.5184865734375
6 0.6040756234375 0.31310399375000003 0.5645170921875 0.3222691265625 0.5725 0.3592708421875 0.6099052921875 0.3535139390625 0.6040756234375 0.31310399375000003
4 0.418293453125 0.47932640156249995 0.40746691406249996 0.48099279843750004 0.3924763109375 0.48807497499999997 0.39081068750000003 0.5143205984375 0.40829973593749996 0.54723180625 0.41496221093749996 0.54723180625 0.4291526359375 0.609304840625 0.5507757046874999 0.580976196875 0.5480901109375 0.5603599859374999 0.53057125 0.4635891296875 0.5656089734374999 0.46108643593750004 0.55862216875 0.41850317343750004 0.5519596546875001 0.379343034375 0.442028575 0.39725667656249997 0.4053848859375 0.4039222609375 0.418293453125 0.47932640156249995
2 0.25368270625 0.513487415625 0.2416069609375 0.5276517375 0.27458333437500004 0.707187509375 0.2915756234375 0.7034558671875 0.25368270625 0.513487415625
2 0.2257835359375 0.3843421921875 0.210792934375 0.3872583609375 0.2209375 0.43635417656250003 0.23952493281249998 0.44724837500000003 0.2257835359375 0.3843421921875
6 0.599812465625 0.5278249578125 0.588133225 0.43188833125 0.5631062796874999 0.43188833125 0.5681116687500001 0.45858374062499996 0.53057125 0.4727656765625 0.5472558796875 0.56286268125 0.599812465625 0.5278249578125