5 0.6441061140625 0.234681140625 0.3286317484375 0.2509290546875 0.35699159687500004 0.7656411359375 0.671128653125 0.746058809375 0.6441061140625 0.234681140625
0 0.6201235890625 0.62659208125 0.5407448765625 0.6316564734375001 0.5397803984375 0.6360641890625 0.5370292812499999 0.6880400390625 0.552905040625 0.7515137843749999 0.6238392078125 0.7471246218750001 0.6201235890625 0.62659208125
7 0.541082678125 0.6995193265624999 0.5377048359375001 0.6850014046874999 0.482308621875 0.6883776671875 0.48332197812500005 0.67115873125 0.463766884375 0.6723817578125 0.47183739375 0.7008698359375 0.4829842015625 0.7042460984375001 0.541082678125 0.6995193265624999
1 0.6322837515625 0.7994566734374999 0.6235014062500001 0.7879773796875 0.624176959375 0.7467869874999999 0.55358059375 0.750838503125 0.5599984265625 0.769745575 0.56337624375 0.7883150140625 0.5559450546875 0.8045210656249999 0.6322837515625 0.7994566734374999
3 0.360304046875 0.7817567578125 0.35901828281250003 0.8024953140625 0.5623628875 0.7879773796875 0.560336228125 0.7704208171875 0.360304046875 0.7817567578125
3 0.675857578125 0.7819001375 0.6744932359375 0.765709459375 0.6235014062500001 0.7687326875 0.6248525125 0.7869645296875001 0.675857578125 0.7819001375
2 0.3586148578125 0.7644425671875 0.35901828281250003 0.7829129874999999 0.559660675 0.770083221875 0.552905040625 0.752526634375 0.3586148578125 0.7644425671875
2 0.6255067484375 0.7475506765625 0.6248525125 0.765694059375 0.675857578125 0.761304921875 0.6724797609375 0.7430731046875 0.6255067484375 0.7475506765625
2 0.36072634375 0.8037162171875 0.3603694140625 0.8193766218749999 0.555607253125 0.8028329359375 0.5637140453125 0.790340790625 0.36072634375 0.8037162171875
2 0.6785598421875 0.7970933140625001 0.677208684375 0.78358826875 0.6269913484375 0.7883044828125 0.6339726609375 0.8008071843750001 0.6785598421875 0.7970933140625001
6 0.561349584375 0.5008628484375001 0.5478383140624999 0.47081413593750004 0.43209458749999996 0.47728040624999996 0.434005846875 0.5190946656250001 0.5356781500000001 0.5153807703125 0.5366914796875 0.498837096875 0.561349584375 0.5008628484375001
4 0.4576505703125 0.6585607359375001 0.456974990625 0.6747667749999999 0.49210429843750003 0.675104396875 0.491766521875 0.6683518734375 0.50088661875 0.6693647625 0.5015621984374999 0.653158696875 0.5393937703125 0.6524834546875 0.5397315203125 0.6298625125 0.6265414203125 0.6254733625 0.620000553125 0.5274442328125 0.53568555 0.5337837078125001 0.5350516015625 0.516667128125 0.40664550468750005 0.5204716296874999 0.40633445156250003 0.5266891890625 0.40867221562499995 0.5829324734375 0.411036678125 0.6511329453125 0.41272558593750003 0.6599112203125 0.4576505703125 0.6585607359375001