5 0.643008403125 0.2343588640625 0.328871346875 0.253941190625 0.3558938859375 0.765318859375 0.6713682515625 0.7490709453125 0.643008403125 0.2343588640625
0 0.4602196015625 0.3639358109375 0.46297071875 0.3119599609375 0.44709495937500005 0.248486215625 0.3761607921875 0.252875378125 0.3798764109375 0.37340791875 0.45925512343749997 0.3683435265625 0.4602196015625 0.3639358109375
7 0.517691378125 0.31162233281249996 0.516678021875 0.32884126875 0.536233115625 0.3276182421875 0.52816260625 0.29913016406250004 0.5170157984375 0.29575390156250003 0.458917321875 0.30048067343749996 0.4622951640625 0.31499859531249996 0.517691378125 0.31162233281249996
1 0.375823040625 0.2532130125 0.44641940625 0.249161496875 0.44000157343749996 0.23025442499999998 0.43662375625000005 0.2116849859375 0.44405494531249995 0.195478934375 0.3677162484375 0.20054332656249999 0.37649859375 0.21202262031250002 0.375823040625 0.2532130125
3 0.43763711250000004 0.21202262031250002 0.439663771875 0.2295791828125 0.639695953125 0.21824324218750002 0.6409817171875 0.19750468593749998 0.43763711250000004 0.21202262031250002
3 0.37649859375 0.2312673125 0.3751474875 0.2130354703125 0.32414242187500003 0.2180998625 0.3255067640625 0.234290540625 0.37649859375 0.2312673125
2 0.44033932499999995 0.229916778125 0.44709495937500005 0.24747336562500002 0.6413851421875 0.2355574328125 0.6409817171875 0.2170870125 0.44033932499999995 0.229916778125
2 0.32414242187500003 0.238695078125 0.3275202390625 0.2569268953125 0.3744932515625 0.2524493234375 0.3751474875 0.23430594062500001 0.32414242187500003 0.238695078125
2 0.444392746875 0.1971670640625 0.4362859546875 0.209659209375 0.63927365625 0.1962837828125 0.6396305859375 0.180623378125 0.444392746875 0.1971670640625
2 0.3730086515625 0.2116955171875 0.3660273390625 0.199192815625 0.3214401578125 0.2029066859375 0.322791315625 0.21641173125000002 0.3730086515625 0.2116955171875
6 0.5679054125 0.52271959375 0.565994153125 0.48090533437499994 0.46432185 0.48461922968750004 0.46330852031249997 0.501162903125 0.438650415625 0.49913715156249994 0.45216168593750006 0.5291858640625 0.5679054125 0.52271959375
4 0.5078957015625 0.324895603125 0.508233478125 0.3316481265625 0.49911338125000004 0.3306352375 0.49843780156250006 0.346841303125 0.4606062296875 0.3475165453125 0.46026847968749995 0.3701374875 0.37345857968749996 0.3745266375 0.379999446875 0.47255576718750003 0.46431445 0.4662162921875 0.4649483984375 0.48333287187499996 0.5933544953125 0.47952837031250006 0.5936655484375 0.47331081093750005 0.591327784375 0.4170675265625 0.588963321875 0.3488670546875 0.5872744140624999 0.3400887796875 0.5423494296875 0.3414392640625 0.543025009375 0.32523322499999996 0.5078957015625 0.324895603125