5 0.7848214421875 0.871875 0.45572585468750004 0.1175236328125 0.3551473515625 0.1508360703125 0.20933822812499997 0.1800310921875 0.3158681234375 0.883943021875 0.7848214421875 0.871875
0 0.2578567734375 0.1706398921875 0.29331460468750004 0.338985584375 0.325340525 0.3338800484375 0.41173745000000006 0.3085053328125 0.3945528265625 0.280397953125 0.369947525 0.2776653046875 0.3453422234375 0.28195945 0.34378000625 0.28274024375 0.3058956546875 0.16205155468750002 0.2578567734375 0.1706398921875
1 0.23598538125 0.115986675 0.26020012812500004 0.17181105937500002 0.30800782187500003 0.1615234375 0.30266597968750003 0.10381950312499999 0.23598538125 0.115986675
3 0.449609384375 0.10634765625 0.439076675 0.08745834062499999 0.3804926375 0.1104907640625 0.3043334078125 0.1311809296875 0.3058956546875 0.1546037421875 0.3992395359375 0.12649636250000001 0.449609384375 0.10634765625
3 0.2000538578125 0.149138384375 0.2043500140625 0.1678766625 0.2547322796875 0.15928829375 0.24731163125000002 0.14055004531249998 0.2000538578125 0.149138384375
2 0.438378915625 0.0873046875 0.42735985625 0.06598742656249999 0.373462571875 0.087067965625 0.30238060624999996 0.1038542984375 0.302771190625 0.1311809296875 0.366432478125 0.11673685781250001 0.438378915625 0.0873046875
2 0.192633209375 0.1257155703125 0.19927275 0.1471864828125 0.24648438437500003 0.141015625 0.2363759640625 0.11673685781250001 0.192633209375 0.1257155703125
2 0.455468759375 0.1146484375 0.448840678125 0.1061965734375 0.39728673593749997 0.129619371875 0.3043334078125 0.151871078125 0.307067346875 0.1600690578125 0.3894755328125 0.14055004531249998 0.455468759375 0.1146484375
2 0.20395945937499999 0.16865739531249999 0.2074745078125 0.1811495953125 0.25820313437500003 0.1712890625 0.25746618906249996 0.160849790625 0.20395945937499999 0.16865739531249999
6 0.40540535625 0.48231632500000005 0.34299886874999996 0.49910267187499996 0.33362541874999996 0.47060491718749997 0.285195984375 0.48231632500000005 0.3086295921875 0.5580500953125 0.419548653125 0.5346272812499999 0.40540535625 0.48231632500000005
4 0.371426634375 0.3152029765625 0.325731109375 0.335441575 0.27066213281249996 0.33745466875 0.29995411562499996 0.4455899953125 0.3202632609375 0.44129580468749996 0.342525178125 0.49555866249999997 0.405175790625 0.4837890625 0.4151693609375 0.5201832109375 0.487032434375 0.5018353359375001 0.4768778765625 0.46748187812499997 0.4987492390625 0.4631877015625 0.4569593140625 0.29685511875000004 0.371426634375 0.3152029765625
6 0.45930266875000003 0.26943671406249997 0.43500173750000004 0.2670107484375 0.394469690625 0.28192888437499997 0.4124354515625 0.3076939734375 0.455468759375 0.2943359375 0.45930266875000003 0.26943671406249997
6 0.28342414374999997 0.4778772625 0.2533429984375 0.4778772625 0.3178025953125 0.8839727249999999 0.7872833296875 0.8753781125 0.60249915 0.459613709375 0.5648977187499999 0.4853975484375 0.513330040625 0.51547869375 0.519776 0.567046371875 0.5272962875 0.58208694375 0.4789515890625 0.58960723125 0.388708153125 0.5863842515625 0.3092079828125 0.55630310625 0.28342414374999997 0.4778772625