5 0.128125 0.7848214421875 0.8824763671875001 0.45572585468750004 0.8491639296875 0.3551473515625 0.8199689078124999 0.20933822812499997 0.116056978125 0.3158681234375 0.128125 0.7848214421875
0 0.8293601078125 0.2578567734375 0.661014415625 0.29331460468750004 0.6661199515625 0.325340525 0.6914946671875 0.41173745000000006 0.719602046875 0.3945528265625 0.7223346953124999 0.369947525 0.71804055 0.3453422234375 0.71725975625 0.34378000625 0.8379484453125 0.3058956546875 0.8293601078125 0.2578567734375
1 0.884013325 0.23598538125 0.828188940625 0.26020012812500004 0.8384765625 0.30800782187500003 0.896180496875 0.30266597968750003 0.884013325 0.23598538125
3 0.89365234375 0.449609384375 0.912541659375 0.439076675 0.8895092359375001 0.3804926375 0.8688190703125 0.3043334078125 0.8453962578124999 0.3058956546875 0.8735036375 0.3992395359375 0.89365234375 0.449609384375
3 0.850861615625 0.2000538578125 0.8321233375 0.2043500140625 0.8407117062499999 0.2547322796875 0.8594499546875 0.24731163125000002 0.850861615625 0.2000538578125
2 0.9126953125 0.438378915625 0.9340125734375 0.42735985625 0.912932034375 0.373462571875 0.8961457015625 0.30238060624999996 0.8688190703125 0.302771190625 0.8832631421875 0.366432478125 0.9126953125 0.438378915625
2 0.8742844296875001 0.192633209375 0.8528135171875 0.19927275 0.858984375 0.24648438437500003 0.8832631421875 0.2363759640625 0.8742844296875001 0.192633209375
2 0.8853515625 0.455468759375 0.8938034265624999 0.448840678125 0.8703806281249999 0.39728673593749997 0.848128921875 0.3043334078125 0.8399309421875 0.307067346875 0.8594499546875 0.3894755328125 0.8853515625 0.455468759375
2 0.8313426046875 0.20395945937499999 0.8188504046875 0.2074745078125 0.8287109375 0.25820313437500003 0.8391502093750001 0.25746618906249996 0.8313426046875 0.20395945937499999
6 0.517683675 0.40540535625 0.500897328125 0.34299886874999996 0.5293950828125 0.33362541874999996 0.517683675 0.285195984375 0.4419499046875 0.3086295921875 0.46537271875 0.419548653125 0.517683675 0.40540535625
4 0.6847970234375 0.371426634375 0.664558425 0.325731109375 0.66254533125 0.27066213281249996 0.5544100046875 0.29995411562499996 0.5587041953125 0.3202632609375 0.5044413375000001 0.342525178125 0.5162109375 0.405175790625 0.47981678906249997 0.4151693609375 0.4981646640625 0.487032434375 0.532518121875 0.4768778765625 0.5368122984375 0.4987492390625 0.70314488125 0.4569593140625 0.6847970234375 0.371426634375
6 0.7305632859375 0.45930266875000003 0.7329892515624999 0.43500173750000004 0.718071115625 0.394469690625 0.6923060265625 0.4124354515625 0.7056640625 0.455468759375 0.7305632859375 0.45930266875000003
6 0.5221227374999999 0.28342414374999997 0.5221227374999999 0.2533429984375 0.11602727500000001 0.3178025953125 0.1246218875 0.7872833296875 0.540386290625 0.60249915 0.5146024515625001 0.5648977187499999 0.48452130625 0.513330040625 0.43295362812500005 0.519776 0.41791305625 0.5272962875 0.41039276874999997 0.4789515890625 0.41361574843750004 0.388708153125 0.44369689375 0.3092079828125 0.5221227374999999 0.28342414374999997