5 0.790661771875 0.8199689078124999 0.6841318765625 0.116056978125 0.2151785578125 0.128125 0.5442741453125 0.8824763671875001 0.6448526484375 0.8491639296875 0.790661771875 0.8199689078124999
0 0.65621999375 0.71725975625 0.6941043453125 0.8379484453125 0.7421432265625 0.8293601078125 0.7066853953125001 0.661014415625 0.674659475 0.6661199515625 0.5882625499999999 0.6914946671875 0.6054471734375 0.719602046875 0.6300524750000001 0.7223346953124999 0.6546577765625 0.71804055 0.65621999375 0.71725975625
1 0.691992178125 0.8384765625 0.6973340203125 0.896180496875 0.76401461875 0.884013325 0.7397998718750001 0.828188940625 0.691992178125 0.8384765625
3 0.6941043453125 0.8453962578124999 0.6007604640624999 0.8735036375 0.550390615625 0.89365234375 0.560923325 0.912541659375 0.6195073625 0.8895092359375001 0.6956665921875 0.8688190703125 0.6941043453125 0.8453962578124999
3 0.7452677203125 0.8407117062499999 0.75268836875 0.8594499546875 0.7999461421875 0.850861615625 0.7956499859374999 0.8321233375 0.7452677203125 0.8407117062499999
2 0.697228809375 0.8688190703125 0.633567521875 0.8832631421875 0.561621084375 0.9126953125 0.5726401437499999 0.9340125734375 0.626537428125 0.912932034375 0.6976193937499999 0.8961457015625 0.697228809375 0.8688190703125
2 0.753515615625 0.858984375 0.7636240359375 0.8832631421875 0.8073667906249999 0.8742844296875001 0.8007272499999999 0.8528135171875 0.753515615625 0.858984375
2 0.692932653125 0.8399309421875 0.6105244671875 0.8594499546875 0.544531240625 0.8853515625 0.5511593218749999 0.8938034265624999 0.6027132640625 0.8703806281249999 0.6956665921875 0.848128921875 0.692932653125 0.8399309421875
2 0.741796865625 0.8287109375 0.7425338109374999 0.8391502093750001 0.796040540625 0.8313426046875 0.7925254921875 0.8188504046875 0.741796865625 0.8287109375
6 0.6913704078125 0.4419499046875 0.580451346875 0.46537271875 0.59459464375 0.517683675 0.65700113125 0.500897328125 0.66637458125 0.5293950828125 0.7148040156250001 0.517683675 0.6913704078125 0.4419499046875
4 0.5012507609375 0.5368122984375 0.5430406859375 0.70314488125 0.628573365625 0.6847970234375 0.674268890625 0.664558425 0.7293378671874999 0.66254533125 0.7000458843749999 0.5544100046875 0.6797367390625 0.5587041953125 0.657474821875 0.5044413375000001 0.594824209375 0.5162109375 0.5848306390625 0.47981678906249997 0.512967565625 0.4981646640625 0.5231221234375 0.532518121875 0.5012507609375 0.5368122984375
6 0.5875645484375001 0.6923060265625 0.544531240625 0.7056640625 0.54069733125 0.7305632859375 0.5649982625 0.7329892515624999 0.605530309375 0.718071115625 0.5875645484375001 0.6923060265625
6 0.611291846875 0.41361574843750004 0.6907920171875 0.44369689375 0.71657585625 0.5221227374999999 0.7466570015625 0.5221227374999999 0.6821974046875 0.11602727500000001 0.2127166703125 0.1246218875 0.39750085 0.540386290625 0.43510228125 0.5146024515625001 0.486669959375 0.48452130625 0.48022400000000004 0.43295362812500005 0.4727037125 0.41791305625 0.5210484109375 0.41039276874999997 0.611291846875 0.41361574843750004