5 0.6713996343749999 0.75500965625 0.62921910625 0.22080632812499998 0.33541665468750004 0.24427083437500002 0.334476384375 0.2483523984375 0.3735324 0.7784324703125 0.6713996343749999 0.75500965625
0 0.594906040625 0.6373288796875001 0.523549096875 0.64296875 0.5127768125000001 0.66811315625 0.5337554921875001 0.7662658999999999 0.6047258249999999 0.75957366875 0.594906040625 0.6373288796875001
1 0.5319196328125 0.7646205359375 0.53197006875 0.8184653015625001 0.5971378125 0.8144499890624999 0.603386815625 0.7609121453125 0.5319196328125 0.7646205359375
2 0.37622766875 0.7863839296874999 0.5368799609375 0.773850434375 0.5346481875 0.7644812984375 0.37485331093749996 0.7769734625 0.37622766875 0.7863839296874999
2 0.605580346875 0.75848214375 0.6042795109375 0.7680504859374999 0.6725717578125 0.763588996875 0.6712326796875 0.7537737359375 0.605580346875 0.75848214375
2 0.38378040156250004 0.8073115796874999 0.39583195781249997 0.829619021875 0.53018464375 0.8202499031249999 0.5355409171875001 0.795265575 0.38378040156250004 0.8073115796874999
2 0.598923271875 0.7899118203125 0.594906040625 0.8153422734375001 0.67524984375 0.808650040625 0.6761425390625 0.7809888421875 0.598923271875 0.7899118203125
3 0.37622766875 0.78359375 0.38378040156250004 0.8095423234375 0.5346481875 0.79749631875 0.5337554921875001 0.7729581328124999 0.37622766875 0.78359375
3 0.6016013578125 0.7684966453125 0.5984768890625001 0.79303483125 0.673464453125 0.7832195875 0.67167899375 0.763588996875 0.6016013578125 0.7684966453125
6 0.4663559765625 0.4100642984375 0.45698250468749996 0.3864183953125 0.444038253125 0.39221834375000003 0.448055415625 0.4194334171875 0.4239523015625 0.42300260468750006 0.4252913453125 0.45334073906250005 0.46769501875 0.4515561359375 0.4663559765625 0.4100642984375
4 0.47428805 0.6446099765625 0.520634528125 0.653458578125 0.51830000625 0.6431006765625 0.5672502203125 0.6373750874999999 0.6115137046875 0.634252053125 0.5940598296874999 0.43068160625 0.550317084375 0.424956028125 0.519072271875 0.43068160625 0.5201137499999999 0.40361524062500004 0.46074863906249997 0.40934081874999995 0.467774675 0.451979428125 0.42221336249999997 0.45306342187500004 0.42039961875 0.4645259828125 0.411798425 0.4712811671875 0.42533783593749996 0.6711558234375 0.47428805 0.6446099765625
6 0.3906979859375 0.3293412578125 0.43491092187499997 0.3293412578125 0.43491092187499997 0.35460579375 0.4944630390625 0.35460579375 0.55130824375 0.3861864609375 0.6424410296875 0.4042325578125 0.6298087625 0.2210646796875 0.3338527828125 0.24632921562500001 0.34919196406249997 0.4042325578125 0.36182423125 0.3690426703125 0.3906979859375 0.3293412578125
6 0.40657972343750004 0.690636921875 0.440715353125 0.7016090890625 0.4748509828125 0.7034377828125 0.49618575 0.7034377828125 0.5193492125 0.69612300625 0.5175205187499999 0.6851508390625 0.49252836093749996 0.686979534375 0.4882614078125 0.6680830249999999 0.4413249171875 0.6717404140625 0.42852405625 0.66991171875 0.417551890625 0.6095648031249999 0.40048407656249996 0.6120030625 0.390121475 0.6418717375 0.39195016875 0.6735691078125 0.40657972343750004 0.690636921875
6 0.396217121875 0.76561339375 0.4260857984375 0.768051653125 0.45168751875 0.7546412265625 0.47119359375 0.7461073203125 0.47728924062500006 0.7363542828125 0.47302228749999997 0.7235534218749999 0.46022142656250004 0.71928646875 0.42181884375 0.7205055984375 0.4029223359375 0.7290395046875 0.396217121875 0.748545578125 0.396217121875 0.76561339375