5 0.24427083437500002 0.6645833453125001 0.2483523984375 0.665523615625 0.7784324703125 0.6264676 0.75500965625 0.328600365625 0.22080632812499998 0.37078089375 0.24427083437500002 0.6645833453125001
0 0.66811315625 0.4872231875 0.7662658999999999 0.4662445078125 0.75957366875 0.395274175 0.6373288796875001 0.405093959375 0.64296875 0.47645090312500005 0.66811315625 0.4872231875
1 0.8144499890624999 0.40286218749999997 0.7609121453125 0.396613184375 0.7646205359375 0.4680803671875 0.8184653015625001 0.46802993125 0.8144499890624999 0.40286218749999997
2 0.7644812984375 0.46535181249999996 0.7769734625 0.6251466890625 0.7863839296874999 0.62377233125 0.773850434375 0.4631200390625 0.7644812984375 0.46535181249999996
2 0.763588996875 0.3274282421875 0.7537737359375 0.3287673203125 0.75848214375 0.394419653125 0.7680504859374999 0.3957204890625 0.763588996875 0.3274282421875
2 0.8202499031249999 0.46981535625 0.795265575 0.4644590828125 0.8073115796874999 0.6162195984375 0.829619021875 0.6041680421875 0.8202499031249999 0.46981535625
2 0.808650040625 0.32475015625000003 0.7809888421875 0.3238574609375 0.7899118203125 0.40107672812499995 0.8153422734375001 0.405093959375 0.808650040625 0.32475015625000003
3 0.79749631875 0.46535181249999996 0.7729581328124999 0.4662445078125 0.78359375 0.62377233125 0.8095423234375 0.6162195984375 0.79749631875 0.46535181249999996
3 0.7832195875 0.326535546875 0.763588996875 0.32832100625 0.7684966453125 0.3983986421875 0.79303483125 0.4015231109375 0.7832195875 0.326535546875
6 0.39221834375000003 0.555961746875 0.4194334171875 0.5519445843749999 0.42300260468750006 0.5760476984375 0.45334073906250005 0.5747086546875 0.4515561359375 0.53230498125 0.4100642984375 0.5336440234375 0.3864183953125 0.5430174953125 0.39221834375000003 0.555961746875
4 0.6431006765625 0.48169999375000006 0.6373750874999999 0.4327497796875 0.634252053125 0.3884862953125 0.43068160625 0.4059401703125 0.424956028125 0.44968291562499996 0.43068160625 0.480927728125 0.40361524062500004 0.47988625 0.40934081874999995 0.5392513609375 0.451979428125 0.532225325 0.45306342187500004 0.5777866375 0.4645259828125 0.57960038125 0.4712811671875 0.588201575 0.6711558234375 0.5746621640625 0.6446099765625 0.52571195 0.653458578125 0.479365471875 0.6431006765625 0.48169999375000006
6 0.35460579375 0.565089078125 0.35460579375 0.5055369609375 0.3861864609375 0.44869175625 0.4042325578125 0.3575589703125 0.2210646796875 0.3701912375 0.24632921562500001 0.6661472171875 0.4042325578125 0.6508080359374999 0.3690426703125 0.63817576875 0.3293412578125 0.6093020140625 0.3293412578125 0.565089078125 0.35460579375 0.565089078125
6 0.7034377828125 0.5251490171875 0.7034377828125 0.50381425 0.69612300625 0.4806507875 0.6851508390625 0.48247948125000006 0.686979534375 0.5074716390625 0.6680830249999999 0.5117385921875 0.6717404140625 0.5586750828125 0.66991171875 0.57147594375 0.6095648031249999 0.582448109375 0.6120030625 0.5995159234375 0.6418717375 0.609878525 0.6735691078125 0.60804983125 0.690636921875 0.5934202765625 0.7016090890625 0.559284646875 0.7034377828125 0.5251490171875
6 0.7546412265625 0.54831248125 0.7461073203125 0.52880640625 0.7363542828125 0.522710759375 0.7235534218749999 0.5269777125 0.71928646875 0.5397785734375 0.7205055984375 0.57818115625 0.7290395046875 0.5970776640625 0.748545578125 0.603782878125 0.76561339375 0.603782878125 0.768051653125 0.5739142015625001 0.7546412265625 0.54831248125