5 0.6264237500000001 0.23857054687499998 0.5912287140625 0.2632962171875 0.21843068125 0.5522760234375 0.37312419218750004 0.757906253125 0.7828087312500001 0.44051850156250005 0.6264237500000001 0.23857054687499998
4 0.57630958125 0.3224671109375 0.55900480625 0.29748271718749997 0.331157978125 0.4733340265625 0.3580766140625 0.497357425 0.3455786609375 0.5357948640625 0.44844624062499994 0.6549509375 0.4667123796875 0.6597556171875001 0.6259403765625 0.53189085 0.5897688999999999 0.4800605125 0.5772709453125 0.48390434375 0.5349703359375 0.43681839375 0.6272626890625 0.3695528765625 0.586884734375 0.31189675625 0.57630958125 0.3224671109375
0 0.5551592765625 0.42624818593749997 0.622355790625 0.5009615375 0.7483964078125 0.39934195 0.713786784375 0.35898266875 0.649374359375 0.39645915 0.60322821875 0.3849279109375 0.5551592765625 0.42624818593749997
7 0.5814318890625 0.457448565625 0.5637264875 0.46889970312499996 0.5766927203125001 0.481640625 0.5928883046875 0.4668176875 0.5814318890625 0.457448565625
1 0.7492187625 0.39765625 0.76551698125 0.387367759375 0.792595821875 0.3821626890625 0.74468710625 0.319701853125 0.7337514296875 0.34572720156250003 0.7150045109375001 0.35873987500000004 0.7492187625 0.39765625
3 0.7644754640625 0.387367759375 0.7472908406250001 0.39829839843750003 0.7837239703125001 0.4419270828125 0.79884476875 0.43317236875000004 0.7644754640625 0.387367759375
3 0.7165667671875 0.35821935625 0.7327099125000001 0.3462477 0.6384547375 0.225490096875 0.624869803125 0.23815104062499998 0.7165667671875 0.35821935625
2 0.7920750640625001 0.38372420625000003 0.76551698125 0.38788825781249997 0.798697928125 0.42955729062500003 0.817070909375 0.414954625 0.7920750640625001 0.38372420625000003
2 0.7311476953125 0.34676821874999997 0.7441663671875001 0.319701853125 0.657201615625 0.20935435 0.6391927203125001 0.22578125 0.7311476953125 0.34676821874999997
6 0.5556519015625 0.4227895234375 0.537185040625 0.43910782812500004 0.5628780625 0.4671966515625 0.5812810625 0.455805896875 0.5556519015625 0.4227895234375
6 0.6354074046875 0.5025083265625 0.6166728921875 0.49983320000000003 0.593120925 0.4671966515625 0.577062771875 0.4765595921875 0.58375366875 0.48378244375 0.621490346875 0.5327372375 0.6142641859375 0.5445077953124999 0.6260401484375 0.5490555015624999 0.6375485000000001 0.537552471875 0.63995720625 0.518826590625 0.6354074046875 0.5025083265625
6 0.6145317968749999 0.3885060109375 0.6378161109375 0.3815506875 0.6447746609375 0.36978012968749996 0.6281812437500001 0.3416913078125 0.6118554375 0.32296544531250004 0.60248818125 0.3087872703125 0.5743864140625 0.2903288765625 0.558528234375 0.29720530312500004 0.574654065625 0.32296544531250004 0.584021321875 0.3184176984375 0.6188139875 0.370047659375 0.6051645406249999 0.3839582640625 0.6145317968749999 0.3885060109375