5 0.37357625 0.761429453125 0.4087712859375 0.7367037828125 0.78156931875 0.44772397656249996 0.6268758078125 0.24209374687500002 0.21719126875 0.5594814984375 0.37357625 0.761429453125
4 0.42369041875 0.6775328890625001 0.44099519374999996 0.7025172828125 0.668842021875 0.5266659734375 0.6419233859375 0.502642575 0.6544213390625 0.4642051359375 0.5515537593750001 0.3450490625 0.5332876203125 0.3402443828125 0.3740596234375 0.46810915 0.4102311 0.5199394875000001 0.42272905468750005 0.51609565625 0.4650296640625 0.56318160625 0.3727373109375 0.6304471234375 0.413115265625 0.68810324375 0.42369041875 0.6775328890625001
0 0.4448407234375 0.5737518140625 0.377644209375 0.4990384625 0.2516035921875 0.60065805 0.286213215625 0.64101733125 0.350625640625 0.60354085 0.39677178125 0.6150720890625 0.4448407234375 0.5737518140625
7 0.4185681109375 0.542551434375 0.4362735125 0.531100296875 0.4233072796875 0.518359375 0.4071116953125 0.5331823124999999 0.4185681109375 0.542551434375
1 0.2507812375 0.60234375 0.23448301875 0.612632240625 0.207404178125 0.6178373109375 0.25531289375 0.680298146875 0.26624857031250004 0.6542727984375001 0.2849954890625 0.641260125 0.2507812375 0.60234375
3 0.2355245359375 0.612632240625 0.252709159375 0.6017016015625 0.2162760296875 0.5580729171875001 0.20115523125 0.56682763125 0.2355245359375 0.612632240625
3 0.2834332328125 0.64178064375 0.2672900875 0.6537523000000001 0.3615452625 0.774509903125 0.375130196875 0.761848959375 0.2834332328125 0.64178064375
2 0.2079249359375 0.6162757937500001 0.23448301875 0.6121117421875 0.201302071875 0.570442709375 0.182929090625 0.585045375 0.2079249359375 0.6162757937500001
2 0.2688523046875 0.6532317812499999 0.2558336328125 0.680298146875 0.342798384375 0.79064565 0.36080727968750004 0.77421875 0.2688523046875 0.6532317812499999
6 0.4443480984375 0.5772104765625 0.462814959375 0.560892171875 0.4371219375 0.5328033484375 0.4187189375 0.5441941031249999 0.4443480984375 0.5772104765625
6 0.3645925953125 0.4974916734375 0.3833271078125 0.5001667999999999 0.406879075 0.5328033484375 0.422937228125 0.5234404078125 0.41624633125 0.51621755625 0.37850965312499996 0.4672627625 0.3857358140625 0.4554922046875 0.3739598515625 0.45094449843750006 0.36245150000000004 0.46244752812499995 0.36004279375000003 0.481173409375 0.3645925953125 0.4974916734375
6 0.38546820312499996 0.6114939890625 0.3621838890625 0.6184493125 0.3552253390625 0.6302198703124999 0.37181875625 0.6583086921875 0.3881445625 0.6770345546875001 0.39751181875 0.6912127296875 0.4256135859375 0.7096711234375 0.44147176562499996 0.7027946968750001 0.425345934375 0.6770345546875001 0.415978678125 0.6815823015625 0.3811860125 0.6299523406249999 0.394835459375 0.6160417359375 0.38546820312499996 0.6114939890625